1.00000	0.00094	0.96141	0.00611	0.00157	0.00942	0.00293	0.00790	0.00777	0.00072	0.00122
1.00000	0.00010	0.00038	0.00514	0.01413	0.00337	0.00145	0.00005	0.96102	0.00373	0.01062
1.00000	0.82841	0.00602	0.00471	0.01299	0.00855	0.02693	0.06731	0.00831	0.01610	0.02068
1.00000	0.00700	0.01242	0.00429	0.02465	0.00803	0.85020	0.00404	0.01052	0.03826	0.04059
1.00000	0.00049	0.00067	0.00323	0.00154	0.92248	0.00907	0.00167	0.02808	0.00070	0.03207
1.00000	0.00337	0.03161	0.01687	0.00423	0.28022	0.05523	0.02202	0.34645	0.02878	0.21121
1.00000	0.00336	0.00030	0.00056	0.00842	0.00167	0.95586	0.00252	0.00109	0.00927	0.01695
1.00000	0.18519	0.00681	0.62924	0.01204	0.04924	0.01580	0.08118	0.01259	0.00571	0.00220
0.00000	0.00149	0.00290	0.01125	0.01246	0.26877	0.00799	0.00180	0.11791	0.00572	0.56969
0.00000	0.03386	0.00771	0.03435	0.05275	0.33953	0.06141	0.04067	0.04153	0.09530	0.29290
1.00000	0.00582	0.83921	0.03859	0.02050	0.01053	0.00460	0.01099	0.02985	0.02986	0.01003
1.00000	0.00330	0.00087	0.98806	0.00070	0.00035	0.00049	0.00476	0.00075	0.00056	0.00015
1.00000	0.00428	0.01862	0.01086	0.00878	0.67876	0.04855	0.00614	0.00900	0.01486	0.20015
1.00000	0.00089	0.93748	0.00671	0.00192	0.00297	0.00792	0.02092	0.00920	0.00493	0.00706
1.00000	0.00426	0.65706	0.07037	0.03925	0.00791	0.02076	0.00293	0.12924	0.02429	0.04393
1.00000	0.00989	0.00747	0.07341	0.30965	0.08433	0.08949	0.08594	0.10440	0.07396	0.16146
1.00000	0.00116	0.95717	0.00620	0.00112	0.00430	0.00273	0.00830	0.01453	0.00290	0.00159
1.00000	0.02785	0.01520	0.00842	0.02150	0.01200	0.11153	0.73937	0.00031	0.05980	0.00400
1.00000	0.00018	0.00053	0.00173	0.00337	0.92931	0.00589	0.00278	0.00188	0.00267	0.05167
1.00000	0.00081	0.00083	0.00194	0.02860	0.26540	0.00310	0.00348	0.00984	0.03007	0.65594
1.00000	0.02426	0.00090	0.01616	0.84754	0.01056	0.06557	0.01377	0.00152	0.01568	0.00403
1.00000	0.00031	0.00025	0.00963	0.00905	0.73165	0.00220	0.00339	0.03557	0.08479	0.12315
1.00000	0.00003	0.00005	0.00021	0.00178	0.04049	0.00012	0.00046	0.00827	0.00123	0.94735
1.00000	0.03666	0.00630	0.05287	0.06842	0.00450	0.01131	0.01190	0.00911	0.77000	0.02894
1.00000	0.00099	0.00045	0.00216	0.00117	0.15470	0.00175	0.00799	0.01677	0.10928	0.70473
1.00000	0.61498	0.00333	0.10694	0.02962	0.00648	0.09449	0.09763	0.00665	0.03176	0.00812
1.00000	0.00654	0.00202	0.00278	0.01372	0.03072	0.00423	0.00051	0.78873	0.00976	0.14100
1.00000	0.02604	0.00298	0.02476	0.00133	0.00583	0.00394	0.85987	0.00159	0.06550	0.00816
1.00000	0.02250	0.01164	0.07922	0.01204	0.15179	0.22932	0.08934	0.01957	0.35440	0.03019
1.00000	0.00473	0.00017	0.02709	0.00066	0.00200	0.00704	0.94070	0.00050	0.00051	0.01660
1.00000	0.03609	0.56640	0.03226	0.08937	0.03182	0.00754	0.00474	0.03103	0.19140	0.00933
1.00000	0.03792	0.00135	0.03910	0.87025	0.00074	0.03812	0.00075	0.00079	0.01019	0.00079
1.00000	0.01104	0.87528	0.03068	0.00718	0.00055	0.00231	0.00387	0.00940	0.04733	0.01236
1.00000	0.01527	0.00864	0.09475	0.00528	0.58507	0.06710	0.06940	0.02181	0.06217	0.07051
1.00000	0.00066	0.00055	0.03098	0.00150	0.00331	0.00221	0.94973	0.00186	0.00253	0.00665
1.00000	0.00341	0.06546	0.75081	0.01361	0.01998	0.00205	0.09033	0.03520	0.01554	0.00361
1.00000	0.00394	0.00169	0.00353	0.00996	0.12880	0.11725	0.01267	0.05073	0.58425	0.08717
1.00000	0.70668	0.00276	0.13242	0.03058	0.01607	0.02995	0.04957	0.00651	0.01450	0.01096
1.00000	0.03576	0.05199	0.03748	0.01307	0.54433	0.05575	0.01250	0.02368	0.00493	0.22051
1.00000	0.00710	0.00274	0.52617	0.03321	0.01045	0.00916	0.01868	0.01769	0.29093	0.08387
1.00000	0.13595	0.02581	0.03030	0.48465	0.00539	0.16279	0.02432	0.00483	0.11787	0.00808
1.00000	0.00150	0.00649	0.92888	0.05249	0.00124	0.00030	0.00355	0.00086	0.00442	0.00027
1.00000	0.97958	0.00021	0.00110	0.00012	0.00050	0.01204	0.00209	0.00065	0.00349	0.00022
1.00000	0.01054	0.00106	0.03690	0.00822	0.25938	0.00752	0.01653	0.01079	0.02074	0.62831
1.00000	0.04931	0.05315	0.61252	0.08793	0.00910	0.03124	0.03653	0.00207	0.11535	0.00280
1.00000	0.00441	0.93321	0.02400	0.00875	0.00433	0.00210	0.00784	0.00625	0.00630	0.00280
1.00000	0.00310	0.01296	0.06922	0.80203	0.00102	0.04355	0.00549	0.04851	0.00811	0.00601
1.00000	0.01070	0.02720	0.01529	0.79102	0.00711	0.02167	0.00086	0.05153	0.07201	0.00261
0.00000	0.00371	0.00830	0.00258	0.46062	0.00389	0.03993	0.00025	0.00431	0.46350	0.01292
1.00000	0.02307	0.00845	0.01416	0.14677	0.00607	0.63046	0.08988	0.00784	0.04284	0.03046
0.00000	0.01358	0.00573	0.08193	0.00571	0.31530	0.08282	0.09072	0.02040	0.32225	0.06157
1.00000	0.01652	0.02084	0.00134	0.02656	0.00242	0.06615	0.85034	0.00074	0.01437	0.00072
1.00000	0.01348	0.04863	0.05285	0.05854	0.00301	0.00845	0.00067	0.68019	0.04557	0.08861
1.00000	0.02275	0.00591	0.00554	0.00842	0.01289	0.01720	0.01114	0.78776	0.01182	0.11658
1.00000	0.01766	0.01476	0.00398	0.13114	0.01126	0.75749	0.00112	0.00210	0.05804	0.00245
1.00000	0.00432	0.00533	0.07643	0.00749	0.24391	0.00964	0.01210	0.04761	0.06082	0.53237
1.00000	0.00189	0.00389	0.04083	0.00206	0.83773	0.00765	0.02967	0.01878	0.01428	0.04324
1.00000	0.02512	0.00234	0.00942	0.05801	0.74948	0.01360	0.01915	0.06580	0.00168	0.05539
1.00000	0.63104	0.01284	0.03712	0.05927	0.01914	0.06735	0.06245	0.00771	0.02023	0.08284
1.00000	0.02553	0.00303	0.00331	0.03279	0.05637	0.06819	0.00278	0.01003	0.50871	0.28927
1.00000	0.01170	0.00511	0.00819	0.10116	0.07251	0.61151	0.06241	0.00408	0.02661	0.09672
1.00000	0.47578	0.03132	0.02739	0.05239	0.06884	0.08820	0.04833	0.11677	0.05212	0.03885
1.00000	0.01269	0.00029	0.00249	0.00695	0.62821	0.06883	0.01311	0.01539	0.04887	0.20317
1.00000	0.00014	0.00274	0.00032	0.00644	0.14917	0.00056	0.00147	0.03021	0.00307	0.80587
1.00000	0.00135	0.00081	0.01798	0.08214	0.00344	0.00056	0.00027	0.88158	0.00400	0.00786
1.00000	0.00148	0.00217	0.00061	0.00099	0.06641	0.00138	0.00060	0.86973	0.00252	0.05411
1.00000	0.12214	0.01892	0.04152	0.01447	0.08596	0.04274	0.06854	0.07085	0.00775	0.52711
1.00000	0.00120	0.00222	0.00726	0.10128	0.00452	0.00110	0.00054	0.84159	0.03256	0.00772
1.00000	0.00039	0.00068	0.00069	0.00642	0.12990	0.00073	0.00150	0.11742	0.01042	0.73186
1.00000	0.10910	0.00490	0.09556	0.05073	0.08075	0.00470	0.51451	0.05028	0.04152	0.04795
1.00000	0.73651	0.00207	0.04435	0.00698	0.00805	0.06391	0.07445	0.02761	0.02433	0.01174
1.00000	0.08112	0.00212	0.00932	0.21959	0.00948	0.55761	0.03377	0.01887	0.05792	0.01019
1.00000	0.00230	0.00748	0.00227	0.00286	0.00804	0.84706	0.00221	0.03612	0.05581	0.03584
1.00000	0.05917	0.00088	0.10296	0.07156	0.07978	0.00162	0.63461	0.01414	0.01246	0.02282
1.00000	0.01132	0.00046	0.05472	0.00108	0.02632	0.07577	0.76472	0.00099	0.04828	0.01633
1.00000	0.00818	0.03463	0.06519	0.00110	0.08005	0.73308	0.01893	0.01915	0.02632	0.01337
1.00000	0.03027	0.01338	0.03734	0.01670	0.06720	0.03638	0.00123	0.37617	0.17982	0.24151
1.00000	0.35145	0.01928	0.12330	0.02440	0.03656	0.17649	0.01618	0.22411	0.00946	0.01876
1.00000	0.00031	0.00020	0.00094	0.00126	0.00584	0.00073	0.00045	0.94118	0.00100	0.04808
1.00000	0.01228	0.00563	0.00281	0.00738	0.01093	0.76602	0.00082	0.07045	0.11323	0.01045
1.00000	0.00099	0.00142	0.00180	0.01656	0.13383	0.00255	0.00187	0.02319	0.00544	0.81236
1.00000	0.00648	0.01252	0.00602	0.01868	0.60395	0.01396	0.11432	0.02767	0.04866	0.14774
1.00000	0.00125	0.00231	0.00595	0.00292	0.90092	0.02483	0.00758	0.02620	0.00096	0.02708
1.00000	0.00050	0.00012	0.00150	0.00370	0.27111	0.00036	0.00254	0.01578	0.01175	0.69265
1.00000	0.00031	0.00161	0.98642	0.01027	0.00019	0.00008	0.00051	0.00013	0.00045	0.00002
1.00000	0.88882	0.00207	0.00854	0.01701	0.00064	0.00638	0.05763	0.00513	0.01096	0.00282
1.00000	0.02821	0.01213	0.61304	0.05093	0.03293	0.05931	0.08076	0.01103	0.09622	0.01545
0.00000	0.00082	0.00307	0.00087	0.00314	0.19017	0.00741	0.00152	0.39037	0.00308	0.39957
1.00000	0.00129	0.91438	0.00951	0.00253	0.00148	0.00937	0.01900	0.02924	0.00309	0.01011
1.00000	0.02029	0.04474	0.04253	0.59854	0.01483	0.10339	0.02643	0.00874	0.13516	0.00536
1.00000	0.00599	0.02048	0.93883	0.00282	0.00620	0.00803	0.00829	0.00482	0.00329	0.00126
1.00000	0.67937	0.00159	0.13568	0.02266	0.02660	0.03614	0.06319	0.00407	0.00613	0.02458
1.00000	0.01333	0.00226	0.09134	0.00106	0.00706	0.04843	0.83266	0.00038	0.00295	0.00055
1.00000	0.00470	0.85325	0.07598	0.00749	0.00092	0.00090	0.00243	0.00429	0.03634	0.01368
1.00000	0.00430	0.00036	0.00096	0.04547	0.00544	0.00047	0.00083	0.91302	0.00142	0.02772
1.00000	0.03270	0.00488	0.01700	0.00701	0.16192	0.02545	0.00458	0.48425	0.19022	0.07199
0.00000	0.06038	0.01218	0.00822	0.02096	0.38942	0.05701	0.00607	0.27191	0.04348	0.13036
0.00000	0.00295	0.00040	0.00052	0.00312	0.23190	0.00380	0.00121	0.05863	0.11135	0.58611
1.00000	0.00991	0.00185	0.04100	0.00288	0.86300	0.00347	0.01331	0.02001	0.03115	0.01341
1.00000	0.00186	0.00037	0.00061	0.00555	0.01188	0.00113	0.00015	0.94743	0.00817	0.02284
1.00000	0.01575	0.03218	0.05319	0.00599	0.13106	0.13851	0.01252	0.43951	0.06083	0.11047
1.00000	0.00549	0.00726	0.13328	0.00870	0.38631	0.00363	0.41623	0.00791	0.00377	0.02743
1.00000	0.00067	0.00011	0.00954	0.00477	0.00039	0.00018	0.00005	0.00015	0.98221	0.00194
0.00000	0.05156	0.00894	0.05552	0.01278	0.46731	0.03068	0.10316	0.11660	0.02803	0.12542
1.00000	0.14520	0.04015	0.33557	0.15527	0.00988	0.07842	0.03251	0.00070	0.20121	0.00109
1.00000	0.00227	0.00090	0.00592	0.00481	0.00051	0.81454	0.00066	0.00709	0.16186	0.00143
1.00000	0.05976	0.00299	0.06308	0.00527	0.68551	0.02371	0.06513	0.02215	0.00982	0.06261
1.00000	0.06520	0.00625	0.02760	0.70800	0.00454	0.06884	0.03276	0.02819	0.04949	0.00914
1.00000	0.00075	0.00022	0.00033	0.00190	0.76441	0.00780	0.00144	0.01721	0.00668	0.19927
1.00000	0.00143	0.00011	0.00029	0.01014	0.00147	0.00017	0.00009	0.97763	0.00073	0.00795
0.00000	0.20697	0.01152	0.12639	0.13514	0.04258	0.15236	0.04461	0.05806	0.02916	0.19321
1.00000	0.00272	0.00065	0.01077	0.01427	0.00253	0.00133	0.00077	0.00121	0.95044	0.01531
1.00000	0.00131	0.00050	0.00148	0.04165	0.00487	0.00066	0.00134	0.02343	0.90259	0.02216
1.00000	0.00285	0.03220	0.00409	0.02883	0.05542	0.00402	0.00050	0.77970	0.00789	0.08451
1.00000	0.01135	0.84259	0.01602	0.01294	0.04736	0.02565	0.00220	0.01763	0.00672	0.01755
1.00000	0.07171	0.04521	0.04254	0.63986	0.00059	0.14626	0.00493	0.00485	0.04322	0.00083
1.00000	0.00730	0.00034	0.01527	0.00148	0.00283	0.00626	0.96069	0.00223	0.00277	0.00083
1.00000	0.00048	0.00028	0.00071	0.00035	0.14642	0.00058	0.00170	0.00429	0.05879	0.78640
1.00000	0.00687	0.80647	0.04783	0.00209	0.02319	0.00338	0.02003	0.02383	0.05526	0.01106
1.00000	0.00090	0.03365	0.02206	0.01721	0.01467	0.00188	0.00042	0.86980	0.01940	0.02001
1.00000	0.00167	0.00176	0.03122	0.00728	0.76176	0.00907	0.06312	0.04984	0.00968	0.06459
0.00000	0.01304	0.05455	0.15406	0.03353	0.34355	0.03992	0.20930	0.09729	0.01956	0.03521
1.00000	0.05053	0.04329	0.27076	0.47367	0.00310	0.05325	0.06701	0.01667	0.02044	0.00127
1.00000	0.76489	0.02134	0.03310	0.03453	0.01613	0.06592	0.02287	0.00735	0.02835	0.00553
1.00000	0.01075	0.04577	0.01182	0.09201	0.06502	0.39609	0.02889	0.12462	0.10799	0.11706
1.00000	0.01817	0.00196	0.02212	0.79718	0.00038	0.11513	0.02274	0.00566	0.01181	0.00485
1.00000	0.02857	0.01391	0.67262	0.01882	0.10375	0.01006	0.10867	0.02260	0.01270	0.00831
1.00000	0.00559	0.01502	0.10389	0.58749	0.00373	0.04471	0.00346	0.01644	0.20938	0.01030
1.00000	0.04502	0.01364	0.01374	0.15359	0.00409	0.69581	0.02662	0.02199	0.02145	0.00406
1.00000	0.00435	0.00337	0.00271	0.07163	0.00191	0.81361	0.00105	0.00128	0.09737	0.00272
1.00000	0.00010	0.00006	0.00011	0.00108	0.05971	0.00040	0.00020	0.00243	0.00330	0.93261
0.00000	0.01891	0.01821	0.07529	0.17467	0.08335	0.21697	0.06195	0.07689	0.04175	0.23201
1.00000	0.00577	0.00083	0.04111	0.00621	0.00427	0.01377	0.91245	0.00140	0.00978	0.00441
1.00000	0.00077	0.00030	0.00116	0.00409	0.90329	0.00124	0.00206	0.01193	0.00171	0.07346
1.00000	0.88523	0.00035	0.02918	0.01473	0.00150	0.03553	0.02699	0.00151	0.00278	0.00221
1.00000	0.00340	0.00109	0.02550	0.01348	0.01326	0.01638	0.00374	0.00477	0.79147	0.12692
1.00000	0.95769	0.00024	0.00606	0.00206	0.00165	0.02747	0.00308	0.00051	0.00077	0.00049
1.00000	0.00392	0.01510	0.02214	0.11958	0.00274	0.00448	0.00874	0.76914	0.01023	0.04395
1.00000	0.17990	0.03403	0.46813	0.08695	0.02121	0.06134	0.02097	0.01471	0.10516	0.00760
1.00000	0.02368	0.01630	0.00914	0.01643	0.06526	0.08925	0.05126	0.09933	0.43363	0.19571
1.00000	0.01192	0.00347	0.04205	0.20901	0.00390	0.05588	0.07378	0.00298	0.57787	0.01914
1.00000	0.10269	0.00557	0.02807	0.18286	0.00896	0.22986	0.01450	0.00278	0.41800	0.00670
1.00000	0.00011	0.00007	0.00032	0.00144	0.00014	0.00021	0.00013	0.99294	0.00025	0.00440
1.00000	0.00392	0.03120	0.38918	0.23848	0.00188	0.00581	0.00321	0.00644	0.31552	0.00434
1.00000	0.00338	0.00451	0.05469	0.05861	0.02215	0.05379	0.73790	0.03750	0.01001	0.01747
1.00000	0.81789	0.00132	0.03747	0.00511	0.01120	0.06568	0.03516	0.01294	0.00857	0.00466
1.00000	0.03309	0.02685	0.00820	0.02840	0.04089	0.63674	0.03057	0.00293	0.03984	0.15248
1.00000	0.02203	0.00570	0.00969	0.15768	0.00267	0.64799	0.01442	0.05285	0.08297	0.00398
1.00000	0.01092	0.00775	0.81430	0.04943	0.02698	0.00515	0.01428	0.01249	0.05618	0.00253
1.00000	0.03181	0.00148	0.00126	0.00692	0.00217	0.91065	0.01537	0.00581	0.02129	0.00322
1.00000	0.01816	0.56028	0.03365	0.11719	0.05558	0.00877	0.00539	0.04750	0.09168	0.06179
1.00000	0.00449	0.00455	0.01758	0.92673	0.00060	0.01377	0.01143	0.00502	0.01283	0.00300
1.00000	0.02513	0.02704	0.06098	0.00775	0.05480	0.00627	0.77155	0.01496	0.01919	0.01232
1.00000	0.08899	0.00220	0.09078	0.00493	0.53853	0.09712	0.06812	0.01603	0.04011	0.05320
1.00000	0.00605	0.03874	0.04677	0.10924	0.06286	0.00133	0.00107	0.60860	0.04182	0.08353
1.00000	0.00044	0.00011	0.01556	0.00148	0.96533	0.00090	0.00099	0.00094	0.00203	0.01221
1.00000	0.89831	0.00108	0.02587	0.00321	0.00275	0.00930	0.01222	0.03506	0.01035	0.00184
1.00000	0.01445	0.10224	0.39147	0.14027	0.00517	0.01347	0.00186	0.00197	0.32767	0.00142
1.00000	0.26994	0.02281	0.19047	0.01076	0.03243	0.01013	0.23918	0.05801	0.02464	0.14164
0.00000	0.09147	0.01838	0.29576	0.29418	0.00137	0.02321	0.05231	0.14954	0.05413	0.01965
1.00000	0.00060	0.00058	0.00232	0.00166	0.13166	0.01385	0.00618	0.03198	0.00472	0.80645
1.00000	0.00779	0.00238	0.90116	0.06082	0.00308	0.00239	0.00312	0.00731	0.01116	0.00081
1.00000	0.02608	0.01784	0.00126	0.05465	0.00817	0.75373	0.00471	0.00607	0.08503	0.04244
1.00000	0.28909	0.00463	0.37465	0.00881	0.01309	0.03406	0.20415	0.00975	0.05279	0.00899
0.00000	0.01138	0.00152	0.05085	0.02196	0.47804	0.07083	0.18254	0.00416	0.02165	0.15707
1.00000	0.00091	0.00462	0.00124	0.04349	0.10251	0.00948	0.00332	0.02104	0.05950	0.75390
1.00000	0.00030	0.00025	0.00015	0.00746	0.09757	0.00277	0.00026	0.00354	0.00593	0.88178
1.00000	0.02329	0.00670	0.14771	0.04713	0.07110	0.00688	0.61278	0.01307	0.06543	0.00591
1.00000	0.02032	0.01455	0.04046	0.04612	0.03549	0.01405	0.00806	0.03103	0.77848	0.01144
1.00000	0.06286	0.00031	0.90158	0.00698	0.00244	0.00277	0.00310	0.00746	0.00907	0.00343
1.00000	0.62245	0.00607	0.03176	0.02404	0.03332	0.04390	0.08908	0.03354	0.07903	0.03680
1.00000	0.00661	0.01228	0.01712	0.09374	0.00182	0.00615	0.00439	0.01998	0.81753	0.02037
1.00000	0.01746	0.00403	0.00180	0.00389	0.00065	0.92627	0.00295	0.00088	0.03974	0.00232
1.00000	0.00346	0.00079	0.00050	0.01560	0.78866	0.00649	0.00169	0.00678	0.00174	0.17429
1.00000	0.03328	0.00056	0.02898	0.00073	0.00330	0.01720	0.91222	0.00169	0.00131	0.00074
1.00000	0.00508	0.00119	0.10112	0.00446	0.70793	0.01452	0.01345	0.00152	0.01471	0.13601
1.00000	0.00959	0.00016	0.00333	0.01466	0.00203	0.00317	0.00065	0.95448	0.01017	0.00174
1.00000	0.02851	0.00476	0.01074	0.70074	0.00200	0.02382	0.01279	0.05924	0.08546	0.07195
1.00000	0.00203	0.00050	0.00832	0.00101	0.00425	0.00485	0.00049	0.00065	0.97405	0.00385
0.00000	0.03529	0.02686	0.31583	0.07702	0.01860	0.00359	0.00410	0.01732	0.47308	0.02832
1.00000	0.33538	0.01322	0.06574	0.00538	0.10833	0.03176	0.19135	0.06257	0.03258	0.15369
1.00000	0.04020	0.01589	0.01325	0.49233	0.06717	0.14473	0.05268	0.02620	0.11079	0.03675
1.00000	0.03588	0.00415	0.00610	0.00638	0.01560	0.06380	0.83239	0.00368	0.03081	0.00122
1.00000	0.00294	0.91595	0.05037	0.00317	0.00233	0.00163	0.00123	0.00524	0.01212	0.00502
1.00000	0.00896	0.00677	0.01628	0.76656	0.00061	0.07237	0.00694	0.01291	0.07721	0.03138
1.00000	0.12156	0.00437	0.02510	0.20938	0.00381	0.04842	0.01583	0.00610	0.51286	0.05257
1.00000	0.03397	0.02353	0.03801	0.04348	0.03781	0.03520	0.03049	0.01056	0.63660	0.11034
1.00000	0.02070	0.00055	0.00219	0.01002	0.01601	0.87013	0.01748	0.00563	0.01245	0.04483
0.00000	0.14357	0.00350	0.16245	0.19457	0.02101	0.10442	0.04751	0.12582	0.11316	0.08399
1.00000	0.04602	0.00206	0.10236	0.68448	0.00682	0.01374	0.00849	0.01306	0.11443	0.00854
1.00000	0.31149	0.02818	0.14462	0.40226	0.00912	0.01773	0.02490	0.01201	0.04330	0.00640
1.00000	0.01405	0.00105	0.00396	0.01542	0.67268	0.01320	0.02647	0.02297	0.02742	0.20279
1.00000	0.01402	0.01964	0.11342	0.53649	0.00455	0.01037	0.00379	0.00472	0.27641	0.01658
0.00000	0.02716	0.00977	0.50797	0.08963	0.05340	0.04880	0.11482	0.11952	0.01199	0.01694
1.00000	0.07714	0.01160	0.05498	0.11159	0.02441	0.09169	0.03342	0.02535	0.47975	0.09007
1.00000	0.02607	0.00849	0.11267	0.17141	0.03098	0.10190	0.00489	0.02493	0.46988	0.04877
1.00000	0.97339	0.00005	0.00197	0.00042	0.00134	0.01388	0.00690	0.00035	0.00152	0.00018
1.00000	0.03429	0.00158	0.00126	0.03305	0.00127	0.91051	0.00037	0.00130	0.00773	0.00863
1.00000	0.00745	0.00470	0.05828	0.90642	0.00054	0.01092	0.00187	0.00064	0.00825	0.00093
1.00000	0.00898	0.00039	0.03128	0.00688	0.70733	0.04466	0.11046	0.00822	0.05044	0.03135
1.00000	0.00496	0.02429	0.09692	0.00910	0.67188	0.04752	0.01357	0.01381	0.01895	0.09901
1.00000	0.00014	0.00015	0.00402	0.00234	0.01905	0.00014	0.00043	0.04004	0.05961	0.87407
1.00000	0.00930	0.01072	0.00316	0.02209	0.14526	0.11301	0.01786	0.10330	0.06292	0.51237
1.00000	0.00495	0.00852	0.14165	0.74684	0.00304	0.03164	0.01438	0.01809	0.02487	0.00603
1.00000	0.00095	0.00205	0.01517	0.01277	0.06607	0.01065	0.00540	0.09736	0.07560	0.71396
1.00000	0.01378	0.00772	0.01428	0.00801	0.04049	0.12626	0.00631	0.00134	0.67502	0.10679
1.00000	0.00018	0.00023	0.00015	0.00265	0.12006	0.00059	0.00218	0.01885	0.00441	0.85071
1.00000	0.00554	0.02719	0.02060	0.02970	0.02217	0.01381	0.00770	0.00400	0.82311	0.04617
1.00000	0.93684	0.00340	0.00909	0.00655	0.00439	0.01164	0.01529	0.00336	0.00648	0.00295
1.00000	0.01826	0.84000	0.07955	0.00521	0.00336	0.00328	0.00398	0.00584	0.01832	0.02218
1.00000	0.00283	0.00652	0.01037	0.43991	0.00647	0.00732	0.00096	0.03477	0.38509	0.10574
1.00000	0.90759	0.00070	0.00752	0.00400	0.00081	0.06560	0.00553	0.00057	0.00715	0.00054
1.00000	0.01089	0.00829	0.74144	0.01775	0.15358	0.00625	0.01188	0.02747	0.00546	0.01699
1.00000	0.00069	0.00045	0.00217	0.01497	0.03164	0.00989	0.00100	0.06275	0.19407	0.68237
1.00000	0.00034	0.00033	0.00042	0.00113	0.01908	0.00073	0.00019	0.89977	0.00122	0.07678
1.00000	0.00466	0.00714	0.01477	0.01546	0.00299	0.05455	0.11217	0.00009	0.78390	0.00427
1.00000	0.09366	0.00508	0.02544	0.01755	0.07437	0.05587	0.02939	0.53078	0.04907	0.11880
1.00000	0.98590	0.00045	0.00105	0.00043	0.00044	0.00196	0.00445	0.00178	0.00321	0.00033
1.00000	0.00047	0.00170	0.00264	0.01064	0.08273	0.00267	0.00116	0.08463	0.06219	0.75117
1.00000	0.01970	0.00062	0.21813	0.02226	0.03223	0.00758	0.66338	0.00633	0.01791	0.01186
1.00000	0.00080	0.01458	0.00446	0.01286	0.00230	0.00754	0.00021	0.88421	0.01688	0.05617
1.00000	0.00269	0.00020	0.02639	0.00082	0.87994	0.00830	0.00290	0.00109	0.00911	0.06857
1.00000	0.00313	0.00259	0.00161	0.00086	0.02253	0.00133	0.00075	0.86062	0.00535	0.10122
1.00000	0.02589	0.53079	0.15665	0.03033	0.01884	0.00727	0.01137	0.01289	0.18367	0.02229
1.00000	0.00103	0.00053	0.00036	0.00932	0.14099	0.00311	0.00133	0.00686	0.11027	0.72620
1.00000	0.05713	0.00859	0.53970	0.29060	0.00822	0.00319	0.01041	0.06288	0.00795	0.01132
1.00000	0.19729	0.01288	0.46560	0.03389	0.05268	0.02206	0.03054	0.02649	0.11890	0.03969
1.00000	0.00589	0.01559	0.72575	0.19299	0.00037	0.00347	0.01690	0.00394	0.02890	0.00619
1.00000	0.00531	0.91820	0.01422	0.00801	0.00563	0.00366	0.01148	0.02365	0.00712	0.00269
1.00000	0.00077	0.00155	0.01162	0.06351	0.00700	0.00582	0.00211	0.00071	0.89568	0.01124
1.00000	0.00196	0.00264	0.00970	0.79259	0.00099	0.00733	0.01113	0.01001	0.13852	0.02514
1.00000	0.01153	0.00190	0.04414	0.85763	0.00300	0.02443	0.01138	0.00312	0.03533	0.00754
1.00000	0.00325	0.00315	0.01197	0.93045	0.00149	0.00291	0.00007	0.00063	0.04420	0.00188
1.00000	0.00508	0.00010	0.00052	0.00333	0.00891	0.00214	0.00045	0.96809	0.00418	0.00721
1.00000	0.60694	0.00444	0.06223	0.10553	0.00369	0.10200	0.06288	0.03314	0.01232	0.00683
0.00000	0.31325	0.00236	0.07987	0.00606	0.07119	0.03271	0.03907	0.06318	0.21907	0.17324
1.00000	0.39234	0.01497	0.10583	0.00211	0.13780	0.01880	0.13134	0.04807	0.03070	0.11803
0.00000	0.00441	0.00100	0.02137	0.38222	0.01543	0.07441	0.02659	0.00371	0.42386	0.04701
1.00000	0.00206	0.93782	0.00871	0.00150	0.00064	0.00113	0.00305	0.00356	0.03746	0.00405
1.00000	0.02748	0.03198	0.00331	0.61646	0.00154	0.23784	0.00248	0.00478	0.06908	0.00505
1.00000	0.00950	0.00521	0.00192	0.02009	0.04617	0.01134	0.02115	0.82324	0.00337	0.05803
1.00000	0.04934	0.00040	0.00032	0.02967	0.00067	0.83019	0.00893	0.00037	0.06151	0.01861
0.00000	0.07229	0.39270	0.05853	0.02517	0.00261	0.36543	0.02609	0.00592	0.02338	0.02789
1.00000	0.02056	0.00109	0.04419	0.04775	0.00584	0.01237	0.00113	0.02725	0.80076	0.03905
1.00000	0.00405	0.00761	0.01528	0.01964	0.06778	0.00357	0.00090	0.75759	0.02677	0.09681
1.00000	0.01697	0.00249	0.00931	0.09919	0.00453	0.01480	0.00293	0.02037	0.80109	0.02832
1.00000	0.00540	0.05539	0.01869	0.00832	0.75708	0.00206	0.01105	0.00908	0.03783	0.09512
1.00000	0.05678	0.00333	0.00219	0.06803	0.00588	0.84051	0.00109	0.00343	0.01034	0.00843
1.00000	0.05206	0.00136	0.03533	0.01101	0.83278	0.01301	0.02321	0.00340	0.00786	0.01997
1.00000	0.01633	0.00431	0.84586	0.01100	0.07203	0.00338	0.03652	0.00214	0.00696	0.00147
1.00000	0.00255	0.01034	0.00376	0.01223	0.12927	0.00366	0.00435	0.03509	0.23255	0.56621
1.00000	0.00252	0.90410	0.03651	0.00292	0.00316	0.00714	0.00800	0.02636	0.00676	0.00252
1.00000	0.00078	0.00265	0.00277	0.01811	0.72659	0.05073	0.00517	0.01440	0.00774	0.17107
1.00000	0.00413	0.00404	0.00788	0.10570	0.00266	0.00813	0.00136	0.00124	0.85371	0.01115
1.00000	0.00017	0.00045	0.00408	0.00210	0.08409	0.00113	0.00207	0.01046	0.01715	0.87831
1.00000	0.09746	0.02498	0.00292	0.05722	0.00817	0.37457	0.00059	0.06915	0.33849	0.02646
0.00000	0.02426	0.08969	0.02508	0.18850	0.25660	0.13431	0.06124	0.08581	0.01976	0.11476
1.00000	0.00091	0.00027	0.00123	0.00168	0.00102	0.00741	0.00014	0.00059	0.97645	0.01031
1.00000	0.00573	0.00594	0.06082	0.25657	0.01099	0.04549	0.02501	0.00136	0.58611	0.00199
1.00000	0.83949	0.00641	0.01445	0.01912	0.00446	0.03881	0.01353	0.02280	0.01550	0.02544
1.00000	0.01159	0.00453	0.01255	0.12394	0.03385	0.37581	0.24304	0.00175	0.17406	0.01887
1.00000	0.12192	0.02663	0.49098	0.06475	0.03968	0.08575	0.05415	0.00512	0.09641	0.01461
1.00000	0.14652	0.00167	0.00252	0.01504	0.00626	0.32864	0.38939	0.00050	0.10710	0.00238
1.00000	0.03425	0.01416	0.06930	0.09434	0.02226	0.02434	0.01791	0.61562	0.08324	0.02458
1.00000	0.03694	0.02689	0.00843	0.63837	0.03392	0.04960	0.00404	0.06382	0.06502	0.07297
1.00000	0.00026	0.00005	0.00015	0.00133	0.12483	0.00034	0.00094	0.03625	0.01323	0.82260
1.00000	0.00679	0.00190	0.85567	0.07855	0.00088	0.00520	0.01117	0.00571	0.02958	0.00456
1.00000	0.00695	0.00863	0.00464	0.05272	0.00718	0.01034	0.00150	0.00650	0.89603	0.00553
1.00000	0.02541	0.00768	0.00215	0.00775	0.06862	0.64035	0.05447	0.00279	0.03351	0.15727
1.00000	0.12659	0.03590	0.13679	0.10760	0.08142	0.03328	0.07138	0.10517	0.18830	0.11356
1.00000	0.00091	0.00218	0.00083	0.00536	0.14015	0.00375	0.00128	0.04743	0.03163	0.76649
1.00000	0.01309	0.00077	0.83068	0.04674	0.00083	0.00180	0.00734	0.05176	0.04414	0.00285
1.00000	0.00733	0.00262	0.05247	0.01648	0.01640	0.00110	0.85984	0.00574	0.01635	0.02167
1.00000	0.00161	0.00091	0.00154	0.00173	0.22167	0.00234	0.01299	0.03435	0.00463	0.71821
1.00000	0.00103	0.00608	0.85524	0.02611	0.01063	0.00579	0.02500	0.03980	0.01578	0.01453
1.00000	0.96707	0.00033	0.00379	0.00307	0.00042	0.01118	0.00242	0.00620	0.00255	0.00297
1.00000	0.05517	0.09718	0.07413	0.01277	0.04804	0.15331	0.49683	0.00286	0.04835	0.01136
0.00000	0.00113	0.00370	0.01753	0.11375	0.00343	0.01007	0.00676	0.00474	0.76983	0.06907
1.00000	0.91147	0.00158	0.02772	0.00621	0.00085	0.02753	0.00405	0.00055	0.01874	0.00130
1.00000	0.15899	0.01126	0.07650	0.00464	0.02911	0.20462	0.49544	0.00124	0.01597	0.00221
1.00000	0.44681	0.01439	0.06947	0.02507	0.07137	0.21166	0.01376	0.12542	0.00807	0.01398
1.00000	0.04665	0.02483	0.02193	0.68186	0.00457	0.13253	0.01823	0.02293	0.04533	0.00115
1.00000	0.00555	0.01168	0.87745	0.03577	0.00498	0.00182	0.01742	0.02589	0.01586	0.00357
1.00000	0.00786	0.00266	0.07438	0.00507	0.03489	0.00335	0.86414	0.00201	0.00427	0.00137
1.00000	0.00788	0.05535	0.02715	0.01274	0.05691	0.05761	0.00387	0.11918	0.03006	0.62924
1.00000	0.00079	0.00106	0.00121	0.01365	0.00053	0.00214	0.00005	0.93794	0.02994	0.01270
1.00000	0.00098	0.00206	0.00528	0.00346	0.11735	0.00068	0.00294	0.04962	0.00499	0.81265
1.00000	0.62713	0.00970	0.05950	0.04075	0.00703	0.10986	0.00272	0.02287	0.07552	0.04493
1.00000	0.00972	0.00067	0.00414	0.01289	0.07091	0.01839	0.00281	0.10571	0.11969	0.65507
0.00000	0.18980	0.00638	0.01329	0.41674	0.00253	0.02429	0.00923	0.00230	0.28961	0.04583
1.00000	0.01552	0.00320	0.01224	0.00953	0.01387	0.00670	0.00233	0.00398	0.72761	0.20502
1.00000	0.01336	0.00231	0.23433	0.00877	0.10896	0.00463	0.58779	0.00754	0.01277	0.01953
1.00000	0.00234	0.00233	0.00207	0.01375	0.03818	0.00347	0.00307	0.84944	0.00254	0.08282
1.00000	0.19672	0.01332	0.00838	0.02628	0.00659	0.63358	0.00550	0.01234	0.09097	0.00632
1.00000	0.75074	0.00189	0.02785	0.01404	0.00523	0.08932	0.05343	0.00311	0.04683	0.00756
1.00000	0.00198	0.93767	0.03646	0.00248	0.00249	0.00519	0.00575	0.00305	0.00271	0.00221
0.00000	0.29435	0.00447	0.04378	0.13753	0.00411	0.27874	0.03286	0.05514	0.12453	0.02448
1.00000	0.05285	0.00613	0.73977	0.02840	0.05414	0.01011	0.03041	0.02947	0.01381	0.03491
1.00000	0.02061	0.00026	0.00154	0.00958	0.00078	0.81437	0.00044	0.00021	0.14983	0.00238
1.00000	0.01504	0.01148	0.01576	0.02269	0.72370	0.01015	0.02564	0.05379	0.01195	0.10979
1.00000	0.00143	0.00505	0.07824	0.00776	0.16594	0.01611	0.02006	0.66532	0.00788	0.03221
1.00000	0.03623	0.01306	0.33156	0.31937	0.00975	0.03516	0.01475	0.05304	0.16378	0.02330
1.00000	0.00126	0.00185	0.04917	0.08564	0.02115	0.00767	0.00209	0.00156	0.81577	0.01384
1.00000	0.02096	0.00135	0.00296	0.00423	0.00084	0.00492	0.93413	0.00194	0.02763	0.00104
1.00000	0.05654	0.00209	0.08692	0.01132	0.05311	0.00395	0.43790	0.01065	0.24062	0.09689
1.00000	0.00075	0.93840	0.00686	0.00087	0.00183	0.00160	0.02279	0.02453	0.00096	0.00141
0.00000	0.60503	0.01744	0.11442	0.08415	0.01829	0.05128	0.02280	0.02064	0.05987	0.00609
1.00000	0.00029	0.00034	0.00024	0.00215	0.00066	0.00015	0.00004	0.98926	0.00407	0.00280
1.00000	0.06471	0.00659	0.71181	0.02119	0.04219	0.00329	0.04084	0.04434	0.01292	0.05212
0.00000	0.17846	0.03285	0.17574	0.20636	0.00277	0.04174	0.04707	0.00141	0.30416	0.00944
1.00000	0.05332	0.00333	0.01880	0.07674	0.01874	0.54245	0.05578	0.00848	0.19442	0.02793
1.00000	0.00275	0.00027	0.00030	0.00174	0.00212	0.00462	0.00040	0.92162	0.03495	0.03124
1.00000	0.15407	0.02541	0.00543	0.08989	0.00486	0.08192	0.60231	0.00253	0.01589	0.01769
1.00000	0.87527	0.00135	0.01913	0.01412	0.00104	0.01376	0.03886	0.02923	0.00500	0.00223
1.00000	0.00819	0.00277	0.00757	0.58800	0.03998	0.18143	0.03659	0.00636	0.09493	0.03418
1.00000	0.00018	0.00044	0.00058	0.00217	0.85000	0.00217	0.00408	0.03068	0.01491	0.09480
1.00000	0.00268	0.02419	0.90728	0.01065	0.01149	0.00688	0.00446	0.01351	0.01806	0.00081
1.00000	0.03165	0.00255	0.03307	0.00866	0.45170	0.09169	0.06593	0.04081	0.18485	0.08910
1.00000	0.01297	0.01060	0.01153	0.15807	0.00322	0.63767	0.00398	0.00396	0.12996	0.02804
1.00000	0.01652	0.76320	0.02267	0.00563	0.00391	0.01974	0.03660	0.01293	0.10445	0.01436
1.00000	0.00453	0.02694	0.01645	0.02244	0.19072	0.01286	0.01135	0.49641	0.00951	0.20879
1.00000	0.02092	0.01044	0.14742	0.10052	0.02361	0.06658	0.06112	0.01524	0.54351	0.01064
1.00000	0.67845	0.01152	0.14165	0.03695	0.05453	0.01164	0.04680	0.00654	0.00614	0.00578
1.00000	0.00166	0.94375	0.00699	0.00521	0.00387	0.00164	0.00582	0.01510	0.01382	0.00216
1.00000	0.00872	0.00257	0.04063	0.01452	0.84772	0.02752	0.01480	0.03333	0.00395	0.00624
1.00000	0.00335	0.00034	0.00410	0.01128	0.78369	0.00450	0.02253	0.08979	0.00135	0.07909
1.00000	0.07350	0.00403	0.00501	0.01586	0.01760	0.76195	0.00170	0.01075	0.09522	0.01437
1.00000	0.01304	0.00215	0.00712	0.02853	0.04730	0.43779	0.00256	0.13712	0.19343	0.13094
1.00000	0.00014	0.00015	0.00072	0.00146	0.08331	0.00025	0.01059	0.00850	0.01902	0.87586
1.00000	0.73673	0.00249	0.11261	0.01198	0.02660	0.00680	0.03328	0.00750	0.04620	0.01581
1.00000	0.00208	0.02374	0.96668	0.00148	0.00047	0.00056	0.00256	0.00067	0.00170	0.00005
1.00000	0.00315	0.70447	0.03048	0.06406	0.01481	0.00298	0.00481	0.02852	0.10533	0.04139
1.00000	0.00715	0.00100	0.01611	0.00095	0.90687	0.00305	0.03547	0.01709	0.00585	0.00647
1.00000	0.85420	0.00093	0.01409	0.00316	0.00667	0.03608	0.00947	0.00473	0.06456	0.00609
1.00000	0.00132	0.00011	0.01228	0.00542	0.00062	0.00244	0.00251	0.95592	0.00119	0.01819
1.00000	0.01145	0.01042	0.07929	0.03177	0.11540	0.01011	0.16275	0.02650	0.41864	0.13368
0.00000	0.04677	0.00447	0.00372	0.18145	0.05601	0.20515	0.00923	0.02600	0.16873	0.29846
0.00000	0.03065	0.21965	0.07375	0.02029	0.03664	0.16754	0.01617	0.14632	0.19416	0.09483
1.00000	0.00334	0.00277	0.03988	0.01245	0.27897	0.00933	0.00512	0.02256	0.15404	0.47154
1.00000	0.08858	0.00571	0.00516	0.14035	0.03103	0.35442	0.01529	0.00779	0.31962	0.03205
0.00000	0.06647	0.03807	0.03033	0.30520	0.02326	0.06887	0.05187	0.01298	0.32918	0.07377
1.00000	0.00106	0.00013	0.02437	0.01167	0.94555	0.00141	0.00156	0.00126	0.00106	0.01194
1.00000	0.00277	0.01258	0.00676	0.06000	0.03766	0.00022	0.00198	0.80405	0.00318	0.07078
1.00000	0.00253	0.85567	0.02827	0.01793	0.00879	0.00463	0.02394	0.04242	0.00973	0.00608
1.00000	0.00243	0.00320	0.00233	0.01949	0.06033	0.02403	0.00232	0.81352	0.01921	0.05314
1.00000	0.01205	0.01043	0.03617	0.05319	0.00485	0.00162	0.00039	0.72049	0.08544	0.07535
1.00000	0.02296	0.03299	0.61659	0.17137	0.00946	0.03965	0.06298	0.00714	0.02911	0.00774
1.00000	0.00286	0.00115	0.98335	0.00839	0.00027	0.00016	0.00065	0.00118	0.00132	0.00065
1.00000	0.00212	0.92884	0.01172	0.00262	0.00084	0.00300	0.01214	0.03075	0.00232	0.00567
1.00000	0.00143	0.92763	0.02092	0.00537	0.00386	0.00246	0.01739	0.01418	0.00542	0.00133
1.00000	0.00202	0.00048	0.00226	0.00142	0.17272	0.00657	0.00464	0.00770	0.00406	0.79814
1.00000	0.00387	0.92424	0.01375	0.00159	0.01741	0.00922	0.00679	0.01280	0.00186	0.00846
1.00000	0.64099	0.00815	0.05008	0.01411	0.01893	0.02029	0.11503	0.01917	0.00602	0.10723
1.00000	0.00010	0.00003	0.00030	0.00082	0.00051	0.00065	0.00010	0.00003	0.99651	0.00094
1.00000	0.85214	0.00040	0.02168	0.00179	0.00407	0.06109	0.02934	0.00376	0.01896	0.00677
1.00000	0.00063	0.00151	0.01515	0.00070	0.96403	0.00202	0.00701	0.00074	0.00033	0.00788
1.00000	0.00365	0.03408	0.01921	0.01281	0.62583	0.01623	0.00788	0.02243	0.04892	0.20896
1.00000	0.09867	0.00251	0.78572	0.02232	0.00963	0.01222	0.03414	0.00133	0.02959	0.00386
1.00000	0.02890	0.01020	0.01863	0.62669	0.00704	0.05707	0.03420	0.00894	0.15049	0.05783
1.00000	0.00341	0.00069	0.00265	0.00312	0.00071	0.00095	0.00008	0.98377	0.00143	0.00321
1.00000	0.76068	0.00139	0.06411	0.01069	0.00414	0.09995	0.01186	0.00747	0.00877	0.03094
1.00000	0.01847	0.00283	0.02330	0.00205	0.00485	0.01749	0.89529	0.00410	0.03000	0.00160
1.00000	0.00019	0.00102	0.00111	0.01200	0.88559	0.01140	0.00262	0.00261	0.01476	0.06871
1.00000	0.00270	0.00550	0.02377	0.15018	0.00510	0.00291	0.00012	0.73232	0.03678	0.04062
1.00000	0.06373	0.02081	0.27444	0.08024	0.01741	0.01481	0.04111	0.05414	0.40275	0.03056
1.00000	0.00380	0.88733	0.00915	0.00469	0.00629	0.00406	0.04105	0.02488	0.01249	0.00626
1.00000	0.01379	0.12445	0.07140	0.42183	0.04121	0.03182	0.01132	0.01061	0.21688	0.05669
1.00000	0.00191	0.00728	0.00856	0.67898	0.00061	0.00293	0.00010	0.00754	0.28491	0.00718
1.00000	0.00487	0.01869	0.90187	0.01546	0.00273	0.00424	0.01962	0.00263	0.02890	0.00098
1.00000	0.02125	0.01518	0.85531	0.00226	0.00265	0.00662	0.08091	0.00093	0.01276	0.00213
0.00000	0.01825	0.00296	0.37964	0.11473	0.00761	0.01075	0.00303	0.00673	0.44606	0.01025
1.00000	0.91791	0.00049	0.02809	0.00536	0.00270	0.03548	0.00508	0.00073	0.00342	0.00074
1.00000	0.00752	0.00266	0.80133	0.05660	0.00769	0.01498	0.05732	0.00279	0.04112	0.00800
1.00000	0.01443	0.00122	0.01841	0.90393	0.00342	0.04723	0.00344	0.00214	0.00412	0.00167
1.00000	0.01382	0.00507	0.01523	0.05243	0.01192	0.18975	0.03198	0.00817	0.65762	0.01400
1.00000	0.03296	0.01219	0.08286	0.00117	0.00465	0.00876	0.85146	0.00151	0.00330	0.00114
1.00000	0.00080	0.00243	0.00391	0.00129	0.07688	0.00160	0.00199	0.03800	0.02998	0.84310
0.00000	0.01438	0.17477	0.03853	0.08613	0.06548	0.07635	0.00275	0.24363	0.15815	0.13983
1.00000	0.00195	0.00740	0.11876	0.04900	0.11646	0.01529	0.52879	0.02267	0.07224	0.06745
1.00000	0.00511	0.00124	0.01452	0.02308	0.00540	0.01808	0.00180	0.00068	0.92303	0.00706
1.00000	0.00415	0.01355	0.00156	0.01412	0.00233	0.93978	0.00839	0.00030	0.01370	0.00213
0.00000	0.03645	0.01946	0.15799	0.01933	0.13022	0.01758	0.22580	0.00387	0.33089	0.05840
1.00000	0.01610	0.00248	0.06429	0.00192	0.14310	0.00384	0.04180	0.02216	0.03050	0.67382
1.00000	0.00137	0.03926	0.00144	0.00306	0.08311	0.03929	0.00155	0.69602	0.00168	0.13322
1.00000	0.05895	0.21077	0.61269	0.05377	0.00356	0.00201	0.03813	0.00119	0.01794	0.00098
1.00000	0.00007	0.00023	0.00058	0.00062	0.00099	0.00287	0.00009	0.97535	0.00018	0.01902
1.00000	0.01749	0.00079	0.07564	0.01146	0.00860	0.00263	0.00121	0.01372	0.85263	0.01583
0.00000	0.00224	0.01291	0.00525	0.29100	0.00719	0.06966	0.00143	0.01609	0.50996	0.08427
1.00000	0.03814	0.02311	0.00804	0.05491	0.01209	0.67147	0.05205	0.00211	0.13237	0.00571
1.00000	0.53537	0.00497	0.13515	0.00964	0.02606	0.02638	0.14040	0.01747	0.09469	0.00989
0.00000	0.00531	0.14218	0.40388	0.13086	0.00420	0.00069	0.00280	0.13077	0.16639	0.01292
1.00000	0.00031	0.00037	0.00120	0.00388	0.81483	0.01780	0.00451	0.00787	0.01658	0.13265
1.00000	0.00213	0.00020	0.04286	0.00384	0.09705	0.00190	0.00540	0.07484	0.00786	0.76393
1.00000	0.02309	0.04330	0.11627	0.59106	0.04189	0.08247	0.01262	0.00782	0.05664	0.02484
1.00000	0.04067	0.00974	0.01747	0.08330	0.00521	0.65844	0.00219	0.00349	0.16113	0.01837
1.00000	0.00598	0.00064	0.00250	0.00117	0.95843	0.01118	0.00148	0.00768	0.00308	0.00784
1.00000	0.03954	0.01569	0.27508	0.37063	0.00652	0.05382	0.09415	0.00321	0.13926	0.00210
1.00000	0.86853	0.00030	0.04189	0.02655	0.00337	0.02233	0.01468	0.00368	0.01368	0.00500
1.00000	0.01081	0.01050	0.66724	0.22679	0.00192	0.01026	0.01812	0.01987	0.03058	0.00392
1.00000	0.05541	0.00675	0.30439	0.00901	0.11860	0.03187	0.13603	0.01800	0.00279	0.31715
1.00000	0.19763	0.00767	0.04216	0.62090	0.00598	0.05975	0.02443	0.00532	0.03431	0.00185
1.00000	0.00087	0.96612	0.01614	0.00134	0.00086	0.00094	0.00356	0.00616	0.00247	0.00153
1.00000	0.04050	0.00320	0.02574	0.00277	0.00251	0.17771	0.70303	0.00090	0.03987	0.00377
1.00000	0.00351	0.00053	0.00040	0.01209	0.09748	0.00467	0.00247	0.03725	0.00801	0.83360
1.00000	0.00229	0.84829	0.01947	0.00864	0.03394	0.00435	0.01115	0.04562	0.00562	0.02062
1.00000	0.00045	0.00019	0.00078	0.02418	0.05705	0.00167	0.00062	0.15096	0.02788	0.73623
1.00000	0.04247	0.01570	0.03161	0.83908	0.00053	0.05789	0.00433	0.00019	0.00728	0.00092
0.00000	0.47038	0.01752	0.29572	0.11229	0.00504	0.05195	0.01132	0.02674	0.00688	0.00215
1.00000	0.00720	0.00097	0.01746	0.00853	0.75440	0.00558	0.04423	0.01527	0.01369	0.13267
1.00000	0.00035	0.00040	0.00037	0.00481	0.73435	0.01528	0.00182	0.04102	0.00109	0.20051
1.00000	0.02970	0.01321	0.03342	0.71060	0.00152	0.02644	0.00638	0.00800	0.16543	0.00531
1.00000	0.88980	0.00384	0.02571	0.00540	0.02316	0.01793	0.01025	0.01244	0.00396	0.00751
1.00000	0.00707	0.00918	0.05193	0.02932	0.65889	0.02972	0.09645	0.03340	0.02555	0.05848
1.00000	0.01384	0.00010	0.04031	0.00089	0.77351	0.02296	0.03394	0.02911	0.02159	0.06375
1.00000	0.01224	0.73483	0.04600	0.01947	0.00939	0.03200	0.00629	0.08600	0.02706	0.02671
1.00000	0.03438	0.00217	0.04269	0.36949	0.00890	0.14824	0.01360	0.03965	0.27662	0.06427
1.00000	0.39513	0.00617	0.06946	0.06982	0.06470	0.05430	0.09798	0.04721	0.13119	0.06404
1.00000	0.00102	0.00170	0.00029	0.00178	0.05932	0.00165	0.00120	0.02318	0.00296	0.90689
1.00000	0.00083	0.00020	0.00099	0.00274	0.19123	0.00209	0.00081	0.00549	0.04414	0.75149
1.00000	0.01157	0.09597	0.06256	0.01136	0.00784	0.08872	0.67075	0.00293	0.04269	0.00561
1.00000	0.02405	0.00260	0.08131	0.03332	0.00042	0.03100	0.00170	0.00004	0.82501	0.00056
1.00000	0.01055	0.06186	0.38113	0.29271	0.01628	0.02564	0.05790	0.11622	0.03055	0.00717
1.00000	0.02593	0.01271	0.00363	0.16510	0.08494	0.14611	0.02810	0.07238	0.08222	0.37887
1.00000	0.00226	0.14909	0.04837	0.00846	0.23117	0.03781	0.00144	0.42003	0.05605	0.04530
1.00000	0.05735	0.00844	0.02555	0.15477	0.00263	0.60482	0.03324	0.00094	0.10210	0.01015
1.00000	0.00675	0.00706	0.06763	0.16279	0.05239	0.00545	0.10281	0.45141	0.10145	0.04226
1.00000	0.00858	0.02531	0.03299	0.01149	0.00738	0.01137	0.00742	0.00158	0.87054	0.02333
1.00000	0.00778	0.00293	0.00961	0.04472	0.11298	0.00965	0.03998	0.04483	0.29325	0.43426
1.00000	0.01306	0.00219	0.78994	0.02743	0.03282	0.00902	0.00971	0.00340	0.10258	0.00985
1.00000	0.11711	0.01164	0.01422	0.00064	0.03191	0.74386	0.01930	0.00491	0.04875	0.00766
1.00000	0.02026	0.00375	0.86168	0.02462	0.00386	0.00338	0.02052	0.00558	0.01521	0.04115
1.00000	0.05518	0.03399	0.03566	0.62079	0.02793	0.07961	0.02658	0.01939	0.09330	0.00758
1.00000	0.00777	0.00100	0.03343	0.02019	0.01367	0.09093	0.00629	0.02177	0.78684	0.01811
0.00000	0.00764	0.00372	0.39076	0.06661	0.00809	0.02389	0.00412	0.00520	0.47672	0.01326
1.00000	0.00841	0.00598	0.01596	0.67024	0.00032	0.04970	0.03876	0.00308	0.20400	0.00353
1.00000	0.00039	0.00046	0.00284	0.00328	0.14066	0.00172	0.00120	0.01396	0.08858	0.74691
1.00000	0.00055	0.00064	0.05232	0.00026	0.00492	0.00402	0.93282	0.00099	0.00173	0.00175
1.00000	0.00087	0.00764	0.01007	0.03025	0.01713	0.00082	0.00026	0.88347	0.02357	0.02592
1.00000	0.91397	0.00029	0.00446	0.01559	0.01168	0.02454	0.01004	0.00720	0.01033	0.00190
1.00000	0.89936	0.00068	0.02447	0.00897	0.00332	0.03333	0.01408	0.00486	0.00882	0.00211
1.00000	0.01515	0.00058	0.01313	0.00610	0.10958	0.78837	0.03209	0.00418	0.02546	0.00535
1.00000	0.02508	0.00329	0.70298	0.04874	0.00073	0.02451	0.16229	0.01402	0.01659	0.00178
1.00000	0.01006	0.01726	0.09887	0.74579	0.00231	0.05231	0.01456	0.00339	0.05458	0.00087
1.00000	0.01077	0.00795	0.57087	0.06502	0.02452	0.04453	0.02502	0.02673	0.13786	0.08674
1.00000	0.01129	0.00260	0.00652	0.00130	0.02957	0.72237	0.01452	0.00387	0.18660	0.02137
1.00000	0.02321	0.84667	0.01789	0.02793	0.01300	0.00920	0.01778	0.01876	0.01756	0.00799
1.00000	0.68471	0.00501	0.07266	0.00755	0.02465	0.00473	0.12197	0.04026	0.02922	0.00923
1.00000	0.01518	0.00557	0.21074	0.30627	0.00451	0.00286	0.00142	0.37081	0.07931	0.00334
1.00000	0.00632	0.00505	0.01489	0.02762	0.00194	0.01324	0.00814	0.00221	0.91653	0.00406
0.00000	0.00135	0.00680	0.00437	0.01538	0.30915	0.00447	0.00996	0.06001	0.01748	0.57102
1.00000	0.05471	0.00088	0.02512	0.00508	0.55411	0.02109	0.02327	0.03015	0.02093	0.26465
1.00000	0.00842	0.01191	0.46794	0.12919	0.00266	0.00555	0.00140	0.00191	0.36951	0.00150
1.00000	0.00618	0.03105	0.85836	0.01742	0.02758	0.00440	0.02322	0.00017	0.03131	0.00032
1.00000	0.01123	0.02017	0.03002	0.28795	0.05499	0.13272	0.02012	0.01853	0.33021	0.09407
