1.00000	0.00050	0.94544	0.03002	0.00174	0.00918	0.00352	0.00415	0.00136	0.00067	0.00341
1.00000	0.00057	0.00050	0.00267	0.00205	0.03043	0.00012	0.00032	0.91672	0.00049	0.04614
1.00000	0.86377	0.00050	0.00583	0.01387	0.00104	0.04783	0.03632	0.00243	0.00784	0.02057
1.00000	0.01099	0.00682	0.00746	0.03840	0.01068	0.78535	0.01416	0.01729	0.06918	0.03968
1.00000	0.00956	0.00147	0.03343	0.00773	0.81348	0.00240	0.02913	0.01745	0.00041	0.08495
1.00000	0.00180	0.04667	0.02567	0.01384	0.21996	0.02508	0.03655	0.39840	0.01052	0.22150
1.00000	0.00257	0.00066	0.00066	0.00819	0.00070	0.95914	0.01579	0.00070	0.00530	0.00630
1.00000	0.08534	0.01226	0.58244	0.01441	0.10976	0.04083	0.09835	0.00797	0.00499	0.04365
0.00000	0.00087	0.00215	0.01745	0.01230	0.15762	0.00789	0.00525	0.08783	0.00625	0.70239
1.00000	0.14144	0.01603	0.08368	0.02416	0.19868	0.10041	0.01525	0.07153	0.05122	0.29761
1.00000	0.00084	0.90381	0.01716	0.01880	0.01069	0.00105	0.00224	0.03592	0.00423	0.00527
1.00000	0.00248	0.00087	0.95133	0.00060	0.00419	0.00022	0.01092	0.00040	0.01519	0.01379
1.00000	0.00173	0.01106	0.00461	0.00187	0.71727	0.00647	0.05899	0.01047	0.00138	0.18615
1.00000	0.00058	0.91786	0.00291	0.01339	0.03701	0.00734	0.00492	0.00333	0.00392	0.00874
1.00000	0.00320	0.76844	0.01354	0.01086	0.02853	0.02548	0.01263	0.07862	0.02284	0.03585
1.00000	0.00848	0.03218	0.11470	0.20207	0.05284	0.16085	0.09511	0.17243	0.02336	0.13798
1.00000	0.00062	0.91004	0.00303	0.00406	0.03872	0.00211	0.02023	0.00989	0.00113	0.01016
1.00000	0.00983	0.00163	0.00389	0.01347	0.00899	0.06510	0.87906	0.00772	0.00842	0.00190
1.00000	0.00090	0.00098	0.00330	0.00038	0.91787	0.00078	0.01992	0.00067	0.00227	0.05293
1.00000	0.00084	0.00637	0.00448	0.00224	0.17609	0.00124	0.00226	0.00881	0.00153	0.79613
1.00000	0.00371	0.00118	0.01091	0.92245	0.00067	0.01303	0.00360	0.00817	0.02713	0.00916
1.00000	0.00115	0.00066	0.00085	0.00401	0.74044	0.00329	0.02677	0.01194	0.00438	0.20649
1.00000	0.00125	0.00004	0.00006	0.00018	0.01191	0.00013	0.00014	0.00975	0.00018	0.97636
1.00000	0.06822	0.02910	0.07794	0.23152	0.01727	0.02593	0.03511	0.00413	0.42391	0.08686
1.00000	0.00034	0.00014	0.00107	0.00069	0.00951	0.00239	0.00122	0.00383	0.01742	0.96339
1.00000	0.57214	0.00507	0.05465	0.03495	0.02331	0.04545	0.18345	0.03314	0.03647	0.01139
1.00000	0.00380	0.00596	0.00175	0.00310	0.01029	0.00181	0.00045	0.68137	0.00293	0.28855
1.00000	0.02153	0.00148	0.01073	0.00251	0.04043	0.01172	0.78799	0.00110	0.09332	0.02919
1.00000	0.01906	0.01110	0.09220	0.05023	0.07003	0.25331	0.10964	0.00614	0.36274	0.02554
1.00000	0.00486	0.00027	0.00304	0.00034	0.00365	0.00035	0.98618	0.00068	0.00025	0.00039
1.00000	0.00990	0.64158	0.10697	0.01954	0.07353	0.02663	0.01273	0.02871	0.05617	0.02424
1.00000	0.03683	0.00124	0.00327	0.87946	0.00027	0.04431	0.00464	0.00085	0.02873	0.00040
1.00000	0.00286	0.90135	0.01754	0.00264	0.00996	0.00391	0.03036	0.00890	0.01981	0.00268
1.00000	0.03475	0.00972	0.07543	0.01768	0.55390	0.02473	0.09881	0.05198	0.06521	0.06780
1.00000	0.00181	0.00223	0.00337	0.00024	0.04477	0.00370	0.93569	0.00248	0.00044	0.00526
1.00000	0.00142	0.09517	0.71335	0.04764	0.00895	0.00224	0.09931	0.00579	0.01883	0.00729
1.00000	0.00434	0.00866	0.00250	0.02110	0.25062	0.19725	0.03740	0.02184	0.37873	0.07755
1.00000	0.84526	0.00081	0.03851	0.00389	0.00852	0.01107	0.02752	0.03820	0.00049	0.02572
1.00000	0.00313	0.03075	0.03707	0.00986	0.42994	0.02656	0.01646	0.06878	0.00175	0.37571
1.00000	0.00980	0.00335	0.51190	0.03044	0.00223	0.03835	0.00270	0.05236	0.15988	0.18901
1.00000	0.05906	0.00487	0.02442	0.58961	0.00359	0.12135	0.03624	0.00728	0.13678	0.01680
1.00000	0.00111	0.02288	0.90930	0.01397	0.00249	0.00028	0.00286	0.00842	0.01469	0.02401
1.00000	0.97223	0.00022	0.00105	0.00210	0.00060	0.01370	0.00499	0.00148	0.00145	0.00218
1.00000	0.00273	0.01935	0.02388	0.00348	0.12015	0.00175	0.02192	0.01272	0.00074	0.79328
1.00000	0.02122	0.04601	0.56619	0.13193	0.01375	0.06046	0.02898	0.00401	0.12519	0.00228
1.00000	0.00035	0.95089	0.00392	0.01011	0.02524	0.00232	0.00228	0.00167	0.00200	0.00121
1.00000	0.00385	0.00558	0.08060	0.73684	0.00962	0.05472	0.01678	0.01787	0.06891	0.00526
1.00000	0.00408	0.01704	0.00787	0.69148	0.01599	0.01569	0.01217	0.12175	0.05473	0.05919
0.00000	0.00283	0.01422	0.00397	0.52158	0.00583	0.04303	0.00020	0.00576	0.36674	0.03583
1.00000	0.00555	0.01136	0.04158	0.09122	0.00578	0.67541	0.06225	0.01096	0.08816	0.00775
1.00000	0.03552	0.00246	0.10187	0.00349	0.29116	0.06388	0.11116	0.03376	0.19625	0.16045
1.00000	0.01105	0.00106	0.00146	0.00209	0.00196	0.03282	0.94496	0.00063	0.00164	0.00233
1.00000	0.00205	0.07184	0.08913	0.06392	0.00323	0.00162	0.00402	0.69744	0.01188	0.05486
1.00000	0.07845	0.00546	0.00722	0.02083	0.03047	0.01390	0.01268	0.69614	0.00460	0.13024
1.00000	0.00964	0.00213	0.00211	0.13574	0.00201	0.75515	0.01679	0.00323	0.05040	0.02282
1.00000	0.00186	0.00652	0.04933	0.00502	0.15360	0.01248	0.00630	0.00900	0.00449	0.75139
1.00000	0.00738	0.00183	0.00741	0.00393	0.88569	0.00376	0.02278	0.00685	0.00229	0.05810
1.00000	0.00069	0.00770	0.04257	0.01164	0.75202	0.00421	0.04221	0.07129	0.00737	0.06030
1.00000	0.85057	0.00213	0.02204	0.02777	0.00573	0.00616	0.03885	0.01291	0.03113	0.00270
0.00000	0.05460	0.00232	0.00602	0.04148	0.01996	0.08066	0.01504	0.02306	0.34453	0.41233
1.00000	0.00675	0.00904	0.01027	0.01551	0.07703	0.50888	0.14755	0.00279	0.00824	0.21393
1.00000	0.74131	0.04515	0.01418	0.02580	0.01077	0.05812	0.01428	0.05415	0.01125	0.02498
1.00000	0.02383	0.00049	0.00199	0.00511	0.63518	0.06427	0.04432	0.00679	0.01717	0.20086
1.00000	0.00026	0.00080	0.00186	0.00040	0.05017	0.00534	0.00061	0.01193	0.00022	0.92841
1.00000	0.00128	0.00084	0.00756	0.01667	0.00120	0.00023	0.00149	0.94775	0.00079	0.02218
1.00000	0.00239	0.00276	0.00051	0.00062	0.02791	0.01096	0.00079	0.92230	0.00234	0.02942
1.00000	0.08867	0.01626	0.03644	0.00704	0.08322	0.01541	0.01884	0.16544	0.00626	0.56241
1.00000	0.00065	0.00581	0.04422	0.01533	0.01929	0.00422	0.00028	0.84912	0.00349	0.05759
1.00000	0.00061	0.00104	0.00078	0.00358	0.04343	0.00225	0.00036	0.05277	0.00042	0.89475
1.00000	0.09900	0.00531	0.05884	0.01188	0.07063	0.01127	0.64351	0.02805	0.03029	0.04122
1.00000	0.80110	0.00179	0.01281	0.00668	0.00300	0.04281	0.08755	0.00174	0.00982	0.03269
1.00000	0.15188	0.01420	0.01732	0.15966	0.01152	0.49296	0.08762	0.00555	0.01056	0.04872
1.00000	0.02185	0.06978	0.02684	0.01614	0.01378	0.77760	0.00459	0.02077	0.01283	0.03581
1.00000	0.03318	0.00876	0.05669	0.00574	0.01282	0.02538	0.76007	0.01910	0.01868	0.05958
1.00000	0.01602	0.01316	0.04393	0.00197	0.06823	0.11939	0.69913	0.00365	0.02199	0.01254
1.00000	0.00831	0.03865	0.11954	0.01115	0.06396	0.63712	0.06625	0.02797	0.02372	0.00331
0.00000	0.00570	0.00761	0.03427	0.02880	0.02009	0.00206	0.00109	0.33323	0.07422	0.49294
1.00000	0.45929	0.01440	0.06858	0.05432	0.01063	0.11545	0.03321	0.15215	0.00804	0.08394
1.00000	0.00496	0.00019	0.00041	0.00027	0.00521	0.00103	0.00017	0.90657	0.00026	0.08094
1.00000	0.02923	0.02515	0.00743	0.00390	0.02308	0.76288	0.01670	0.08625	0.03798	0.00739
1.00000	0.00065	0.00197	0.00083	0.00157	0.13469	0.01072	0.00095	0.03832	0.00029	0.81001
1.00000	0.00072	0.01601	0.01682	0.00952	0.56089	0.02718	0.11590	0.02881	0.00291	0.22124
1.00000	0.00198	0.00447	0.02922	0.00533	0.90528	0.00530	0.00525	0.01601	0.01092	0.01625
1.00000	0.00217	0.00013	0.01175	0.00055	0.14038	0.00067	0.00076	0.00241	0.00031	0.84085
1.00000	0.00321	0.00530	0.96771	0.01393	0.00014	0.00020	0.00630	0.00118	0.00183	0.00021
1.00000	0.94525	0.00077	0.00252	0.01544	0.00053	0.01415	0.00184	0.00105	0.00742	0.01101
1.00000	0.00816	0.00852	0.74442	0.00653	0.03086	0.04778	0.03659	0.00531	0.08300	0.02884
0.00000	0.02444	0.00057	0.00051	0.00835	0.05826	0.00182	0.00182	0.34438	0.00070	0.55915
1.00000	0.00091	0.90153	0.00952	0.00262	0.02834	0.00391	0.02756	0.01082	0.00610	0.00869
1.00000	0.00512	0.10373	0.03436	0.60200	0.00232	0.10598	0.03719	0.01006	0.02089	0.07836
1.00000	0.01751	0.00249	0.86630	0.00948	0.04209	0.00114	0.00570	0.00181	0.04887	0.00460
1.00000	0.84454	0.00213	0.02353	0.00768	0.01282	0.01770	0.02351	0.04688	0.00090	0.02031
1.00000	0.00726	0.00254	0.04611	0.00147	0.01190	0.06955	0.85148	0.00064	0.00124	0.00781
1.00000	0.00081	0.91057	0.05783	0.00129	0.00588	0.00485	0.00761	0.00376	0.00465	0.00274
1.00000	0.00149	0.00108	0.00087	0.00156	0.00680	0.00128	0.00108	0.89013	0.00055	0.09517
1.00000	0.03413	0.00538	0.00762	0.00887	0.07538	0.01659	0.02979	0.61145	0.01799	0.19280
0.00000	0.13140	0.00309	0.00352	0.00730	0.31353	0.10924	0.01174	0.28996	0.00505	0.12519
0.00000	0.00507	0.00044	0.00085	0.00453	0.12856	0.00466	0.00293	0.02288	0.05160	0.77849
1.00000	0.02801	0.00373	0.04326	0.00628	0.69978	0.00766	0.05997	0.07682	0.02346	0.05103
1.00000	0.02082	0.00852	0.00016	0.00028	0.01719	0.00066	0.00039	0.89929	0.00069	0.05201
1.00000	0.00088	0.03975	0.05050	0.02543	0.17715	0.08107	0.02460	0.44808	0.05217	0.10038
1.00000	0.00175	0.00280	0.02553	0.00166	0.37606	0.01972	0.49209	0.01011	0.00189	0.06838
1.00000	0.00033	0.00035	0.00774	0.00396	0.00098	0.00076	0.00006	0.00088	0.97923	0.00572
0.00000	0.02700	0.01337	0.04690	0.01036	0.56521	0.00517	0.08932	0.10695	0.01910	0.11660
1.00000	0.15919	0.04228	0.25380	0.24489	0.03482	0.02087	0.10981	0.00442	0.10411	0.02579
1.00000	0.00280	0.00152	0.00170	0.04045	0.00053	0.85826	0.00714	0.00208	0.08446	0.00105
1.00000	0.05446	0.00688	0.05816	0.00765	0.66390	0.04633	0.05266	0.02619	0.03042	0.05336
1.00000	0.03415	0.03188	0.03381	0.70967	0.00322	0.09021	0.00962	0.03178	0.03567	0.01998
1.00000	0.00072	0.00040	0.00158	0.00092	0.62963	0.02288	0.00808	0.00820	0.00062	0.32696
1.00000	0.00158	0.00512	0.00041	0.00314	0.00119	0.00026	0.00026	0.92964	0.00152	0.05689
0.00000	0.18599	0.01917	0.06539	0.15034	0.06685	0.05989	0.07362	0.08634	0.06303	0.22939
1.00000	0.03442	0.00280	0.03352	0.02590	0.00736	0.00883	0.02109	0.00510	0.80199	0.05900
1.00000	0.00161	0.03712	0.01846	0.07218	0.01240	0.01558	0.01025	0.07320	0.72279	0.03642
1.00000	0.00080	0.03086	0.01068	0.00225	0.05379	0.00536	0.00458	0.82241	0.00847	0.06081
1.00000	0.00818	0.90739	0.00797	0.00308	0.00527	0.01252	0.01347	0.01169	0.00327	0.02716
1.00000	0.03957	0.01163	0.03608	0.66542	0.00046	0.18885	0.00708	0.02138	0.02609	0.00344
1.00000	0.00396	0.00041	0.00899	0.00011	0.01967	0.00396	0.96034	0.00024	0.00037	0.00194
1.00000	0.00044	0.00005	0.00047	0.00089	0.08962	0.00033	0.00020	0.00463	0.00483	0.89855
1.00000	0.00315	0.80982	0.04136	0.00240	0.03701	0.00382	0.03237	0.02484	0.01040	0.03482
1.00000	0.00370	0.02474	0.00462	0.00587	0.02132	0.00397	0.00147	0.85417	0.00233	0.07782
1.00000	0.00198	0.00102	0.06643	0.00099	0.68688	0.00305	0.05047	0.02132	0.01250	0.15537
1.00000	0.02786	0.06001	0.10947	0.02383	0.21734	0.04776	0.24262	0.19714	0.00400	0.06998
1.00000	0.03000	0.03739	0.23327	0.43822	0.00709	0.03317	0.08390	0.05738	0.07498	0.00460
1.00000	0.84749	0.00195	0.01801	0.02294	0.00720	0.02337	0.03289	0.00364	0.03919	0.00331
1.00000	0.03691	0.06912	0.00429	0.03841	0.04015	0.38440	0.02341	0.15697	0.02473	0.22162
1.00000	0.02403	0.01015	0.01383	0.84587	0.00065	0.04223	0.01977	0.00840	0.00752	0.02755
1.00000	0.00395	0.00332	0.77789	0.00584	0.05066	0.00075	0.12949	0.00624	0.01722	0.00463
1.00000	0.00534	0.00811	0.05899	0.70528	0.00351	0.06176	0.00596	0.00536	0.14155	0.00415
1.00000	0.07163	0.01674	0.00915	0.20983	0.00808	0.60513	0.02246	0.01186	0.03362	0.01151
1.00000	0.00072	0.00093	0.00037	0.06857	0.00192	0.86186	0.00175	0.00026	0.05832	0.00528
1.00000	0.00024	0.00002	0.00007	0.00301	0.00697	0.00005	0.00008	0.00703	0.00011	0.98242
1.00000	0.03607	0.00738	0.07900	0.12451	0.03983	0.28929	0.06227	0.06348	0.16199	0.13619
1.00000	0.00436	0.00333	0.00500	0.00316	0.01114	0.00639	0.94965	0.00145	0.00088	0.01464
1.00000	0.00319	0.00091	0.00693	0.00247	0.84055	0.00307	0.01111	0.02578	0.00192	0.10407
1.00000	0.91081	0.00140	0.02100	0.01393	0.00072	0.02218	0.01378	0.00400	0.00693	0.00525
1.00000	0.02503	0.02153	0.00536	0.03871	0.04339	0.02032	0.01545	0.03762	0.55988	0.23271
1.00000	0.89308	0.00046	0.00556	0.00263	0.00120	0.04836	0.01356	0.02887	0.00514	0.00114
1.00000	0.00276	0.00938	0.02674	0.06953	0.01865	0.01766	0.02789	0.74143	0.00304	0.08292
1.00000	0.21995	0.06364	0.30118	0.08504	0.01640	0.10486	0.05060	0.04824	0.10251	0.00758
1.00000	0.03618	0.02031	0.01671	0.03403	0.05411	0.06884	0.02045	0.21482	0.40681	0.12775
1.00000	0.01478	0.01046	0.02170	0.31563	0.00424	0.09440	0.06492	0.02755	0.41624	0.03008
1.00000	0.10626	0.00080	0.08352	0.20068	0.01055	0.21904	0.01937	0.00087	0.34928	0.00962
1.00000	0.00055	0.00014	0.00025	0.00090	0.00292	0.00018	0.00041	0.94114	0.00020	0.05332
1.00000	0.00260	0.17708	0.44603	0.17980	0.00128	0.00935	0.02899	0.03794	0.09439	0.02254
1.00000	0.00309	0.00445	0.07735	0.01054	0.01718	0.01156	0.82905	0.02118	0.01700	0.00861
1.00000	0.81393	0.00025	0.03789	0.02928	0.01442	0.04806	0.02949	0.01740	0.00220	0.00707
1.00000	0.00686	0.02181	0.00238	0.02890	0.02036	0.63835	0.04744	0.00393	0.04543	0.18454
1.00000	0.01291	0.01752	0.01167	0.11328	0.00349	0.58042	0.01173	0.08477	0.15971	0.00450
1.00000	0.01790	0.00417	0.88377	0.02976	0.00108	0.00597	0.00697	0.00211	0.04091	0.00735
1.00000	0.00682	0.00143	0.00615	0.05402	0.00264	0.81898	0.07441	0.00038	0.02232	0.01284
1.00000	0.00618	0.75120	0.05034	0.05999	0.01727	0.01437	0.00583	0.03399	0.01693	0.04390
1.00000	0.00114	0.00119	0.00332	0.89961	0.00026	0.01036	0.03793	0.00299	0.03953	0.00367
1.00000	0.01250	0.00855	0.03223	0.01119	0.01140	0.01681	0.80317	0.04173	0.00599	0.05643
1.00000	0.05431	0.00623	0.10851	0.00535	0.51539	0.04028	0.12232	0.02101	0.02457	0.10203
1.00000	0.00248	0.09166	0.02980	0.02207	0.01394	0.00071	0.00357	0.68356	0.00286	0.14934
1.00000	0.00067	0.00088	0.03454	0.00026	0.90848	0.00029	0.00138	0.00362	0.00170	0.04819
1.00000	0.94473	0.00035	0.00073	0.00758	0.00048	0.00442	0.03577	0.00087	0.00307	0.00201
1.00000	0.00955	0.08467	0.39185	0.10981	0.00756	0.02843	0.01416	0.01975	0.33096	0.00327
1.00000	0.33583	0.00691	0.14451	0.01948	0.06100	0.00904	0.18871	0.14691	0.01300	0.07461
0.00000	0.02185	0.00906	0.35616	0.22416	0.01309	0.04370	0.04042	0.15486	0.12697	0.00972
1.00000	0.01016	0.00016	0.00377	0.00119	0.03189	0.01036	0.02766	0.00768	0.00184	0.90528
1.00000	0.02697	0.00626	0.89080	0.01186	0.00099	0.00327	0.00383	0.00680	0.01731	0.03191
1.00000	0.00517	0.00229	0.00062	0.09302	0.00502	0.80748	0.03013	0.00458	0.01257	0.03911
0.00000	0.43954	0.01876	0.24703	0.00519	0.04708	0.04897	0.13228	0.01768	0.03232	0.01115
0.00000	0.04362	0.00557	0.04468	0.00398	0.43782	0.07166	0.17099	0.00535	0.02731	0.18903
1.00000	0.00140	0.00430	0.00239	0.05058	0.06426	0.02772	0.00837	0.01389	0.03220	0.79490
1.00000	0.00009	0.00003	0.00028	0.00030	0.04750	0.00353	0.00035	0.00309	0.00018	0.94465
1.00000	0.01482	0.00798	0.02435	0.01273	0.01711	0.00668	0.82427	0.02595	0.01534	0.05076
1.00000	0.00482	0.01269	0.05967	0.03514	0.00714	0.03261	0.00343	0.02533	0.65144	0.16772
1.00000	0.11159	0.00754	0.66891	0.01769	0.00490	0.03868	0.03078	0.01685	0.07881	0.02426
1.00000	0.65747	0.00103	0.00561	0.01646	0.01873	0.05523	0.14818	0.01331	0.05581	0.02818
1.00000	0.02868	0.02550	0.05904	0.08793	0.00522	0.00426	0.00276	0.05263	0.70937	0.02461
1.00000	0.00449	0.01083	0.00499	0.00648	0.00054	0.84537	0.11607	0.00034	0.00968	0.00121
1.00000	0.00830	0.00468	0.00169	0.00290	0.65747	0.01553	0.00778	0.05061	0.00926	0.24178
1.00000	0.00590	0.00020	0.04570	0.00006	0.05474	0.00561	0.88251	0.00021	0.00040	0.00467
1.00000	0.00733	0.00040	0.03606	0.00230	0.69069	0.00628	0.02270	0.02550	0.00675	0.20199
1.00000	0.00198	0.00072	0.00068	0.00368	0.00097	0.00299	0.00102	0.95114	0.00137	0.03545
1.00000	0.02307	0.01246	0.00820	0.60592	0.01022	0.07889	0.00762	0.06759	0.12126	0.06476
1.00000	0.00468	0.00128	0.00320	0.00681	0.00713	0.02091	0.00071	0.01053	0.92534	0.01940
0.00000	0.01231	0.02782	0.36693	0.05294	0.02280	0.00159	0.00159	0.04998	0.44139	0.02266
1.00000	0.29949	0.01502	0.16053	0.01283	0.12428	0.02148	0.08843	0.20396	0.00573	0.06825
1.00000	0.01400	0.00449	0.01090	0.52580	0.09882	0.11232	0.06519	0.04818	0.07989	0.04041
1.00000	0.00240	0.01407	0.00919	0.00196	0.01237	0.04503	0.90079	0.00165	0.00596	0.00658
1.00000	0.00041	0.94364	0.01043	0.00031	0.03098	0.00177	0.00238	0.00732	0.00083	0.00193
1.00000	0.00570	0.01065	0.01936	0.76089	0.00184	0.03557	0.00556	0.00597	0.11088	0.04359
1.00000	0.18023	0.02337	0.08518	0.12160	0.01490	0.02951	0.01678	0.00484	0.48874	0.03486
1.00000	0.02661	0.00846	0.09562	0.04084	0.00842	0.02375	0.02441	0.01303	0.53995	0.21890
1.00000	0.01823	0.00656	0.00235	0.00290	0.02125	0.80865	0.05772	0.01037	0.01152	0.06045
0.00000	0.19719	0.00727	0.07607	0.23925	0.01224	0.12448	0.02220	0.04357	0.17754	0.10020
1.00000	0.01857	0.00179	0.02338	0.80425	0.02099	0.01418	0.00228	0.00252	0.10576	0.00628
1.00000	0.34257	0.03313	0.06838	0.35786	0.00175	0.04054	0.06971	0.01149	0.06790	0.00667
1.00000	0.00748	0.01030	0.00021	0.00359	0.58134	0.00545	0.06450	0.03506	0.01943	0.27264
1.00000	0.01394	0.01073	0.15239	0.53001	0.00195	0.07448	0.01330	0.01385	0.18201	0.00735
0.00000	0.01847	0.03148	0.49972	0.09814	0.07474	0.00841	0.10481	0.09666	0.01469	0.05287
1.00000	0.12249	0.00821	0.08218	0.08690	0.01051	0.11592	0.08992	0.04345	0.31128	0.12916
1.00000	0.01559	0.00307	0.10308	0.10388	0.01708	0.08085	0.01055	0.04532	0.59799	0.02257
1.00000	0.93776	0.00019	0.00068	0.00107	0.00013	0.03707	0.01701	0.00142	0.00205	0.00263
1.00000	0.00339	0.00077	0.00029	0.03457	0.00897	0.89773	0.01860	0.00176	0.00238	0.03156
1.00000	0.00408	0.00390	0.01499	0.95127	0.00015	0.00686	0.00142	0.00116	0.01559	0.00059
1.00000	0.02745	0.01710	0.03281	0.00323	0.71289	0.04649	0.07990	0.02255	0.01472	0.04288
1.00000	0.00367	0.01896	0.05342	0.01417	0.70264	0.03030	0.02750	0.05025	0.02796	0.07112
1.00000	0.00019	0.00004	0.00027	0.00056	0.01730	0.00008	0.00022	0.01003	0.00246	0.96885
1.00000	0.08080	0.02314	0.00604	0.02368	0.15843	0.13871	0.00707	0.23737	0.05821	0.26656
1.00000	0.00253	0.00788	0.14486	0.77305	0.00026	0.01376	0.00492	0.01684	0.03257	0.00332
1.00000	0.02110	0.01455	0.01077	0.02312	0.07373	0.00623	0.00410	0.04006	0.01180	0.79453
1.00000	0.01143	0.02057	0.00377	0.04346	0.06577	0.19166	0.04122	0.00692	0.39731	0.21790
1.00000	0.00025	0.00010	0.00095	0.00304	0.03332	0.00069	0.00089	0.00580	0.00036	0.95460
1.00000	0.00648	0.00729	0.02477	0.09415	0.01697	0.02897	0.01016	0.00279	0.58556	0.22286
1.00000	0.83305	0.00294	0.01378	0.00805	0.01934	0.06188	0.04407	0.00830	0.00571	0.00288
1.00000	0.00470	0.88057	0.04996	0.00239	0.01728	0.00308	0.01467	0.00518	0.01826	0.00390
1.00000	0.00780	0.00582	0.00435	0.45575	0.00494	0.02148	0.00403	0.01004	0.24758	0.23820
1.00000	0.93268	0.00021	0.00105	0.00543	0.00008	0.03820	0.01369	0.00231	0.00554	0.00082
1.00000	0.03069	0.03186	0.64479	0.00610	0.15876	0.00234	0.02875	0.06287	0.00216	0.03168
1.00000	0.00197	0.00095	0.00163	0.00951	0.04179	0.00126	0.00068	0.10500	0.01422	0.82298
1.00000	0.00464	0.00028	0.00028	0.00093	0.01982	0.00111	0.00015	0.88563	0.00024	0.08692
1.00000	0.00819	0.01029	0.05408	0.02011	0.00840	0.06156	0.23886	0.00120	0.56727	0.03005
1.00000	0.14976	0.01412	0.01629	0.00780	0.03025	0.06011	0.05624	0.59738	0.01170	0.05635
1.00000	0.97985	0.00091	0.00612	0.00211	0.00026	0.00045	0.00085	0.00187	0.00280	0.00478
1.00000	0.00085	0.00200	0.00122	0.00566	0.05988	0.00811	0.00248	0.15416	0.00428	0.76135
1.00000	0.03579	0.00100	0.15799	0.00742	0.02344	0.00344	0.68629	0.00601	0.02999	0.04863
1.00000	0.00035	0.04611	0.02156	0.01451	0.01320	0.00263	0.00152	0.84166	0.00564	0.05281
1.00000	0.00278	0.00077	0.00091	0.00113	0.86519	0.02917	0.01744	0.01206	0.00742	0.06312
1.00000	0.00488	0.00301	0.00246	0.00233	0.04092	0.00096	0.00184	0.81163	0.00926	0.12269
1.00000	0.03961	0.50470	0.20938	0.01749	0.06752	0.01943	0.02512	0.00916	0.10325	0.00433
1.00000	0.00182	0.00021	0.00008	0.01413	0.05502	0.00406	0.00017	0.00567	0.02161	0.89724
1.00000	0.05973	0.01030	0.63162	0.12194	0.00324	0.00838	0.02066	0.12647	0.00853	0.00914
1.00000	0.21054	0.02187	0.31756	0.11713	0.02271	0.02285	0.07172	0.04735	0.13078	0.03749
1.00000	0.00603	0.01599	0.67896	0.16963	0.00081	0.00689	0.07056	0.00387	0.04601	0.00125
1.00000	0.00056	0.94795	0.01830	0.00891	0.00648	0.00347	0.00770	0.00401	0.00123	0.00140
1.00000	0.00096	0.01303	0.07521	0.07768	0.00594	0.00319	0.00172	0.00264	0.78315	0.03647
1.00000	0.00098	0.01313	0.00891	0.90726	0.00079	0.00814	0.00051	0.00472	0.04306	0.01250
1.00000	0.03291	0.00201	0.01236	0.78776	0.01431	0.06894	0.00283	0.02242	0.05297	0.00350
1.00000	0.00056	0.00148	0.00597	0.95846	0.00079	0.00125	0.00006	0.00150	0.02857	0.00136
1.00000	0.02389	0.00030	0.00140	0.00061	0.00560	0.00661	0.00106	0.93234	0.00121	0.02698
1.00000	0.69850	0.00510	0.06513	0.06642	0.00140	0.00772	0.08728	0.02069	0.03649	0.01126
1.00000	0.16105	0.00585	0.03553	0.01417	0.09431	0.04231	0.06371	0.08073	0.16058	0.34177
1.00000	0.39605	0.00452	0.13254	0.00131	0.08761	0.02672	0.15371	0.11700	0.00511	0.07544
1.00000	0.02792	0.00287	0.00325	0.53585	0.00141	0.04260	0.01281	0.00283	0.27061	0.09986
1.00000	0.00112	0.91555	0.02221	0.00355	0.00575	0.00272	0.00463	0.03921	0.00224	0.00302
1.00000	0.00480	0.02311	0.01838	0.69989	0.00084	0.20548	0.00575	0.01042	0.02275	0.00857
1.00000	0.00571	0.00380	0.01150	0.02125	0.02702	0.03319	0.00924	0.75932	0.00421	0.12477
1.00000	0.00718	0.00035	0.00017	0.02661	0.00068	0.85783	0.05581	0.00037	0.00943	0.04158
0.00000	0.07678	0.34341	0.04480	0.01061	0.00823	0.33081	0.09933	0.01847	0.06292	0.00464
1.00000	0.02356	0.00214	0.01445	0.01301	0.01438	0.01749	0.00206	0.03104	0.78767	0.09420
1.00000	0.00383	0.03006	0.01727	0.01113	0.03542	0.00364	0.00794	0.76263	0.00420	0.12388
1.00000	0.01133	0.00089	0.01116	0.06447	0.00421	0.04567	0.00382	0.05126	0.71067	0.09651
1.00000	0.00033	0.02120	0.01078	0.00116	0.77657	0.00223	0.06412	0.01885	0.00635	0.09840
1.00000	0.01709	0.01109	0.00099	0.04886	0.00293	0.81172	0.02366	0.00716	0.06859	0.00792
1.00000	0.07218	0.00749	0.04340	0.01147	0.68917	0.02637	0.05717	0.04665	0.01928	0.02682
1.00000	0.00915	0.01969	0.81834	0.01560	0.03166	0.00268	0.00871	0.00183	0.06264	0.02970
1.00000	0.00259	0.00895	0.02655	0.06593	0.08378	0.01545	0.00627	0.04171	0.06316	0.68561
1.00000	0.00069	0.91515	0.00414	0.00113	0.01030	0.00217	0.00534	0.05763	0.00095	0.00250
1.00000	0.00099	0.00449	0.00795	0.00265	0.71646	0.01292	0.01090	0.00540	0.00466	0.23358
1.00000	0.00275	0.03207	0.01998	0.10794	0.00400	0.05463	0.00598	0.02868	0.62709	0.11689
1.00000	0.00024	0.00012	0.00025	0.00083	0.02748	0.00099	0.00027	0.05370	0.00055	0.91558
1.00000	0.05309	0.05449	0.01145	0.05972	0.00310	0.45084	0.00176	0.08956	0.22914	0.04685
1.00000	0.01577	0.03277	0.05723	0.16132	0.14112	0.20486	0.02364	0.14972	0.00812	0.20545
1.00000	0.00045	0.00023	0.00164	0.00060	0.00449	0.01377	0.00034	0.00066	0.95306	0.02476
1.00000	0.01114	0.00456	0.08012	0.26430	0.00314	0.05620	0.00489	0.00147	0.56951	0.00466
1.00000	0.94278	0.00233	0.01218	0.00538	0.00498	0.00848	0.00776	0.00386	0.00987	0.00237
1.00000	0.02471	0.00693	0.05969	0.07800	0.05089	0.43665	0.28686	0.00651	0.02936	0.02039
1.00000	0.18066	0.02150	0.45851	0.09489	0.00579	0.03594	0.03549	0.01556	0.13407	0.01759
1.00000	0.03314	0.00191	0.00161	0.01737	0.02082	0.11532	0.76688	0.00083	0.01408	0.02804
1.00000	0.10028	0.02008	0.08875	0.05797	0.00359	0.02422	0.00890	0.61817	0.05929	0.01875
1.00000	0.00742	0.01320	0.00929	0.61847	0.00942	0.04105	0.00505	0.14662	0.04523	0.10424
1.00000	0.00441	0.00003	0.00044	0.00535	0.05236	0.00030	0.00065	0.00751	0.00066	0.92829
1.00000	0.00076	0.00294	0.94644	0.00712	0.00151	0.00117	0.00092	0.03478	0.00404	0.00033
1.00000	0.01261	0.00265	0.01782	0.03621	0.00717	0.06346	0.00585	0.00387	0.83414	0.01621
1.00000	0.01648	0.00872	0.00235	0.00470	0.15817	0.52729	0.14208	0.01603	0.01336	0.11083
0.00000	0.06444	0.02513	0.14455	0.06179	0.14060	0.05320	0.10745	0.10174	0.14931	0.15179
1.00000	0.00051	0.00385	0.00422	0.00216	0.08352	0.00646	0.00107	0.03007	0.00587	0.86226
1.00000	0.02349	0.00172	0.89951	0.00464	0.00310	0.00077	0.04603	0.01277	0.00620	0.00177
1.00000	0.00855	0.01413	0.02576	0.00309	0.00740	0.00316	0.88642	0.00407	0.04328	0.00416
1.00000	0.00153	0.00045	0.00160	0.00073	0.05905	0.00023	0.00061	0.01615	0.00026	0.91939
1.00000	0.01783	0.00932	0.72069	0.07617	0.00385	0.00563	0.03049	0.06373	0.00842	0.06388
1.00000	0.95675	0.00024	0.00168	0.01069	0.00027	0.01195	0.00262	0.00820	0.00564	0.00196
1.00000	0.01030	0.04299	0.08641	0.02441	0.05421	0.10074	0.65430	0.00182	0.00495	0.01987
0.00000	0.01004	0.00068	0.04139	0.16378	0.00452	0.03008	0.01695	0.01081	0.59112	0.13063
1.00000	0.75685	0.00203	0.00671	0.00498	0.00922	0.12505	0.06213	0.00089	0.03082	0.00131
1.00000	0.09310	0.02606	0.07657	0.00432	0.03409	0.20912	0.54413	0.00281	0.00584	0.00395
1.00000	0.56832	0.01228	0.02252	0.06072	0.00820	0.14104	0.02600	0.08752	0.00895	0.06445
1.00000	0.02198	0.02617	0.04313	0.71556	0.00124	0.07033	0.07098	0.00347	0.01310	0.03403
1.00000	0.00163	0.00797	0.88961	0.03837	0.00165	0.00197	0.01360	0.02873	0.00516	0.01131
1.00000	0.00433	0.00213	0.00943	0.00075	0.00204	0.00185	0.97401	0.00221	0.00208	0.00117
1.00000	0.00879	0.05054	0.02338	0.04159	0.05078	0.10745	0.00954	0.14788	0.04150	0.51856
1.00000	0.00113	0.00194	0.00123	0.00150	0.00123	0.00028	0.00034	0.93826	0.00139	0.05270
1.00000	0.00352	0.00059	0.00045	0.00112	0.08894	0.00048	0.00186	0.03899	0.00080	0.86327
1.00000	0.80148	0.00381	0.00222	0.04806	0.00190	0.04669	0.03065	0.00391	0.05376	0.00752
1.00000	0.00896	0.00045	0.00146	0.00224	0.04409	0.00661	0.00228	0.20923	0.02876	0.69593
0.00000	0.13228	0.00347	0.01506	0.44963	0.00316	0.05379	0.00950	0.00183	0.31817	0.01311
1.00000	0.03959	0.00207	0.03627	0.00681	0.05993	0.01983	0.02281	0.05555	0.55238	0.20475
1.00000	0.02480	0.00367	0.13733	0.00148	0.16740	0.00295	0.59372	0.01833	0.00196	0.04836
1.00000	0.00233	0.00143	0.00062	0.00448	0.01611	0.01068	0.00182	0.79198	0.00239	0.16815
1.00000	0.12107	0.00742	0.00091	0.09768	0.00907	0.63650	0.03590	0.00103	0.06971	0.02071
1.00000	0.86062	0.00028	0.00264	0.00267	0.00821	0.07735	0.01702	0.00101	0.02219	0.00800
1.00000	0.00613	0.90030	0.01955	0.00240	0.01067	0.01334	0.03372	0.00628	0.00535	0.00226
0.00000	0.35967	0.00461	0.02053	0.17764	0.00573	0.34238	0.02856	0.00604	0.04713	0.00770
1.00000	0.01757	0.00708	0.75845	0.00514	0.07016	0.00967	0.01553	0.06770	0.02191	0.02679
1.00000	0.02498	0.00075	0.00046	0.03566	0.00156	0.83671	0.02868	0.00013	0.06940	0.00167
1.00000	0.01457	0.00181	0.02717	0.01955	0.62091	0.00480	0.01466	0.06580	0.01385	0.21687
1.00000	0.00115	0.01577	0.04368	0.01232	0.17661	0.02082	0.01428	0.65406	0.00197	0.05935
1.00000	0.05016	0.01812	0.36284	0.17334	0.00517	0.03276	0.05605	0.17967	0.08624	0.03564
1.00000	0.00661	0.00242	0.02976	0.08174	0.00536	0.02752	0.00951	0.00253	0.79373	0.04083
1.00000	0.00615	0.00014	0.00558	0.00042	0.00115	0.00590	0.97374	0.00044	0.00503	0.00145
1.00000	0.06945	0.00112	0.03191	0.03832	0.02357	0.00467	0.55735	0.00823	0.09194	0.17344
1.00000	0.00028	0.94072	0.01125	0.00259	0.00747	0.00299	0.03050	0.00259	0.00039	0.00122
0.00000	0.51653	0.00688	0.16945	0.07598	0.00475	0.09730	0.00750	0.03709	0.06015	0.02436
1.00000	0.00011	0.00079	0.00017	0.00120	0.00580	0.00058	0.00019	0.98787	0.00023	0.00305
1.00000	0.05735	0.01888	0.59962	0.01226	0.09181	0.01079	0.06472	0.09399	0.01208	0.03850
1.00000	0.19044	0.00238	0.28621	0.16711	0.00193	0.02881	0.02737	0.00528	0.27744	0.01302
1.00000	0.02141	0.00367	0.00845	0.10159	0.00730	0.57909	0.10438	0.04671	0.12054	0.00685
1.00000	0.00046	0.00089	0.00020	0.00076	0.01995	0.00376	0.00022	0.95114	0.00317	0.01945
1.00000	0.11167	0.00565	0.00905	0.03389	0.02372	0.08018	0.65719	0.00830	0.00710	0.06325
1.00000	0.83765	0.00344	0.04106	0.01167	0.00412	0.00537	0.05510	0.00605	0.02801	0.00755
1.00000	0.03607	0.00147	0.00561	0.65425	0.03690	0.08781	0.00779	0.00232	0.06131	0.10647
1.00000	0.00015	0.00025	0.00030	0.00060	0.79256	0.00042	0.00113	0.01086	0.00088	0.19285
1.00000	0.00289	0.01296	0.94506	0.01740	0.00901	0.00103	0.00180	0.00415	0.00228	0.00341
1.00000	0.04641	0.00291	0.00338	0.00606	0.48574	0.03859	0.11376	0.05003	0.12613	0.12701
1.00000	0.01099	0.00354	0.00975	0.16882	0.00173	0.68330	0.00551	0.00776	0.07045	0.03815
1.00000	0.00481	0.79479	0.03536	0.00477	0.02722	0.01957	0.05689	0.01384	0.03778	0.00497
1.00000	0.00138	0.03627	0.10070	0.04036	0.16699	0.05426	0.00704	0.49233	0.00203	0.09864
1.00000	0.00513	0.06299	0.19603	0.03506	0.01611	0.10535	0.04269	0.00706	0.51850	0.01109
1.00000	0.62957	0.02164	0.05149	0.06016	0.07085	0.05039	0.09725	0.01073	0.00197	0.00595
1.00000	0.00079	0.92534	0.01223	0.01773	0.02297	0.00260	0.01097	0.00248	0.00166	0.00322
1.00000	0.00578	0.00370	0.03313	0.00983	0.83630	0.00501	0.01121	0.02127	0.03369	0.04008
1.00000	0.00430	0.00680	0.00526	0.01107	0.75633	0.00125	0.00580	0.12139	0.00095	0.08686
1.00000	0.02538	0.01743	0.00194	0.00509	0.02822	0.83084	0.00896	0.02319	0.04161	0.01736
1.00000	0.01745	0.02526	0.00401	0.01852	0.09001	0.62558	0.00665	0.09953	0.08934	0.02366
1.00000	0.00037	0.00013	0.00097	0.00025	0.03450	0.00373	0.00100	0.00320	0.00038	0.95546
1.00000	0.70781	0.00178	0.09415	0.01091	0.03007	0.01061	0.05118	0.00329	0.04609	0.04410
1.00000	0.00053	0.00131	0.98571	0.00250	0.00143	0.00025	0.00391	0.00041	0.00154	0.00240
1.00000	0.00342	0.83162	0.03939	0.02377	0.01184	0.00558	0.00863	0.02800	0.03461	0.01313
1.00000	0.03394	0.00227	0.02064	0.00456	0.81555	0.00625	0.03444	0.03038	0.01682	0.03514
1.00000	0.83966	0.00083	0.01943	0.02607	0.00330	0.01898	0.00789	0.02771	0.01714	0.03899
1.00000	0.00191	0.00828	0.00194	0.00093	0.00532	0.00053	0.00651	0.91670	0.00578	0.05211
1.00000	0.05304	0.03209	0.10337	0.10200	0.04501	0.05656	0.22526	0.03602	0.25912	0.08752
0.00000	0.04350	0.00619	0.00096	0.12318	0.03806	0.26416	0.04068	0.01411	0.06148	0.40767
0.00000	0.05712	0.18038	0.06780	0.01440	0.03757	0.13420	0.01589	0.22710	0.08549	0.18004
1.00000	0.00290	0.00133	0.02795	0.00295	0.09102	0.04127	0.00890	0.00614	0.02124	0.79630
1.00000	0.10710	0.00715	0.00430	0.12443	0.02329	0.42336	0.04488	0.01917	0.19050	0.05581
0.00000	0.02804	0.11475	0.02555	0.29890	0.01564	0.12107	0.14885	0.00756	0.09619	0.14345
1.00000	0.00068	0.00050	0.01211	0.00121	0.82649	0.00077	0.02723	0.02338	0.03097	0.07667
1.00000	0.00182	0.00093	0.01489	0.05704	0.09191	0.00192	0.00530	0.69869	0.00108	0.12642
1.00000	0.00043	0.91902	0.00444	0.00746	0.02252	0.00047	0.00325	0.03808	0.00207	0.00227
1.00000	0.00747	0.00064	0.00109	0.00476	0.00996	0.02308	0.00493	0.86589	0.00379	0.07840
1.00000	0.00065	0.01973	0.03306	0.04458	0.03158	0.00602	0.00111	0.79091	0.04412	0.02824
1.00000	0.04294	0.10216	0.51880	0.15888	0.00310	0.00912	0.05864	0.03963	0.06363	0.00310
1.00000	0.00164	0.00077	0.99110	0.00091	0.00019	0.00014	0.00074	0.00356	0.00081	0.00015
1.00000	0.00057	0.93559	0.02927	0.00494	0.00870	0.00404	0.00998	0.00401	0.00100	0.00190
1.00000	0.00052	0.94200	0.00718	0.00158	0.01768	0.00050	0.00290	0.01919	0.00155	0.00690
1.00000	0.00393	0.00013	0.00434	0.00316	0.08199	0.01690	0.00117	0.00600	0.00066	0.88173
1.00000	0.00315	0.92744	0.03330	0.00094	0.01006	0.00479	0.00627	0.00906	0.00104	0.00395
1.00000	0.67324	0.00188	0.07256	0.00731	0.01462	0.05575	0.07564	0.06119	0.00575	0.03206
1.00000	0.01900	0.00066	0.00401	0.00529	0.00088	0.00839	0.00022	0.00086	0.93599	0.02471
1.00000	0.87136	0.00025	0.00728	0.00193	0.00062	0.02065	0.03880	0.00131	0.02882	0.02899
1.00000	0.00346	0.00695	0.01981	0.00237	0.89376	0.00076	0.00643	0.01745	0.03817	0.01084
1.00000	0.00334	0.05273	0.00814	0.01063	0.64248	0.00330	0.03291	0.02867	0.01114	0.20666
1.00000	0.13707	0.00513	0.63195	0.06952	0.03055	0.00269	0.07341	0.00418	0.02099	0.02450
1.00000	0.02196	0.00174	0.00712	0.73405	0.00206	0.11297	0.00256	0.03448	0.07577	0.00730
1.00000	0.00062	0.00040	0.00175	0.00872	0.01778	0.00105	0.00020	0.96723	0.00067	0.00158
1.00000	0.84631	0.01153	0.02215	0.00965	0.00580	0.05180	0.03541	0.00755	0.00292	0.00689
1.00000	0.00468	0.00412	0.00959	0.00089	0.00263	0.00684	0.93633	0.00056	0.01962	0.01474
1.00000	0.00069	0.00064	0.00338	0.00427	0.81472	0.00677	0.00334	0.00825	0.00509	0.15286
1.00000	0.00215	0.02279	0.01192	0.06515	0.00632	0.00187	0.00081	0.78455	0.04864	0.05581
1.00000	0.05945	0.01679	0.19604	0.17358	0.02038	0.01635	0.01924	0.00898	0.42136	0.06783
1.00000	0.00184	0.84159	0.01256	0.00269	0.04423	0.00919	0.04746	0.01625	0.00681	0.01738
1.00000	0.02414	0.19387	0.04762	0.31073	0.05895	0.08643	0.02224	0.03489	0.05728	0.16385
1.00000	0.00475	0.02919	0.01976	0.62245	0.00551	0.01081	0.00070	0.04771	0.23642	0.02270
1.00000	0.00078	0.02147	0.84859	0.04668	0.01070	0.00371	0.00881	0.00665	0.05138	0.00123
1.00000	0.00993	0.00959	0.86636	0.01700	0.00292	0.05372	0.02031	0.00182	0.00807	0.01028
0.00000	0.04554	0.03392	0.26105	0.15187	0.00171	0.04818	0.00774	0.02723	0.41228	0.01048
1.00000	0.94730	0.00027	0.01027	0.00196	0.00017	0.01291	0.01220	0.00069	0.01260	0.00162
1.00000	0.00726	0.00238	0.82357	0.01166	0.04526	0.00165	0.05484	0.01550	0.01477	0.02312
1.00000	0.03707	0.00878	0.00871	0.80617	0.00188	0.11294	0.00353	0.00741	0.00986	0.00364
1.00000	0.04241	0.00843	0.02403	0.06963	0.01551	0.22173	0.03344	0.03708	0.51393	0.03380
1.00000	0.02199	0.00104	0.03867	0.00098	0.05042	0.00339	0.86663	0.00114	0.00093	0.01480
1.00000	0.00028	0.00130	0.00718	0.00065	0.01980	0.00328	0.00023	0.00748	0.00080	0.95900
0.00000	0.02463	0.09565	0.02179	0.20501	0.02657	0.07401	0.00290	0.19187	0.14012	0.21746
1.00000	0.00967	0.07614	0.14192	0.01910	0.06134	0.03777	0.58549	0.03040	0.00328	0.03489
1.00000	0.02482	0.00307	0.04674	0.02188	0.00215	0.05758	0.00855	0.00960	0.76204	0.06357
1.00000	0.00139	0.00086	0.00648	0.01073	0.00092	0.95343	0.00848	0.00077	0.01470	0.00225
0.00000	0.02160	0.01420	0.15500	0.01781	0.26320	0.00935	0.27829	0.00266	0.18404	0.05385
1.00000	0.00369	0.00010	0.01764	0.00291	0.05755	0.00141	0.00463	0.00726	0.00236	0.90245
1.00000	0.00110	0.00689	0.00381	0.00150	0.01896	0.05132	0.01408	0.75318	0.00289	0.14627
1.00000	0.00331	0.25489	0.59509	0.00886	0.00474	0.00124	0.07739	0.00851	0.04443	0.00154
1.00000	0.00024	0.00046	0.00192	0.00113	0.00301	0.00098	0.00149	0.93664	0.00039	0.05373
1.00000	0.04607	0.00762	0.07772	0.01637	0.00734	0.00319	0.06581	0.03704	0.71052	0.02832
0.00000	0.02330	0.02509	0.00269	0.31038	0.01265	0.06607	0.00288	0.02131	0.34541	0.19022
1.00000	0.02189	0.00805	0.01733	0.05586	0.00939	0.72536	0.02764	0.01530	0.10857	0.01060
1.00000	0.53737	0.03078	0.07358	0.01658	0.00951	0.02566	0.19754	0.00694	0.05605	0.04599
1.00000	0.00839	0.07907	0.24675	0.14651	0.00657	0.00170	0.00217	0.36269	0.12526	0.02088
1.00000	0.00050	0.00019	0.00590	0.00167	0.78073	0.00257	0.00516	0.00460	0.00237	0.19631
1.00000	0.01107	0.00013	0.00582	0.00219	0.01663	0.00016	0.00715	0.01596	0.00151	0.93938
1.00000	0.04694	0.00631	0.07098	0.55962	0.01400	0.22957	0.00637	0.01297	0.04241	0.01084
1.00000	0.05312	0.00296	0.01197	0.13070	0.00609	0.75271	0.00722	0.00128	0.03081	0.00313
1.00000	0.00420	0.00143	0.01748	0.00135	0.83231	0.00973	0.00697	0.04167	0.04576	0.03910
1.00000	0.01543	0.03761	0.15774	0.45653	0.01666	0.04477	0.13142	0.00292	0.12033	0.01659
1.00000	0.88172	0.00198	0.04534	0.02277	0.00054	0.01137	0.02634	0.00080	0.00596	0.00318
1.00000	0.04322	0.01935	0.64695	0.19112	0.00133	0.01644	0.01827	0.02099	0.03645	0.00588
1.00000	0.05610	0.00534	0.17163	0.01029	0.19794	0.00672	0.07485	0.04534	0.01279	0.41899
1.00000	0.18405	0.00377	0.02532	0.59698	0.00246	0.06894	0.05017	0.00678	0.05157	0.00997
1.00000	0.00023	0.94679	0.02846	0.00115	0.00782	0.00224	0.01052	0.00145	0.00037	0.00097
1.00000	0.06949	0.00604	0.02208	0.00222	0.02271	0.14936	0.68174	0.00898	0.02583	0.01154
1.00000	0.00059	0.00046	0.00015	0.00640	0.02208	0.00081	0.00019	0.03391	0.00061	0.93481
1.00000	0.00094	0.90532	0.01344	0.01022	0.03874	0.00237	0.00558	0.00820	0.00099	0.01419
1.00000	0.00120	0.00076	0.00033	0.02446	0.01419	0.00078	0.00016	0.06998	0.00240	0.88573
1.00000	0.01802	0.00348	0.02276	0.86296	0.00072	0.07906	0.00379	0.00072	0.00678	0.00171
0.00000	0.44965	0.03628	0.21484	0.09246	0.00144	0.03774	0.07986	0.05237	0.02313	0.01222
1.00000	0.01071	0.00239	0.02987	0.00721	0.58232	0.00455	0.04714	0.02433	0.00473	0.28674
1.00000	0.00833	0.00286	0.00040	0.00217	0.55889	0.02134	0.00467	0.03464	0.00029	0.36640
1.00000	0.00837	0.03336	0.06542	0.79369	0.00057	0.02400	0.00237	0.01473	0.05398	0.00351
1.00000	0.85056	0.00143	0.00588	0.00256	0.00189	0.08130	0.00443	0.01120	0.00591	0.03483
1.00000	0.00561	0.00316	0.01261	0.02938	0.68892	0.03195	0.08831	0.04743	0.01677	0.07585
1.00000	0.04322	0.00044	0.00662	0.00454	0.75408	0.01524	0.03238	0.02821	0.00780	0.10747
1.00000	0.00259	0.76986	0.01322	0.01953	0.02663	0.02005	0.03603	0.05065	0.02409	0.03735
1.00000	0.06126	0.00579	0.02921	0.28916	0.00429	0.12114	0.01885	0.03555	0.19542	0.23934
1.00000	0.45236	0.00575	0.07366	0.10942	0.00647	0.08105	0.11897	0.01990	0.06330	0.06912
1.00000	0.00032	0.00045	0.00117	0.00126	0.04208	0.00191	0.00219	0.01215	0.00339	0.93507
1.00000	0.00035	0.00119	0.00044	0.00663	0.07531	0.00052	0.00218	0.00336	0.00900	0.90102
1.00000	0.02001	0.07958	0.09125	0.01017	0.02909	0.12464	0.60451	0.00600	0.01590	0.01885
1.00000	0.00163	0.00325	0.04615	0.02156	0.00179	0.01098	0.03114	0.00049	0.88159	0.00142
1.00000	0.00317	0.01956	0.60428	0.17118	0.00665	0.00297	0.00356	0.07017	0.11150	0.00697
1.00000	0.01065	0.03368	0.01448	0.17206	0.04286	0.19489	0.04358	0.01910	0.02678	0.44189
1.00000	0.00678	0.18110	0.04155	0.01053	0.16736	0.04732	0.03601	0.37604	0.00823	0.12508
1.00000	0.00701	0.00143	0.01224	0.13035	0.00112	0.68623	0.05790	0.00067	0.07551	0.02753
1.00000	0.01883	0.01344	0.07343	0.07631	0.07719	0.01799	0.06097	0.39268	0.10051	0.16865
1.00000	0.00794	0.04958	0.01842	0.02261	0.01268	0.02337	0.01149	0.01717	0.78972	0.04701
1.00000	0.00478	0.00336	0.00876	0.05179	0.06720	0.01862	0.01261	0.08842	0.21700	0.52748
1.00000	0.00663	0.00265	0.76654	0.04022	0.03143	0.01436	0.01825	0.00296	0.10769	0.00927
1.00000	0.01596	0.05131	0.01200	0.01432	0.01624	0.76568	0.08058	0.02674	0.00710	0.01006
1.00000	0.00407	0.00166	0.88512	0.04382	0.00830	0.00271	0.03231	0.01240	0.00108	0.00852
1.00000	0.04959	0.01103	0.06710	0.48590	0.04503	0.20780	0.03640	0.02531	0.04159	0.03025
1.00000	0.03898	0.01381	0.03428	0.01020	0.00373	0.07616	0.05174	0.04216	0.62580	0.10315
0.00000	0.00796	0.01185	0.34498	0.16246	0.00141	0.01252	0.00535	0.00475	0.41198	0.03672
1.00000	0.00173	0.00359	0.00775	0.82921	0.00036	0.01922	0.00294	0.00780	0.12258	0.00482
1.00000	0.00043	0.00038	0.00024	0.00271	0.05758	0.00225	0.00038	0.00949	0.01399	0.91255
1.00000	0.00256	0.00033	0.00393	0.00012	0.00625	0.00160	0.98148	0.00022	0.00021	0.00330
1.00000	0.00258	0.03468	0.00322	0.00522	0.02274	0.00075	0.00229	0.84296	0.00092	0.08464
1.00000	0.85785	0.00181	0.00369	0.00684	0.02612	0.07873	0.01817	0.00192	0.00297	0.00189
1.00000	0.89844	0.00628	0.01824	0.00357	0.00338	0.05023	0.00696	0.00753	0.00304	0.00232
1.00000	0.02234	0.00206	0.05110	0.03336	0.08482	0.74242	0.04737	0.00213	0.00942	0.00498
1.00000	0.01976	0.00726	0.82531	0.02051	0.00677	0.00827	0.09383	0.00688	0.00813	0.00328
1.00000	0.01251	0.00953	0.11094	0.80705	0.00032	0.01669	0.00275	0.00613	0.03330	0.00079
1.00000	0.03229	0.03213	0.65265	0.01579	0.04379	0.04533	0.02214	0.07468	0.03607	0.04512
1.00000	0.03182	0.00458	0.00479	0.00781	0.01691	0.74166	0.01101	0.00177	0.07637	0.10327
1.00000	0.00253	0.94033	0.00878	0.00439	0.00651	0.00279	0.02569	0.00249	0.00113	0.00537
1.00000	0.73073	0.01657	0.03105	0.05333	0.00792	0.00383	0.09781	0.01213	0.02048	0.02616
1.00000	0.04195	0.02911	0.11843	0.29779	0.00162	0.00197	0.02035	0.38936	0.07630	0.02312
1.00000	0.00383	0.00659	0.02885	0.01349	0.00524	0.04435	0.01159	0.00237	0.86549	0.01821
0.00000	0.00041	0.00314	0.00662	0.00108	0.21289	0.00167	0.03999	0.01137	0.00089	0.72193
1.00000	0.05528	0.00860	0.00242	0.00740	0.52454	0.04816	0.03868	0.03878	0.00773	0.26840
1.00000	0.00105	0.02743	0.47315	0.11636	0.00550	0.01636	0.01234	0.01503	0.33165	0.00113
1.00000	0.00379	0.03102	0.81090	0.05681	0.00493	0.00168	0.06682	0.00082	0.01940	0.00384
1.00000	0.00964	0.04137	0.02238	0.18802	0.04663	0.14710	0.02917	0.07795	0.29610	0.14165
