1.00000	0.00260	0.93413	0.00375	0.00164	0.03028	0.00510	0.01369	0.00444	0.00291	0.00147
1.00000	0.00051	0.00092	0.00040	0.00288	0.01740	0.00057	0.00031	0.96923	0.00025	0.00753
1.00000	0.81442	0.00051	0.01137	0.03559	0.00064	0.02856	0.09728	0.00371	0.00260	0.00532
1.00000	0.02965	0.01073	0.00847	0.00942	0.01868	0.77757	0.02559	0.00833	0.07530	0.03626
1.00000	0.00128	0.00107	0.00103	0.00288	0.88089	0.02382	0.02298	0.03312	0.00226	0.03067
1.00000	0.01686	0.02153	0.01057	0.01254	0.16539	0.00735	0.04385	0.45642	0.03898	0.22652
1.00000	0.00310	0.00083	0.00021	0.00383	0.00123	0.97106	0.00137	0.00010	0.01559	0.00268
1.00000	0.16994	0.00862	0.54696	0.04005	0.06088	0.01444	0.13810	0.01169	0.00269	0.00664
0.00000	0.00206	0.00378	0.00790	0.01183	0.06222	0.03326	0.03478	0.09267	0.00292	0.74857
1.00000	0.05906	0.01077	0.02222	0.03797	0.26625	0.06309	0.02100	0.09890	0.10007	0.32067
1.00000	0.01556	0.86820	0.01493	0.00456	0.03031	0.00309	0.00321	0.04658	0.00834	0.00521
1.00000	0.00193	0.00045	0.97243	0.00133	0.00306	0.00213	0.01502	0.00044	0.00294	0.00028
1.00000	0.00146	0.04167	0.00312	0.00114	0.71507	0.02306	0.07178	0.01063	0.01020	0.12185
1.00000	0.00214	0.93510	0.00217	0.00064	0.01015	0.00435	0.00557	0.03473	0.00352	0.00163
1.00000	0.00891	0.77289	0.02616	0.02208	0.00874	0.05068	0.00320	0.08094	0.02096	0.00542
1.00000	0.01059	0.01293	0.03349	0.44338	0.05620	0.11324	0.11225	0.07421	0.04183	0.10187
1.00000	0.00399	0.95055	0.00300	0.00123	0.02256	0.00658	0.00243	0.00664	0.00154	0.00147
1.00000	0.00957	0.01442	0.00808	0.00635	0.00594	0.03182	0.87946	0.00212	0.04142	0.00081
1.00000	0.00011	0.00133	0.00077	0.00042	0.90039	0.01195	0.01273	0.00218	0.00107	0.06905
1.00000	0.00069	0.00224	0.00238	0.01344	0.16007	0.03288	0.04236	0.02173	0.00867	0.71554
1.00000	0.01553	0.00185	0.02639	0.77551	0.02387	0.10379	0.01037	0.00255	0.03884	0.00130
1.00000	0.00192	0.00062	0.00241	0.00222	0.68262	0.00301	0.05096	0.00471	0.01733	0.23420
1.00000	0.00006	0.00004	0.00014	0.00007	0.01254	0.00037	0.00260	0.00553	0.00162	0.97703
1.00000	0.03801	0.05349	0.04529	0.11251	0.02891	0.03151	0.00632	0.01760	0.61271	0.05364
1.00000	0.00086	0.00084	0.00062	0.00210	0.01472	0.00171	0.01491	0.01106	0.05304	0.90014
1.00000	0.75060	0.00254	0.07159	0.02779	0.00766	0.04121	0.03277	0.00674	0.05670	0.00239
1.00000	0.00157	0.00105	0.00083	0.03457	0.00527	0.00997	0.00638	0.71232	0.00378	0.22426
1.00000	0.01634	0.00375	0.05287	0.00393	0.00495	0.00399	0.84583	0.00527	0.04860	0.01448
1.00000	0.03192	0.04470	0.13522	0.00813	0.09727	0.21316	0.13142	0.01220	0.28588	0.04009
1.00000	0.00404	0.00028	0.00341	0.00024	0.00212	0.00066	0.98598	0.00122	0.00048	0.00157
1.00000	0.00952	0.60868	0.02505	0.03357	0.02159	0.02294	0.00813	0.05462	0.17272	0.04317
1.00000	0.01687	0.01028	0.02008	0.84342	0.00734	0.06569	0.00729	0.00072	0.02777	0.00053
1.00000	0.00140	0.96332	0.00280	0.00504	0.00048	0.00898	0.00163	0.00111	0.01167	0.00359
1.00000	0.01717	0.00296	0.07162	0.01755	0.58225	0.01296	0.04404	0.01524	0.07222	0.16399
1.00000	0.00052	0.00060	0.02560	0.00026	0.00318	0.02459	0.94191	0.00143	0.00154	0.00037
1.00000	0.00235	0.04165	0.78774	0.02127	0.01616	0.00427	0.08651	0.01529	0.02182	0.00293
1.00000	0.00532	0.00568	0.00123	0.01450	0.26965	0.20790	0.03810	0.03924	0.36357	0.05481
1.00000	0.80048	0.01058	0.08472	0.00939	0.00947	0.03481	0.01380	0.01443	0.02091	0.00142
1.00000	0.00882	0.08323	0.03450	0.00896	0.40734	0.08738	0.05126	0.04147	0.00584	0.27120
1.00000	0.01543	0.00513	0.41809	0.07063	0.05754	0.00322	0.01854	0.03965	0.24436	0.12740
1.00000	0.07361	0.00753	0.14515	0.44004	0.00324	0.10889	0.01689	0.00298	0.19854	0.00312
1.00000	0.00073	0.01787	0.94691	0.00791	0.00406	0.00444	0.00101	0.01366	0.00186	0.00156
1.00000	0.94124	0.00296	0.04270	0.00027	0.00053	0.00470	0.00589	0.00045	0.00065	0.00062
1.00000	0.00475	0.00323	0.02644	0.01049	0.21311	0.02203	0.02460	0.05043	0.00977	0.63515
1.00000	0.01567	0.02658	0.71108	0.08843	0.01796	0.03843	0.00326	0.00658	0.09031	0.00171
1.00000	0.01009	0.93535	0.00508	0.00083	0.02882	0.00190	0.00394	0.01016	0.00322	0.00059
1.00000	0.00363	0.04595	0.05875	0.69568	0.00956	0.08583	0.01184	0.01527	0.06645	0.00705
1.00000	0.01396	0.00331	0.05825	0.70901	0.01602	0.00878	0.01396	0.12349	0.02490	0.02832
0.00000	0.00166	0.00212	0.00793	0.46436	0.00818	0.01842	0.00041	0.02499	0.41050	0.06142
1.00000	0.00961	0.00156	0.00709	0.10391	0.01090	0.68053	0.09162	0.00345	0.04279	0.04854
1.00000	0.01832	0.00949	0.03071	0.00261	0.41954	0.04451	0.03281	0.04456	0.24118	0.15627
1.00000	0.01726	0.00370	0.00231	0.00450	0.01236	0.09010	0.85514	0.00040	0.01347	0.00077
1.00000	0.00459	0.04325	0.01904	0.01995	0.00109	0.00365	0.00104	0.78044	0.00182	0.12513
1.00000	0.00946	0.01053	0.01226	0.03058	0.03293	0.03977	0.02010	0.72560	0.00328	0.11549
1.00000	0.03709	0.06009	0.00800	0.11448	0.03689	0.57464	0.02089	0.01655	0.12767	0.00371
1.00000	0.00315	0.02750	0.03089	0.00962	0.17596	0.02899	0.03311	0.03198	0.00514	0.65367
1.00000	0.00386	0.00385	0.02478	0.00133	0.76572	0.02094	0.07253	0.00618	0.00903	0.09178
1.00000	0.02028	0.01267	0.00550	0.01332	0.77087	0.01119	0.01779	0.08421	0.00714	0.05701
1.00000	0.79483	0.00742	0.08084	0.03210	0.01229	0.02471	0.00668	0.01681	0.01042	0.01390
1.00000	0.04464	0.00867	0.00614	0.02320	0.04234	0.13435	0.03416	0.01982	0.47920	0.20748
1.00000	0.00659	0.00113	0.00954	0.03383	0.07483	0.58819	0.13214	0.00704	0.04920	0.09752
1.00000	0.49427	0.00387	0.05493	0.02522	0.00486	0.19806	0.01364	0.11352	0.02683	0.06481
1.00000	0.00667	0.00080	0.00060	0.00320	0.50290	0.14902	0.05548	0.02190	0.01673	0.24271
1.00000	0.00057	0.00222	0.00345	0.00245	0.05276	0.00460	0.00889	0.05629	0.00223	0.86654
1.00000	0.00160	0.00392	0.00318	0.04767	0.00867	0.00083	0.00439	0.92479	0.00171	0.00324
1.00000	0.00081	0.00279	0.00125	0.00716	0.05923	0.01919	0.00239	0.89470	0.00256	0.00994
1.00000	0.05900	0.00317	0.01716	0.04202	0.12657	0.04408	0.04983	0.17511	0.00872	0.47434
1.00000	0.00085	0.00652	0.00671	0.10826	0.02661	0.00449	0.00024	0.77285	0.00566	0.06782
1.00000	0.00032	0.00052	0.00032	0.01448	0.07812	0.00829	0.00477	0.06040	0.02459	0.80819
1.00000	0.02646	0.00460	0.06800	0.01730	0.04122	0.01274	0.77139	0.02030	0.03068	0.00731
1.00000	0.76437	0.00045	0.04139	0.04981	0.02165	0.04570	0.05843	0.01028	0.00438	0.00353
1.00000	0.06011	0.00280	0.00339	0.20695	0.00892	0.56816	0.08008	0.02044	0.03787	0.01129
1.00000	0.01147	0.00894	0.00311	0.00564	0.00272	0.89030	0.00439	0.00623	0.01304	0.05416
1.00000	0.02005	0.00319	0.03992	0.02639	0.02996	0.02419	0.81744	0.02574	0.00616	0.00696
1.00000	0.00179	0.00271	0.11589	0.00051	0.02689	0.06008	0.76268	0.00108	0.01990	0.00846
1.00000	0.01140	0.03798	0.08658	0.00367	0.02672	0.65332	0.07595	0.03134	0.05617	0.01685
1.00000	0.00806	0.01080	0.02343	0.05064	0.02482	0.01005	0.00504	0.48442	0.06052	0.32222
1.00000	0.35478	0.00912	0.08972	0.03397	0.02082	0.25732	0.00877	0.19364	0.01780	0.01406
1.00000	0.00451	0.00052	0.00019	0.00472	0.01170	0.00770	0.00069	0.94942	0.00170	0.01884
1.00000	0.02909	0.01647	0.00723	0.00729	0.02858	0.76006	0.00446	0.07003	0.02018	0.05660
1.00000	0.00041	0.00286	0.00305	0.00510	0.07016	0.01414	0.00735	0.10440	0.00561	0.78692
1.00000	0.01364	0.02996	0.01410	0.00601	0.54986	0.03151	0.17990	0.03244	0.02032	0.12225
1.00000	0.00280	0.00139	0.03908	0.00288	0.87172	0.00541	0.02445	0.02772	0.00188	0.02267
1.00000	0.00679	0.00024	0.00143	0.00157	0.15441	0.00512	0.00646	0.00852	0.00419	0.81128
1.00000	0.00072	0.00125	0.98058	0.00539	0.00072	0.00021	0.00215	0.00250	0.00562	0.00086
1.00000	0.88181	0.00073	0.04282	0.05221	0.00055	0.00241	0.00629	0.00692	0.00464	0.00161
1.00000	0.00950	0.00284	0.71874	0.02809	0.06248	0.03823	0.08897	0.00427	0.02715	0.01972
0.00000	0.00263	0.00207	0.00113	0.00330	0.07378	0.02818	0.04573	0.22871	0.00315	0.61133
1.00000	0.00389	0.88768	0.00274	0.00327	0.02892	0.02311	0.02531	0.01901	0.00238	0.00368
1.00000	0.00901	0.05662	0.04722	0.47271	0.00559	0.19403	0.05616	0.06471	0.06079	0.03317
1.00000	0.00275	0.00157	0.93817	0.00253	0.03933	0.00240	0.00314	0.00368	0.00460	0.00183
1.00000	0.69089	0.01504	0.10496	0.03515	0.01101	0.02645	0.04370	0.01197	0.04886	0.01197
1.00000	0.05465	0.03586	0.05777	0.00309	0.00376	0.01360	0.82748	0.00236	0.00094	0.00049
1.00000	0.00309	0.91037	0.03428	0.00410	0.00225	0.02036	0.00172	0.01512	0.00405	0.00466
1.00000	0.00042	0.00204	0.00162	0.05592	0.00103	0.00432	0.00059	0.90416	0.00244	0.02747
1.00000	0.00543	0.00529	0.00754	0.00466	0.19180	0.02364	0.01890	0.52116	0.03493	0.18665
0.00000	0.16358	0.00553	0.01961	0.03148	0.25652	0.06962	0.05572	0.16155	0.02033	0.21605
0.00000	0.00127	0.00027	0.00019	0.00179	0.09147	0.00537	0.04646	0.01830	0.11754	0.71734
1.00000	0.01030	0.00192	0.03281	0.00176	0.77569	0.00386	0.06644	0.05480	0.02308	0.02932
1.00000	0.00325	0.00029	0.00295	0.00040	0.00617	0.00206	0.00396	0.95477	0.00050	0.02566
1.00000	0.00368	0.08509	0.02620	0.00817	0.14881	0.03523	0.02156	0.43910	0.06631	0.16584
1.00000	0.00029	0.00495	0.05372	0.00171	0.25943	0.00336	0.63491	0.02740	0.00239	0.01185
1.00000	0.00149	0.00065	0.00305	0.01981	0.00083	0.00078	0.00052	0.00022	0.96619	0.00645
0.00000	0.02525	0.03130	0.09568	0.01921	0.49562	0.01252	0.09232	0.12671	0.01035	0.09103
1.00000	0.06655	0.04948	0.44732	0.13051	0.01818	0.02862	0.14204	0.00186	0.11339	0.00206
1.00000	0.00336	0.00214	0.00435	0.04309	0.00113	0.76187	0.00118	0.00162	0.18091	0.00035
1.00000	0.05229	0.00550	0.05732	0.00313	0.66361	0.04027	0.05945	0.03080	0.02096	0.06667
1.00000	0.03928	0.00414	0.01896	0.80125	0.00780	0.08162	0.00246	0.01224	0.02929	0.00295
1.00000	0.00081	0.00029	0.00059	0.00107	0.63446	0.02788	0.05454	0.00326	0.00125	0.27586
1.00000	0.00035	0.00015	0.00008	0.00169	0.00270	0.00333	0.00011	0.97277	0.00022	0.01861
0.00000	0.24488	0.01323	0.13403	0.12099	0.10731	0.12739	0.04939	0.07759	0.03694	0.08825
1.00000	0.00279	0.00215	0.02098	0.04383	0.00986	0.00535	0.00223	0.00171	0.88662	0.02449
1.00000	0.00101	0.00463	0.00362	0.02963	0.05385	0.00362	0.00614	0.09534	0.74474	0.05742
1.00000	0.00121	0.02057	0.00115	0.00442	0.00740	0.00300	0.00029	0.84430	0.00959	0.10807
1.00000	0.01867	0.74195	0.01258	0.02184	0.02067	0.05299	0.00724	0.08048	0.03223	0.01134
1.00000	0.01491	0.00758	0.10117	0.70533	0.01960	0.12531	0.00553	0.00124	0.01903	0.00029
1.00000	0.00243	0.00794	0.00964	0.00041	0.01166	0.00525	0.95462	0.00473	0.00162	0.00169
1.00000	0.00234	0.00128	0.00214	0.00009	0.10206	0.00425	0.01900	0.01021	0.01757	0.84104
1.00000	0.00150	0.94158	0.00465	0.00183	0.02670	0.00140	0.00331	0.00427	0.00317	0.01159
1.00000	0.00349	0.00854	0.00451	0.01471	0.02025	0.01023	0.01216	0.89106	0.00251	0.03253
1.00000	0.00037	0.00078	0.02339	0.01666	0.72912	0.00491	0.08684	0.01240	0.00490	0.12062
0.00000	0.01042	0.03471	0.13180	0.07981	0.33558	0.02817	0.22691	0.11886	0.00739	0.02635
1.00000	0.04549	0.01166	0.24166	0.44328	0.00976	0.07188	0.10487	0.04046	0.02624	0.00469
1.00000	0.85745	0.02619	0.01048	0.00740	0.01195	0.00988	0.01279	0.00447	0.05542	0.00397
1.00000	0.03562	0.07912	0.00570	0.03474	0.03752	0.43693	0.05913	0.08515	0.06041	0.16569
1.00000	0.03819	0.00378	0.04058	0.78175	0.00301	0.07981	0.02283	0.00880	0.01732	0.00394
1.00000	0.02937	0.01291	0.72093	0.00617	0.07747	0.00318	0.12260	0.01366	0.00727	0.00644
1.00000	0.00986	0.04227	0.20691	0.51761	0.00491	0.06592	0.01127	0.00444	0.10817	0.02864
1.00000	0.03630	0.00584	0.04512	0.19673	0.00371	0.63897	0.03794	0.01555	0.01754	0.00230
1.00000	0.00068	0.00030	0.00125	0.03945	0.00081	0.85696	0.00041	0.00040	0.09869	0.00106
1.00000	0.00007	0.00004	0.00004	0.00014	0.00560	0.00056	0.00105	0.00307	0.00306	0.98637
1.00000	0.03185	0.01568	0.05152	0.19953	0.01684	0.42475	0.04624	0.04752	0.10010	0.06597
1.00000	0.00064	0.00247	0.00242	0.00057	0.00285	0.00313	0.98656	0.00036	0.00077	0.00022
1.00000	0.00140	0.00020	0.00663	0.00111	0.86782	0.00724	0.02294	0.03526	0.00349	0.05392
1.00000	0.85143	0.00019	0.04948	0.03576	0.00256	0.03859	0.01194	0.00347	0.00504	0.00155
1.00000	0.01617	0.02859	0.00602	0.00951	0.01613	0.00944	0.03997	0.02843	0.58604	0.25970
1.00000	0.93693	0.00075	0.01488	0.00190	0.00516	0.00449	0.00706	0.00090	0.00313	0.02479
1.00000	0.00897	0.04901	0.02744	0.14493	0.00592	0.00951	0.00218	0.63983	0.03226	0.07994
1.00000	0.22038	0.01813	0.40007	0.08315	0.03360	0.09938	0.08503	0.01604	0.03883	0.00537
1.00000	0.05580	0.03420	0.02843	0.01611	0.02701	0.05465	0.02116	0.23677	0.30216	0.22372
1.00000	0.02970	0.06180	0.04920	0.18189	0.01451	0.05440	0.06899	0.03784	0.49134	0.01033
1.00000	0.07773	0.00550	0.11664	0.14638	0.00377	0.12029	0.05991	0.00392	0.45854	0.00733
1.00000	0.00046	0.00049	0.00008	0.00174	0.00031	0.00449	0.00004	0.99004	0.00013	0.00221
1.00000	0.01478	0.04925	0.54432	0.15200	0.00323	0.00645	0.02060	0.05169	0.11668	0.04099
1.00000	0.00164	0.00334	0.05175	0.00382	0.03574	0.01746	0.83533	0.02956	0.01277	0.00860
1.00000	0.83223	0.01119	0.01371	0.00273	0.02521	0.04757	0.04058	0.00726	0.01325	0.00628
1.00000	0.03090	0.00379	0.00263	0.02231	0.00454	0.69730	0.04258	0.00272	0.10479	0.08845
1.00000	0.01522	0.01084	0.00924	0.11912	0.00573	0.59757	0.01371	0.06231	0.14419	0.02208
1.00000	0.01406	0.00591	0.90671	0.02422	0.00550	0.00845	0.01107	0.00244	0.01883	0.00281
1.00000	0.01552	0.00593	0.01530	0.01156	0.01715	0.86202	0.04523	0.00308	0.01996	0.00424
1.00000	0.01747	0.71080	0.01653	0.02109	0.05820	0.04585	0.01973	0.03084	0.03402	0.04548
1.00000	0.00738	0.00274	0.01929	0.88096	0.00141	0.02206	0.00931	0.01241	0.02815	0.01630
1.00000	0.01938	0.00712	0.06621	0.00900	0.08191	0.01327	0.75010	0.01163	0.01093	0.03045
1.00000	0.09309	0.00127	0.12552	0.01336	0.59048	0.08199	0.06812	0.00839	0.00711	0.01068
1.00000	0.00375	0.07447	0.06001	0.05596	0.03416	0.00463	0.00712	0.64355	0.00785	0.10849
1.00000	0.00109	0.00055	0.01804	0.00014	0.86462	0.00648	0.04565	0.00955	0.00075	0.05313
1.00000	0.86684	0.00084	0.03890	0.03128	0.00092	0.02537	0.01458	0.00277	0.01276	0.00574
0.00000	0.02774	0.04816	0.36953	0.05267	0.00625	0.00368	0.00356	0.00459	0.48249	0.00134
1.00000	0.27908	0.01226	0.18661	0.00566	0.03467	0.03696	0.19534	0.17842	0.00779	0.06323
0.00000	0.00975	0.00758	0.30456	0.32372	0.00577	0.00953	0.00652	0.18819	0.11460	0.02978
1.00000	0.00798	0.00024	0.00094	0.00352	0.05702	0.02335	0.07017	0.01517	0.02281	0.79880
1.00000	0.00657	0.01100	0.83888	0.06667	0.00805	0.00515	0.00256	0.04066	0.01223	0.00823
1.00000	0.00405	0.02306	0.00674	0.09040	0.00891	0.68189	0.04650	0.00392	0.12307	0.01146
1.00000	0.25851	0.01434	0.46196	0.01871	0.02810	0.01106	0.13240	0.02446	0.04626	0.00420
0.00000	0.01119	0.01021	0.04328	0.00299	0.44362	0.08815	0.08951	0.02792	0.14257	0.14057
1.00000	0.00033	0.00375	0.00160	0.02668	0.05806	0.08277	0.00740	0.01368	0.14703	0.65869
1.00000	0.00059	0.00019	0.00026	0.00175	0.09417	0.00823	0.00164	0.02247	0.00176	0.86896
1.00000	0.01909	0.00359	0.05200	0.07130	0.05074	0.01373	0.72454	0.02050	0.02814	0.01637
1.00000	0.00745	0.00862	0.10107	0.11962	0.01737	0.00962	0.00524	0.00478	0.68451	0.04173
1.00000	0.09708	0.00176	0.76017	0.01559	0.01826	0.00528	0.01025	0.01693	0.06915	0.00554
1.00000	0.67625	0.00282	0.05053	0.01990	0.02542	0.05432	0.13613	0.00805	0.01643	0.01014
1.00000	0.02370	0.02004	0.03846	0.06445	0.00360	0.00749	0.01088	0.02153	0.77010	0.03975
1.00000	0.01204	0.01311	0.00461	0.01024	0.00157	0.85693	0.04898	0.00080	0.05031	0.00140
1.00000	0.00147	0.00097	0.00182	0.00275	0.75660	0.00682	0.04379	0.01799	0.01265	0.15514
1.00000	0.03450	0.00094	0.00971	0.00083	0.00721	0.00957	0.92611	0.00790	0.00229	0.00093
1.00000	0.00368	0.00219	0.01784	0.01634	0.59627	0.00818	0.07200	0.02919	0.10672	0.14759
1.00000	0.02162	0.00036	0.00064	0.00487	0.00485	0.00082	0.00084	0.94743	0.00030	0.01827
1.00000	0.01064	0.04781	0.06377	0.50446	0.03325	0.05201	0.00488	0.05464	0.16437	0.06416
1.00000	0.00939	0.00192	0.00329	0.00402	0.00472	0.01219	0.01597	0.00202	0.86878	0.07770
1.00000	0.04864	0.00657	0.38152	0.12541	0.01347	0.00482	0.00187	0.08194	0.32346	0.01230
1.00000	0.25070	0.00917	0.12623	0.00938	0.14788	0.03230	0.17912	0.14428	0.01637	0.08457
1.00000	0.00339	0.03651	0.01763	0.51575	0.00921	0.20503	0.04624	0.04100	0.10275	0.02250
1.00000	0.01688	0.03418	0.02521	0.00459	0.00861	0.03662	0.85236	0.00038	0.01821	0.00296
1.00000	0.00083	0.93991	0.00227	0.00258	0.00510	0.01682	0.00123	0.02778	0.00171	0.00177
1.00000	0.00286	0.00389	0.01042	0.83355	0.00066	0.09333	0.00243	0.01256	0.03852	0.00179
1.00000	0.07236	0.00092	0.13862	0.21416	0.01431	0.03374	0.01496	0.01295	0.46056	0.03742
1.00000	0.03076	0.00828	0.07497	0.10432	0.04067	0.03342	0.04978	0.01992	0.55954	0.07833
1.00000	0.00131	0.00393	0.00197	0.00657	0.00458	0.89413	0.04933	0.00033	0.01574	0.02211
0.00000	0.17059	0.04598	0.21173	0.21908	0.06248	0.00720	0.02092	0.03976	0.12252	0.09973
1.00000	0.01759	0.00642	0.13742	0.63822	0.00369	0.01426	0.00548	0.00475	0.16336	0.00880
1.00000	0.29807	0.03459	0.15665	0.37558	0.00318	0.03363	0.01249	0.04387	0.03880	0.00313
1.00000	0.01033	0.00136	0.00117	0.00328	0.66011	0.00533	0.08587	0.03662	0.03808	0.15785
1.00000	0.01574	0.02166	0.29809	0.32237	0.00479	0.02192	0.01188	0.00598	0.29295	0.00462
0.00000	0.01438	0.03937	0.44670	0.14106	0.04880	0.01279	0.09831	0.13431	0.01933	0.04495
1.00000	0.04593	0.02184	0.10615	0.06299	0.10655	0.07904	0.05585	0.08071	0.37726	0.06368
1.00000	0.00294	0.00241	0.09821	0.21196	0.09005	0.04677	0.02127	0.03732	0.47734	0.01173
1.00000	0.93523	0.00225	0.00917	0.00129	0.00255	0.01938	0.01283	0.00443	0.00397	0.00890
1.00000	0.00308	0.00118	0.00083	0.05810	0.00191	0.90208	0.00878	0.00359	0.01762	0.00283
1.00000	0.00193	0.03158	0.16028	0.79059	0.00246	0.00078	0.00108	0.00237	0.00847	0.00046
1.00000	0.01828	0.00138	0.03251	0.00190	0.65114	0.03366	0.03187	0.07164	0.03633	0.12130
1.00000	0.00335	0.04237	0.03655	0.01822	0.62118	0.07130	0.12215	0.02621	0.03069	0.02797
1.00000	0.00026	0.00010	0.00035	0.00253	0.02590	0.00214	0.01840	0.00430	0.02717	0.91885
1.00000	0.02906	0.02097	0.00245	0.02687	0.17437	0.13483	0.03982	0.15375	0.03041	0.38748
1.00000	0.00595	0.00278	0.24912	0.68598	0.02804	0.00292	0.00562	0.00290	0.01566	0.00104
1.00000	0.01230	0.00131	0.02702	0.04297	0.06827	0.01295	0.02918	0.08504	0.04578	0.67518
1.00000	0.00561	0.00712	0.00611	0.01371	0.03641	0.21808	0.04659	0.00171	0.54725	0.11740
1.00000	0.00019	0.00021	0.00006	0.00013	0.07160	0.00248	0.01681	0.00170	0.00643	0.90039
1.00000	0.00389	0.02754	0.01775	0.03251	0.05422	0.01273	0.05369	0.00354	0.69216	0.10198
1.00000	0.89637	0.01368	0.01400	0.01335	0.00193	0.01037	0.02714	0.00129	0.01977	0.00210
1.00000	0.00391	0.88762	0.03832	0.01304	0.00295	0.02720	0.00659	0.00815	0.00719	0.00504
1.00000	0.01032	0.00267	0.00396	0.43603	0.01345	0.03701	0.00142	0.04058	0.33562	0.11893
1.00000	0.89889	0.00154	0.02039	0.00704	0.00087	0.01381	0.04528	0.00228	0.00973	0.00017
1.00000	0.00820	0.01075	0.64969	0.03310	0.23004	0.01045	0.00699	0.02657	0.01030	0.01390
1.00000	0.00072	0.00306	0.00033	0.01315	0.02928	0.00400	0.00437	0.05491	0.06080	0.82938
1.00000	0.00113	0.00081	0.00100	0.00185	0.01154	0.00626	0.00016	0.88744	0.00142	0.08839
1.00000	0.01030	0.00916	0.02911	0.00361	0.01971	0.09441	0.11570	0.00231	0.69319	0.02251
1.00000	0.20411	0.00944	0.00765	0.00947	0.07924	0.07775	0.01015	0.46653	0.01274	0.12293
1.00000	0.87648	0.00372	0.10161	0.00477	0.00017	0.00301	0.00686	0.00067	0.00199	0.00072
1.00000	0.00130	0.00355	0.00119	0.00582	0.03621	0.00443	0.01010	0.08055	0.03654	0.82029
1.00000	0.05539	0.00490	0.21036	0.01631	0.06774	0.00477	0.60746	0.00347	0.00999	0.01961
1.00000	0.00048	0.01861	0.00144	0.00250	0.00175	0.00032	0.00072	0.88718	0.00189	0.08511
1.00000	0.03250	0.00087	0.00289	0.00125	0.79229	0.03843	0.02726	0.02148	0.00669	0.07633
1.00000	0.00281	0.00058	0.00619	0.00122	0.03899	0.00275	0.00164	0.78045	0.00149	0.16388
1.00000	0.00518	0.57448	0.12474	0.02692	0.02465	0.05116	0.03095	0.02156	0.12456	0.01580
1.00000	0.00035	0.00188	0.00024	0.03532	0.06453	0.01849	0.00549	0.01417	0.03910	0.82044
1.00000	0.01516	0.01019	0.59667	0.21602	0.00355	0.00513	0.02994	0.11377	0.00672	0.00284
1.00000	0.18017	0.01797	0.35577	0.06201	0.07220	0.08175	0.04706	0.07799	0.05628	0.04879
1.00000	0.00097	0.01511	0.75975	0.09631	0.00202	0.02030	0.05325	0.00566	0.04575	0.00089
1.00000	0.01533	0.88729	0.00563	0.00175	0.02831	0.00397	0.03729	0.00921	0.01040	0.00081
1.00000	0.00035	0.00447	0.04350	0.02750	0.04151	0.00555	0.00830	0.01275	0.83655	0.01952
1.00000	0.00183	0.00351	0.02999	0.84538	0.00734	0.01054	0.00632	0.00742	0.07251	0.01515
1.00000	0.00654	0.01039	0.02716	0.79012	0.00865	0.09196	0.01226	0.00482	0.04409	0.00400
1.00000	0.00969	0.00125	0.04791	0.85138	0.00096	0.00740	0.00037	0.00193	0.07798	0.00112
1.00000	0.00979	0.00055	0.00133	0.00064	0.02088	0.00578	0.00899	0.88607	0.00038	0.06558
1.00000	0.52060	0.00169	0.09988	0.14485	0.01234	0.08950	0.08450	0.03138	0.00489	0.01036
1.00000	0.22341	0.00912	0.07952	0.02037	0.11051	0.01538	0.05668	0.04388	0.21042	0.23071
1.00000	0.36679	0.01293	0.11171	0.00982	0.17665	0.04908	0.11303	0.08532	0.00938	0.06530
0.00000	0.00910	0.02888	0.02905	0.32384	0.03838	0.03730	0.03004	0.00878	0.44892	0.04571
1.00000	0.00061	0.98051	0.00155	0.00126	0.00085	0.00371	0.00445	0.00107	0.00322	0.00278
1.00000	0.01702	0.00815	0.00480	0.63152	0.00758	0.22453	0.00904	0.01528	0.07930	0.00278
1.00000	0.00636	0.00480	0.00772	0.01877	0.02713	0.02747	0.05639	0.81604	0.00645	0.02886
1.00000	0.02238	0.00178	0.00116	0.01099	0.00277	0.84422	0.05689	0.00034	0.05706	0.00241
1.00000	0.10582	0.21971	0.04519	0.02123	0.00704	0.36566	0.11332	0.00656	0.11222	0.00326
1.00000	0.01105	0.01322	0.00679	0.03640	0.01090	0.00543	0.00480	0.02161	0.80049	0.08931
1.00000	0.00210	0.00992	0.00530	0.07391	0.02398	0.00527	0.00212	0.73002	0.00241	0.14498
1.00000	0.02246	0.01384	0.02275	0.14680	0.00264	0.01691	0.01316	0.06210	0.65411	0.04524
1.00000	0.00102	0.07613	0.00744	0.00129	0.69960	0.01058	0.09151	0.00654	0.03410	0.07179
1.00000	0.00643	0.03998	0.00713	0.12833	0.00417	0.69329	0.04307	0.00155	0.06846	0.00759
1.00000	0.03443	0.00486	0.06293	0.00313	0.76739	0.01675	0.04119	0.01805	0.00430	0.04696
1.00000	0.00649	0.00541	0.87432	0.00251	0.05194	0.00692	0.04115	0.00250	0.00719	0.00155
1.00000	0.00397	0.04181	0.00289	0.00447	0.09956	0.00719	0.01107	0.06317	0.13101	0.63487
1.00000	0.00171	0.93966	0.00210	0.00708	0.00807	0.01310	0.00541	0.01297	0.00269	0.00720
1.00000	0.00122	0.00197	0.00187	0.00052	0.66508	0.07139	0.05491	0.00234	0.00076	0.19995
1.00000	0.00248	0.00920	0.03676	0.08439	0.00795	0.02347	0.01731	0.00887	0.73977	0.06981
1.00000	0.00006	0.00088	0.00013	0.00290	0.02803	0.00074	0.02451	0.01337	0.00229	0.92710
1.00000	0.03989	0.00460	0.00880	0.07944	0.00440	0.52183	0.00339	0.01640	0.22275	0.09848
0.00000	0.00813	0.16985	0.01049	0.14774	0.08444	0.27963	0.05866	0.19455	0.00238	0.04413
1.00000	0.00130	0.01025	0.00484	0.00119	0.00485	0.00214	0.00107	0.00066	0.93042	0.04327
1.00000	0.01153	0.00583	0.19263	0.17784	0.02887	0.00983	0.04722	0.00115	0.52138	0.00373
1.00000	0.87379	0.00041	0.06276	0.01470	0.00225	0.02242	0.00997	0.00618	0.00565	0.00188
1.00000	0.00314	0.00587	0.01092	0.06567	0.04263	0.33394	0.32061	0.01945	0.15309	0.04467
1.00000	0.06806	0.00474	0.52164	0.09111	0.01214	0.03503	0.03910	0.01252	0.20459	0.01107
1.00000	0.02607	0.00138	0.00233	0.00407	0.01044	0.18869	0.68463	0.00042	0.07664	0.00533
1.00000	0.02010	0.04476	0.09717	0.09891	0.01076	0.02141	0.01302	0.59926	0.02964	0.06495
1.00000	0.00261	0.02751	0.00660	0.66031	0.01130	0.09608	0.00400	0.07133	0.05049	0.06976
1.00000	0.00027	0.00004	0.00021	0.00136	0.01500	0.00320	0.00270	0.00817	0.00376	0.96528
1.00000	0.00062	0.00149	0.89581	0.03152	0.00905	0.00212	0.00884	0.01393	0.03511	0.00152
1.00000	0.00979	0.00235	0.01958	0.04759	0.00301	0.00596	0.00664	0.00304	0.87539	0.02665
1.00000	0.02283	0.00182	0.00468	0.00152	0.06517	0.69954	0.11840	0.00126	0.01745	0.06733
0.00000	0.01938	0.02161	0.22356	0.04191	0.19267	0.06806	0.09308	0.16483	0.08566	0.08924
1.00000	0.00038	0.00246	0.00075	0.01327	0.02359	0.07224	0.02055	0.05031	0.05509	0.76136
1.00000	0.00482	0.00159	0.92749	0.01730	0.00776	0.00243	0.01304	0.01442	0.00262	0.00854
1.00000	0.00074	0.00053	0.03780	0.00839	0.04534	0.00181	0.88854	0.00448	0.00444	0.00791
1.00000	0.00039	0.00025	0.00627	0.00076	0.09613	0.00301	0.00545	0.03559	0.00419	0.84796
1.00000	0.00101	0.02119	0.71890	0.03548	0.03749	0.00369	0.02777	0.13779	0.00273	0.01394
1.00000	0.88969	0.00074	0.01962	0.04140	0.00020	0.01778	0.02165	0.00357	0.00197	0.00338
1.00000	0.01665	0.13046	0.04237	0.00624	0.03409	0.12439	0.60867	0.00074	0.01861	0.01778
0.00000	0.00619	0.00237	0.07194	0.10905	0.02708	0.01427	0.01802	0.03530	0.67137	0.04441
1.00000	0.78787	0.01289	0.06399	0.00183	0.01667	0.05921	0.03866	0.00218	0.01573	0.00097
1.00000	0.21877	0.01896	0.07278	0.01626	0.01580	0.15504	0.43541	0.04861	0.01528	0.00310
0.00000	0.34902	0.00113	0.04036	0.04244	0.01222	0.36490	0.03272	0.09264	0.02783	0.03673
1.00000	0.02012	0.01987	0.02868	0.67590	0.00290	0.11621	0.09328	0.00747	0.03260	0.00297
1.00000	0.00100	0.00671	0.88634	0.03878	0.00301	0.00422	0.02634	0.02436	0.00361	0.00562
1.00000	0.00189	0.00110	0.02719	0.00049	0.00704	0.00272	0.94446	0.00390	0.00509	0.00613
1.00000	0.00414	0.05428	0.03952	0.06722	0.01676	0.11468	0.02826	0.13588	0.06153	0.47773
1.00000	0.00512	0.00378	0.00038	0.00573	0.00312	0.00192	0.00308	0.91550	0.00222	0.05916
1.00000	0.00118	0.00026	0.00119	0.00163	0.07710	0.00137	0.02243	0.07024	0.00248	0.82213
1.00000	0.66925	0.00241	0.02220	0.08797	0.00493	0.15540	0.00484	0.02819	0.01638	0.00842
1.00000	0.00450	0.00152	0.00245	0.01366	0.03152	0.00257	0.00721	0.15792	0.02799	0.75064
0.00000	0.13229	0.01140	0.15174	0.33352	0.03278	0.02340	0.03260	0.00574	0.25778	0.01875
1.00000	0.02889	0.00172	0.02734	0.04109	0.02327	0.03501	0.03510	0.02676	0.59913	0.18169
1.00000	0.00035	0.00607	0.08369	0.00215	0.08714	0.00063	0.75637	0.01495	0.00133	0.04733
1.00000	0.00346	0.00552	0.00105	0.05514	0.03217	0.02332	0.00668	0.82210	0.00662	0.04393
1.00000	0.12824	0.00867	0.00352	0.08967	0.01229	0.49735	0.06215	0.00808	0.18458	0.00547
1.00000	0.82055	0.00133	0.02472	0.02251	0.00487	0.09039	0.01220	0.00232	0.01939	0.00172
1.00000	0.00185	0.92164	0.00295	0.00747	0.00217	0.02434	0.02214	0.01554	0.00088	0.00101
0.00000	0.38232	0.00477	0.03759	0.21508	0.01486	0.20356	0.02142	0.00391	0.10762	0.00887
1.00000	0.00973	0.00055	0.69478	0.00722	0.12869	0.01010	0.01011	0.06186	0.03282	0.04414
1.00000	0.00696	0.00053	0.00460	0.00523	0.00102	0.74750	0.00414	0.00041	0.22844	0.00118
1.00000	0.02095	0.00298	0.02025	0.00393	0.69042	0.01087	0.05273	0.07285	0.01886	0.10615
1.00000	0.00151	0.00640	0.03597	0.00792	0.14678	0.01538	0.00871	0.74608	0.01536	0.01589
1.00000	0.01495	0.01139	0.37243	0.25994	0.00922	0.02555	0.04487	0.06826	0.17271	0.02068
1.00000	0.00194	0.00205	0.03453	0.09708	0.03023	0.01081	0.01180	0.00424	0.80021	0.00710
1.00000	0.00565	0.00156	0.00766	0.00073	0.00371	0.01512	0.95963	0.00007	0.00502	0.00087
1.00000	0.05963	0.00687	0.14063	0.00356	0.11762	0.00226	0.47026	0.00680	0.11032	0.08204
1.00000	0.00131	0.94449	0.00351	0.00180	0.02894	0.00657	0.00170	0.01080	0.00043	0.00045
0.00000	0.35808	0.02186	0.25208	0.12434	0.01139	0.07317	0.02688	0.05885	0.05746	0.01588
1.00000	0.00140	0.00053	0.00084	0.00093	0.00116	0.00069	0.00025	0.97499	0.00031	0.01890
1.00000	0.00403	0.01548	0.67913	0.00999	0.15201	0.00330	0.04150	0.04546	0.02298	0.02611
1.00000	0.14648	0.00238	0.30178	0.16996	0.01134	0.08002	0.01308	0.00213	0.26979	0.00305
1.00000	0.12334	0.00347	0.04541	0.05808	0.04617	0.46251	0.07757	0.01001	0.11955	0.05389
1.00000	0.00068	0.00037	0.00060	0.00271	0.00960	0.00468	0.00025	0.91120	0.00059	0.06933
1.00000	0.10285	0.00566	0.01564	0.03173	0.02463	0.09299	0.68617	0.00571	0.02468	0.00993
1.00000	0.90123	0.00036	0.05384	0.02184	0.00170	0.00470	0.00819	0.00139	0.00564	0.00112
1.00000	0.00903	0.00105	0.00833	0.65239	0.00674	0.17267	0.01172	0.00378	0.10712	0.02716
1.00000	0.00029	0.00058	0.00058	0.00021	0.82239	0.00251	0.04460	0.00229	0.00406	0.12248
1.00000	0.00484	0.00215	0.89284	0.05005	0.01254	0.00909	0.01829	0.00199	0.00724	0.00097
1.00000	0.01450	0.00967	0.01096	0.01111	0.52404	0.05892	0.11492	0.05825	0.09470	0.10292
1.00000	0.03890	0.00229	0.03331	0.12033	0.00441	0.69747	0.00927	0.00727	0.07587	0.01089
1.00000	0.01634	0.75190	0.02044	0.01135	0.01267	0.03640	0.11528	0.00368	0.02906	0.00286
1.00000	0.00153	0.01292	0.03869	0.02080	0.11192	0.02884	0.02531	0.56254	0.02109	0.17634
1.00000	0.00964	0.00917	0.15749	0.03035	0.03083	0.09854	0.10318	0.00973	0.53227	0.01880
1.00000	0.62554	0.01324	0.10683	0.06993	0.01420	0.01836	0.10441	0.00532	0.03987	0.00230
1.00000	0.00933	0.93456	0.00417	0.00098	0.00964	0.00252	0.01285	0.02029	0.00399	0.00166
1.00000	0.02921	0.00216	0.01735	0.00649	0.88332	0.00285	0.01516	0.02595	0.00211	0.01539
1.00000	0.00177	0.00055	0.00349	0.00463	0.74544	0.00178	0.04085	0.13647	0.00243	0.06260
1.00000	0.02088	0.01056	0.00599	0.01996	0.00687	0.78670	0.02175	0.00755	0.09823	0.02149
1.00000	0.01227	0.02337	0.00541	0.03476	0.04251	0.48492	0.01291	0.08742	0.16425	0.13218
1.00000	0.00075	0.00030	0.00245	0.00171	0.06466	0.00379	0.00954	0.01736	0.00631	0.89313
1.00000	0.68846	0.00330	0.09560	0.02866	0.03088	0.00781	0.05990	0.00256	0.04257	0.04027
1.00000	0.00035	0.00362	0.97243	0.00022	0.00448	0.00067	0.01130	0.00145	0.00497	0.00052
1.00000	0.01529	0.66850	0.03013	0.00773	0.06170	0.02833	0.00952	0.06162	0.07358	0.04360
1.00000	0.02061	0.00650	0.02904	0.00545	0.77886	0.00915	0.06088	0.06692	0.00956	0.01303
1.00000	0.86780	0.00212	0.01034	0.00462	0.01699	0.00459	0.00924	0.01388	0.05310	0.01732
1.00000	0.00035	0.00036	0.00009	0.00737	0.00080	0.00034	0.00052	0.96278	0.00013	0.02726
1.00000	0.00803	0.03439	0.11663	0.04899	0.14924	0.04101	0.12182	0.05444	0.25765	0.16780
1.00000	0.04410	0.01154	0.00127	0.16925	0.03256	0.31993	0.03613	0.05418	0.13207	0.19897
0.00000	0.02164	0.17713	0.03811	0.04537	0.04310	0.12746	0.00666	0.12888	0.19516	0.21650
1.00000	0.00300	0.02438	0.02815	0.00243	0.07993	0.05258	0.04717	0.00433	0.02906	0.72897
1.00000	0.11377	0.00488	0.02297	0.16085	0.04029	0.33920	0.01368	0.00854	0.26903	0.02680
0.00000	0.02663	0.06456	0.01974	0.20110	0.06103	0.11199	0.14342	0.00448	0.18819	0.17885
1.00000	0.00090	0.00063	0.00254	0.00084	0.91821	0.00445	0.01719	0.01327	0.00414	0.03783
1.00000	0.00052	0.00081	0.04891	0.04568	0.12288	0.00168	0.00565	0.72576	0.00109	0.04702
1.00000	0.00285	0.83928	0.01364	0.00608	0.07234	0.00200	0.00252	0.05118	0.00667	0.00344
1.00000	0.07350	0.00486	0.00456	0.00345	0.06307	0.04538	0.01017	0.69143	0.00455	0.09901
1.00000	0.00346	0.02741	0.02440	0.01710	0.00200	0.01603	0.00034	0.87708	0.01031	0.02187
1.00000	0.02258	0.17279	0.48104	0.15788	0.00371	0.00618	0.06590	0.01228	0.07533	0.00231
1.00000	0.00012	0.00141	0.99139	0.00348	0.00030	0.00099	0.00083	0.00059	0.00080	0.00009
1.00000	0.00139	0.96310	0.00145	0.00106	0.01272	0.00274	0.00092	0.01557	0.00014	0.00091
1.00000	0.00091	0.96477	0.00435	0.00151	0.01202	0.00364	0.00153	0.00578	0.00212	0.00335
1.00000	0.00230	0.00018	0.00061	0.00401	0.10325	0.02109	0.00708	0.01789	0.00775	0.83584
1.00000	0.00579	0.86410	0.01152	0.00543	0.01061	0.00843	0.00970	0.07353	0.00770	0.00319
1.00000	0.67165	0.01692	0.03732	0.00151	0.02463	0.02874	0.10162	0.04754	0.00554	0.06451
1.00000	0.00042	0.00036	0.00192	0.00191	0.00132	0.00131	0.00022	0.00060	0.98945	0.00248
1.00000	0.78923	0.00239	0.04750	0.01045	0.00129	0.12581	0.01656	0.00100	0.00438	0.00139
1.00000	0.00052	0.00048	0.00353	0.00011	0.94832	0.01697	0.01328	0.00761	0.00087	0.00830
1.00000	0.00229	0.02612	0.01009	0.00836	0.66122	0.01607	0.08537	0.00519	0.02276	0.16252
1.00000	0.03169	0.00338	0.74766	0.01712	0.01943	0.04917	0.07229	0.00119	0.05691	0.00117
1.00000	0.00681	0.00476	0.05236	0.74492	0.01757	0.06095	0.02395	0.00365	0.07776	0.00727
1.00000	0.00043	0.00027	0.00121	0.00135	0.00325	0.00142	0.00006	0.98842	0.00009	0.00350
1.00000	0.79139	0.00665	0.02584	0.01434	0.00566	0.10855	0.01668	0.00537	0.01147	0.01405
1.00000	0.02104	0.00855	0.00758	0.00061	0.00270	0.00926	0.94690	0.00027	0.00268	0.00041
1.00000	0.00068	0.00030	0.00142	0.00350	0.71739	0.02830	0.01025	0.00522	0.00169	0.23125
1.00000	0.00835	0.01880	0.02112	0.07625	0.02371	0.00483	0.00241	0.80984	0.01120	0.02350
1.00000	0.05743	0.01453	0.16372	0.11921	0.01938	0.00631	0.01383	0.02426	0.50807	0.07326
1.00000	0.00108	0.94929	0.00110	0.00661	0.01581	0.00303	0.00722	0.00829	0.00368	0.00390
1.00000	0.01493	0.13018	0.06274	0.31163	0.04543	0.12115	0.01010	0.02815	0.16740	0.10829
1.00000	0.00663	0.00667	0.05031	0.49584	0.00366	0.01286	0.00171	0.08492	0.32504	0.01237
1.00000	0.01870	0.05283	0.77181	0.05514	0.00211	0.01076	0.01256	0.00098	0.07332	0.00180
1.00000	0.00537	0.00463	0.86361	0.00445	0.00271	0.00610	0.10682	0.00158	0.00380	0.00094
0.00000	0.01777	0.02718	0.27268	0.17412	0.01028	0.01548	0.01773	0.01114	0.44477	0.00885
1.00000	0.86661	0.00117	0.06146	0.01334	0.00361	0.02916	0.02160	0.00066	0.00216	0.00024
1.00000	0.00563	0.00047	0.84024	0.02321	0.01551	0.00190	0.01884	0.01415	0.04684	0.03321
1.00000	0.00398	0.00963	0.04355	0.87084	0.00079	0.06507	0.00065	0.00112	0.00364	0.00073
1.00000	0.00501	0.02643	0.08155	0.08952	0.02432	0.18658	0.03336	0.00282	0.54497	0.00543
1.00000	0.01244	0.00096	0.05385	0.00079	0.00479	0.01162	0.90484	0.00488	0.00503	0.00080
1.00000	0.00197	0.01942	0.00199	0.00429	0.01133	0.04505	0.00235	0.03438	0.02295	0.85628
0.00000	0.03274	0.08197	0.01250	0.21391	0.02700	0.09894	0.02120	0.27191	0.11733	0.12249
1.00000	0.00080	0.01163	0.06564	0.05876	0.08339	0.02095	0.70871	0.01461	0.00758	0.02795
1.00000	0.01042	0.00391	0.02495	0.02236	0.00163	0.06688	0.00791	0.00307	0.84308	0.01578
1.00000	0.00217	0.00044	0.00463	0.01000	0.00059	0.92633	0.02249	0.00030	0.03285	0.00019
0.00000	0.00496	0.03708	0.14667	0.00598	0.18295	0.00595	0.30864	0.00126	0.22990	0.07660
1.00000	0.00419	0.00032	0.01420	0.02964	0.17669	0.00323	0.07224	0.00942	0.01192	0.67815
1.00000	0.00392	0.01714	0.00568	0.00682	0.00355	0.05250	0.01046	0.78342	0.03766	0.07885
1.00000	0.00452	0.17249	0.67806	0.07111	0.00525	0.00319	0.03858	0.00219	0.02376	0.00086
1.00000	0.00218	0.00215	0.00010	0.00063	0.00053	0.00176	0.00014	0.98784	0.00102	0.00365
1.00000	0.02087	0.00342	0.09755	0.06661	0.00668	0.00214	0.01036	0.01381	0.72238	0.05618
1.00000	0.00851	0.00599	0.01193	0.33185	0.02042	0.13658	0.00332	0.01309	0.31666	0.15165
1.00000	0.09407	0.00738	0.01819	0.08562	0.00538	0.57294	0.08954	0.00304	0.12118	0.00266
1.00000	0.46371	0.00506	0.06781	0.00584	0.02931	0.02446	0.21969	0.00316	0.10471	0.07625
1.00000	0.00917	0.07747	0.25568	0.10653	0.00600	0.00127	0.00447	0.37185	0.15388	0.01368
1.00000	0.00047	0.00060	0.00044	0.00042	0.81116	0.02967	0.03334	0.00333	0.00110	0.11947
1.00000	0.01445	0.00019	0.00468	0.01592	0.08198	0.00551	0.01001	0.03453	0.01371	0.81903
1.00000	0.05568	0.08014	0.08206	0.41695	0.06950	0.15306	0.05374	0.00888	0.07496	0.00503
1.00000	0.05279	0.01190	0.04791	0.19888	0.00642	0.48306	0.01057	0.01732	0.16852	0.00262
1.00000	0.00093	0.00045	0.00145	0.00207	0.84875	0.04024	0.02746	0.04343	0.00376	0.03145
0.00000	0.02907	0.02643	0.28374	0.21554	0.00567	0.07152	0.17027	0.00528	0.18855	0.00394
1.00000	0.86506	0.00072	0.05247	0.01829	0.00153	0.00568	0.03168	0.00134	0.01910	0.00413
1.00000	0.01287	0.01039	0.76142	0.13379	0.00406	0.00256	0.01935	0.00380	0.05062	0.00115
1.00000	0.02581	0.00437	0.24850	0.01433	0.13775	0.04391	0.07750	0.11026	0.00694	0.33064
1.00000	0.16846	0.02569	0.09319	0.56398	0.00917	0.05692	0.02533	0.00628	0.04946	0.00154
1.00000	0.00203	0.98274	0.00239	0.00060	0.00499	0.00090	0.00074	0.00479	0.00033	0.00049
1.00000	0.01804	0.00059	0.03535	0.00257	0.00352	0.20883	0.70797	0.01070	0.00770	0.00473
1.00000	0.00013	0.00007	0.00014	0.00142	0.04903	0.00562	0.00172	0.00828	0.00926	0.92433
1.00000	0.00472	0.87358	0.00327	0.00078	0.04128	0.00500	0.00712	0.04133	0.00165	0.02129
1.00000	0.00047	0.00033	0.00027	0.00434	0.05392	0.00330	0.00460	0.02247	0.01274	0.89754
1.00000	0.03001	0.04030	0.09057	0.69775	0.00142	0.09194	0.02926	0.00707	0.01050	0.00117
0.00000	0.49591	0.01021	0.30319	0.11368	0.00311	0.01717	0.01953	0.01003	0.02420	0.00298
1.00000	0.04455	0.00144	0.03487	0.00323	0.65768	0.02433	0.14387	0.03802	0.00528	0.04672
1.00000	0.00364	0.00142	0.00029	0.00589	0.56215	0.02146	0.03918	0.04648	0.00236	0.31714
1.00000	0.02510	0.02728	0.08592	0.69298	0.00141	0.02892	0.00304	0.05409	0.07615	0.00512
1.00000	0.85982	0.00171	0.02587	0.01138	0.00237	0.04197	0.00828	0.00313	0.01053	0.03494
1.00000	0.01609	0.00495	0.01729	0.00880	0.71062	0.02027	0.11087	0.05788	0.02306	0.03017
1.00000	0.04643	0.00038	0.01176	0.00543	0.69813	0.07485	0.06157	0.02806	0.01711	0.05628
1.00000	0.00256	0.85358	0.00405	0.01645	0.00663	0.05064	0.00508	0.03845	0.01740	0.00517
1.00000	0.01451	0.01138	0.02828	0.35783	0.03081	0.16245	0.01632	0.03635	0.27679	0.06528
1.00000	0.50691	0.00207	0.20555	0.02805	0.02661	0.04072	0.09636	0.01302	0.05233	0.02839
1.00000	0.00651	0.00153	0.00023	0.00272	0.02538	0.03621	0.01815	0.00682	0.00561	0.89685
1.00000	0.00061	0.00045	0.00014	0.00200	0.18509	0.00076	0.04760	0.00126	0.01129	0.75079
1.00000	0.00646	0.11928	0.02858	0.00395	0.03211	0.06988	0.70093	0.00154	0.02447	0.01280
1.00000	0.00036	0.01013	0.10120	0.01474	0.00283	0.01168	0.01834	0.00048	0.83984	0.00039
1.00000	0.01521	0.03973	0.66363	0.12341	0.00878	0.00793	0.01233	0.10667	0.01969	0.00263
0.00000	0.01591	0.00996	0.00351	0.12043	0.03150	0.38239	0.05235	0.05015	0.09620	0.23759
1.00000	0.00288	0.16779	0.01723	0.01257	0.16498	0.05931	0.03300	0.40960	0.02240	0.11025
1.00000	0.10677	0.00745	0.03178	0.08948	0.00148	0.55435	0.04894	0.00458	0.15386	0.00131
1.00000	0.00315	0.01054	0.23654	0.17219	0.07072	0.00589	0.03267	0.27858	0.08338	0.10634
1.00000	0.00467	0.01537	0.01578	0.00734	0.00699	0.00420	0.00495	0.00110	0.90588	0.03374
1.00000	0.03826	0.01608	0.00502	0.01638	0.09085	0.01936	0.02308	0.09753	0.12563	0.56780
1.00000	0.02592	0.00428	0.68147	0.01032	0.09036	0.04908	0.01026	0.00593	0.10315	0.01923
1.00000	0.03969	0.01138	0.00544	0.00183	0.00761	0.81646	0.04998	0.00481	0.05655	0.00626
1.00000	0.00362	0.00126	0.94386	0.01547	0.02024	0.00071	0.00439	0.00228	0.00561	0.00256
1.00000	0.04526	0.01202	0.02885	0.48697	0.02035	0.26570	0.00391	0.01419	0.08922	0.03354
1.00000	0.02812	0.03318	0.02410	0.00962	0.01599	0.10875	0.03165	0.00475	0.59297	0.15087
1.00000	0.00822	0.00592	0.53097	0.12901	0.00357	0.00585	0.00527	0.00112	0.28150	0.02857
1.00000	0.00421	0.00443	0.07843	0.64030	0.00262	0.01823	0.00995	0.04685	0.18753	0.00744
1.00000	0.00037	0.00083	0.00146	0.01711	0.08095	0.00518	0.00508	0.01246	0.04568	0.83089
1.00000	0.00025	0.00610	0.00815	0.00015	0.00104	0.00174	0.98133	0.00034	0.00070	0.00021
1.00000	0.00141	0.00566	0.00221	0.01635	0.01631	0.00342	0.00353	0.86691	0.00153	0.08267
1.00000	0.85516	0.00317	0.08542	0.00111	0.00545	0.00439	0.03728	0.00204	0.00250	0.00348
1.00000	0.84384	0.00317	0.00925	0.01491	0.00294	0.05587	0.01985	0.02774	0.00405	0.01838
1.00000	0.00397	0.00169	0.04348	0.00496	0.02997	0.80373	0.05078	0.01886	0.00399	0.03857
1.00000	0.00309	0.00386	0.72669	0.03401	0.00144	0.00352	0.21024	0.01103	0.00460	0.00152
1.00000	0.00334	0.01122	0.15232	0.78664	0.00343	0.00423	0.00294	0.00569	0.02965	0.00054
1.00000	0.00903	0.02752	0.58773	0.06454	0.06316	0.01496	0.05482	0.06446	0.03878	0.07501
1.00000	0.00505	0.00074	0.00249	0.00252	0.03829	0.78852	0.00692	0.00076	0.11855	0.03617
1.00000	0.01284	0.81090	0.00897	0.00834	0.05988	0.04849	0.01107	0.01951	0.01441	0.00560
1.00000	0.77935	0.00765	0.07250	0.00226	0.02339	0.01338	0.04343	0.02437	0.00875	0.02493
1.00000	0.02118	0.02636	0.23851	0.29029	0.00484	0.00172	0.00391	0.33439	0.07709	0.00170
1.00000	0.01191	0.00395	0.03217	0.00317	0.00783	0.00119	0.00699	0.00052	0.92692	0.00535
0.00000	0.00055	0.00279	0.00398	0.00153	0.24017	0.00662	0.06977	0.00860	0.00753	0.65846
1.00000	0.03853	0.00041	0.00391	0.00329	0.54337	0.04253	0.12802	0.03512	0.01645	0.18837
1.00000	0.00258	0.02486	0.51998	0.08990	0.00334	0.00305	0.00578	0.00205	0.34805	0.00041
1.00000	0.00099	0.00905	0.84878	0.00397	0.02001	0.00265	0.05714	0.00047	0.05629	0.00065
1.00000	0.00665	0.02952	0.02772	0.24643	0.05587	0.15609	0.02249	0.03993	0.32243	0.09287
