0.00000	0.12125	0.05948	0.11257	0.15077	0.08121	0.09988	0.10866	0.07212	0.11399	0.08005
0.00000	0.12645	0.06243	0.11457	0.15016	0.08062	0.09954	0.11046	0.06630	0.11030	0.07916
0.00000	0.12111	0.06039	0.11355	0.14652	0.07825	0.10569	0.10793	0.07205	0.11200	0.08252
0.00000	0.12147	0.06020	0.10812	0.14931	0.07775	0.10014	0.11782	0.06604	0.11283	0.08632
0.00000	0.12287	0.06010	0.11494	0.15370	0.07758	0.09991	0.11095	0.07110	0.10953	0.07931
0.00000	0.12057	0.05857	0.11075	0.15681	0.08172	0.09388	0.11590	0.06492	0.11488	0.08201
0.00000	0.11874	0.05806	0.10425	0.15057	0.07850	0.10202	0.11699	0.07213	0.11386	0.08489
0.00000	0.11503	0.06113	0.10944	0.14771	0.08306	0.10230	0.11135	0.07814	0.10954	0.08231
0.00000	0.12476	0.06004	0.11175	0.15036	0.08246	0.09976	0.10906	0.06896	0.11475	0.07809
0.00000	0.12230	0.06470	0.11236	0.15387	0.07885	0.10412	0.11495	0.06595	0.11056	0.07233
0.00000	0.12476	0.06014	0.10804	0.15157	0.08083	0.10163	0.11262	0.06891	0.11207	0.07941
0.00000	0.11418	0.06302	0.11037	0.14492	0.08544	0.10411	0.10864	0.07859	0.10966	0.08108
0.00000	0.12297	0.05765	0.10943	0.15700	0.08059	0.09534	0.11229	0.06777	0.11646	0.08049
0.00000	0.12457	0.05817	0.11023	0.15145	0.07971	0.09956	0.11039	0.07033	0.11514	0.08045
0.00000	0.11895	0.06188	0.10614	0.15136	0.08113	0.09506	0.12010	0.07009	0.11199	0.08331
1.00000	0.12319	0.05892	0.11348	0.14705	0.07873	0.10490	0.10426	0.07209	0.11244	0.08494
0.00000	0.12346	0.05823	0.10967	0.15315	0.07891	0.09922	0.11367	0.07018	0.11457	0.07893
0.00000	0.11794	0.06017	0.11061	0.14618	0.08007	0.10837	0.10936	0.07397	0.10921	0.08412
0.00000	0.12277	0.05996	0.10973	0.15525	0.07833	0.09971	0.11169	0.06913	0.11477	0.07866
0.00000	0.12564	0.05996	0.11043	0.15334	0.07850	0.10102	0.11066	0.06933	0.11254	0.07858
1.00000	0.11909	0.05675	0.11273	0.14777	0.07838	0.11000	0.11210	0.07237	0.10841	0.08240
0.00000	0.12281	0.05894	0.11357	0.15432	0.08066	0.10220	0.10593	0.06651	0.11670	0.07837
0.00000	0.12542	0.06058	0.11058	0.15568	0.08107	0.10110	0.10981	0.06310	0.11481	0.07785
0.00000	0.11757	0.06084	0.11126	0.15393	0.08009	0.10079	0.11491	0.06982	0.11423	0.07655
0.00000	0.12424	0.06014	0.11213	0.15193	0.07963	0.10374	0.11095	0.06674	0.11115	0.07936
0.00000	0.11262	0.06210	0.11424	0.14546	0.08258	0.10484	0.10669	0.07668	0.10995	0.08483
0.00000	0.12971	0.06101	0.11469	0.14964	0.07782	0.10115	0.10978	0.06758	0.10854	0.08008
0.00000	0.11503	0.06395	0.11406	0.14213	0.08506	0.10925	0.10900	0.07244	0.10823	0.08085
0.00000	0.12001	0.06089	0.10937	0.15504	0.08040	0.09798	0.11724	0.06598	0.11405	0.07905
0.00000	0.11412	0.06169	0.11425	0.14972	0.08164	0.10763	0.10615	0.07530	0.10960	0.07989
0.00000	0.12002	0.05851	0.10605	0.15559	0.08223	0.09908	0.11786	0.06820	0.10924	0.08322
1.00000	0.11387	0.05932	0.11062	0.14727	0.08089	0.10425	0.11745	0.07350	0.10900	0.08383
0.00000	0.12124	0.05975	0.10447	0.15170	0.08073	0.09945	0.11647	0.06988	0.11329	0.08302
0.00000	0.11552	0.06234	0.11229	0.15296	0.07861	0.09886	0.11189	0.06863	0.11938	0.07952
0.00000	0.11744	0.06126	0.11484	0.14717	0.08007	0.10787	0.10544	0.07280	0.10731	0.08580
0.00000	0.12321	0.05998	0.11371	0.14804	0.08489	0.10194	0.10818	0.07212	0.10642	0.08152
0.00000	0.12632	0.06057	0.10823	0.15128	0.07921	0.10322	0.11321	0.06574	0.10738	0.08483
0.00000	0.11737	0.05968	0.10863	0.14738	0.08118	0.10148	0.10898	0.07381	0.11862	0.08287
0.00000	0.12644	0.05940	0.11080	0.15616	0.07870	0.09750	0.10709	0.06924	0.11555	0.07913
0.00000	0.11955	0.06132	0.10443	0.14703	0.08456	0.10553	0.11708	0.06735	0.10917	0.08398
1.00000	0.11648	0.05935	0.10991	0.14528	0.08118	0.10839	0.12086	0.07118	0.10551	0.08185
0.00000	0.11551	0.06124	0.10759	0.14921	0.08810	0.10353	0.11479	0.07430	0.10510	0.08064
0.00000	0.11940	0.06112	0.10602	0.14470	0.07669	0.10304	0.11682	0.07590	0.11325	0.08307
0.00000	0.12599	0.06232	0.10987	0.15437	0.08107	0.09825	0.10906	0.07017	0.11251	0.07640
0.00000	0.11548	0.05839	0.10656	0.14410	0.08238	0.10712	0.11673	0.07659	0.10747	0.08519
0.00000	0.12269	0.06087	0.11026	0.15049	0.08002	0.10129	0.11031	0.07136	0.11132	0.08140
1.00000	0.11695	0.06048	0.11476	0.14103	0.07818	0.11236	0.10858	0.07404	0.10733	0.08629
1.00000	0.12444	0.05923	0.11358	0.15045	0.07848	0.10467	0.11276	0.07137	0.10292	0.08208
0.00000	0.12029	0.05893	0.11135	0.15100	0.08164	0.10157	0.11419	0.06875	0.10627	0.08600
0.00000	0.11659	0.05623	0.11004	0.15392	0.07765	0.10987	0.11259	0.07500	0.10395	0.08416
0.00000	0.11815	0.06110	0.10874	0.15342	0.08047	0.09802	0.11215	0.06856	0.12046	0.07893
0.00000	0.12189	0.05995	0.10879	0.14954	0.07727	0.10467	0.11344	0.07412	0.10737	0.08297
0.00000	0.12172	0.06004	0.10906	0.15570	0.08133	0.09280	0.11398	0.06825	0.11284	0.08429
0.00000	0.12593	0.06258	0.11230	0.15153	0.07683	0.09921	0.11101	0.06731	0.11690	0.07639
0.00000	0.12053	0.05900	0.10348	0.14596	0.07694	0.10496	0.11851	0.07269	0.11231	0.08562
0.00000	0.12623	0.06010	0.10799	0.15456	0.08178	0.09876	0.11098	0.06833	0.11277	0.07850
0.00000	0.12489	0.06063	0.11112	0.15187	0.08237	0.10013	0.10782	0.06808	0.11188	0.08121
0.00000	0.11598	0.06350	0.11405	0.15149	0.07482	0.10611	0.11162	0.07278	0.11605	0.07360
0.00000	0.11255	0.06228	0.11476	0.14468	0.08360	0.10744	0.11059	0.07213	0.10905	0.08293
0.00000	0.12792	0.06397	0.10749	0.15144	0.07900	0.10247	0.11193	0.06678	0.10942	0.07959
0.00000	0.11768	0.05944	0.11243	0.14847	0.08164	0.10642	0.11108	0.07280	0.11008	0.07996
0.00000	0.11855	0.05950	0.11180	0.14992	0.08127	0.09863	0.11028	0.07395	0.11840	0.07768
0.00000	0.12217	0.06048	0.11163	0.15444	0.07721	0.10619	0.10964	0.07146	0.11221	0.07457
0.00000	0.12582	0.06213	0.11047	0.15190	0.07998	0.09770	0.11058	0.06916	0.11508	0.07717
0.00000	0.12402	0.06034	0.11257	0.14772	0.07982	0.10320	0.11178	0.06892	0.10948	0.08214
0.00000	0.12370	0.06458	0.11391	0.15074	0.07779	0.09906	0.11512	0.06688	0.11311	0.07511
0.00000	0.12108	0.06457	0.11133	0.14906	0.08000	0.10133	0.11448	0.06946	0.11446	0.07423
0.00000	0.12827	0.06100	0.10776	0.14952	0.07812	0.10140	0.11240	0.07086	0.10780	0.08287
0.00000	0.12663	0.05968	0.11155	0.15276	0.07990	0.09838	0.11064	0.06723	0.11104	0.08219
0.00000	0.11600	0.06276	0.11787	0.14792	0.07907	0.10195	0.11524	0.07072	0.11140	0.07707
0.00000	0.12130	0.05812	0.11635	0.14678	0.07944	0.10679	0.10786	0.07330	0.10945	0.08060
0.00000	0.11310	0.05951	0.11688	0.15084	0.08173	0.10723	0.11311	0.07020	0.10579	0.08159
0.00000	0.12234	0.05800	0.11063	0.15528	0.08028	0.09580	0.11584	0.06780	0.10899	0.08505
0.00000	0.11751	0.06360	0.11613	0.15186	0.07757	0.10144	0.10894	0.07051	0.11044	0.08201
0.00000	0.12459	0.05923	0.10686	0.14526	0.08188	0.10732	0.10920	0.07560	0.10729	0.08277
0.00000	0.12055	0.06008	0.11333	0.16008	0.07681	0.09511	0.11520	0.06604	0.11283	0.07996
0.00000	0.12863	0.05820	0.10926	0.15419	0.08063	0.09775	0.11029	0.06904	0.10952	0.08248
0.00000	0.11617	0.06070	0.11351	0.15161	0.07977	0.10310	0.11298	0.07153	0.11278	0.07785
0.00000	0.12477	0.06267	0.11330	0.15054	0.08048	0.10077	0.11323	0.06345	0.11213	0.07866
0.00000	0.12477	0.05915	0.11384	0.15672	0.07740	0.09509	0.11381	0.06404	0.11230	0.08288
0.00000	0.12662	0.05959	0.11120	0.15479	0.07975	0.10031	0.10698	0.06666	0.11494	0.07916
0.00000	0.11806	0.06135	0.11662	0.15215	0.08152	0.10201	0.10685	0.06939	0.11512	0.07693
0.00000	0.11987	0.06344	0.11173	0.15058	0.07670	0.09991	0.11588	0.07285	0.11465	0.07439
0.00000	0.12720	0.06178	0.10917	0.15372	0.08072	0.09885	0.11018	0.06750	0.11488	0.07599
0.00000	0.11469	0.05892	0.10985	0.14435	0.08796	0.11132	0.11308	0.07280	0.10811	0.07892
0.00000	0.11502	0.06222	0.11406	0.14392	0.08072	0.10620	0.11285	0.07084	0.11254	0.08164
0.00000	0.11682	0.06079	0.11045	0.14526	0.08226	0.10375	0.10876	0.07079	0.11377	0.08734
0.00000	0.12733	0.05856	0.11166	0.15335	0.07959	0.09771	0.10992	0.06614	0.11435	0.08140
0.00000	0.12411	0.05841	0.11020	0.15010	0.08052	0.09624	0.11234	0.07155	0.11513	0.08140
1.00000	0.11983	0.05928	0.11171	0.14765	0.08100	0.10396	0.11128	0.07003	0.11020	0.08505
0.00000	0.12007	0.05808	0.10681	0.14637	0.08399	0.10303	0.11559	0.07786	0.11079	0.07742
0.00000	0.11920	0.06074	0.10590	0.14839	0.08064	0.10240	0.11027	0.07268	0.11695	0.08283
0.00000	0.11877	0.06012	0.10548	0.14662	0.08038	0.10669	0.11367	0.07400	0.10951	0.08477
0.00000	0.11930	0.06053	0.10531	0.15223	0.08269	0.09771	0.11671	0.07029	0.11338	0.08185
0.00000	0.12868	0.06241	0.11366	0.14714	0.07992	0.10496	0.11052	0.06544	0.10753	0.07974
0.00000	0.12332	0.06410	0.11435	0.15123	0.08286	0.09663	0.11503	0.06376	0.11402	0.07469
0.00000	0.12074	0.06322	0.11709	0.14892	0.07844	0.10370	0.11186	0.06657	0.11333	0.07614
0.00000	0.12875	0.06072	0.11040	0.15461	0.07915	0.10192	0.10933	0.06429	0.11291	0.07793
0.00000	0.12107	0.06538	0.11168	0.15228	0.07712	0.10038	0.10971	0.06677	0.11752	0.07810
0.00000	0.12164	0.06449	0.11234	0.15019	0.08101	0.10026	0.11360	0.06737	0.11096	0.07814
0.00000	0.12355	0.05939	0.10853	0.15452	0.08060	0.09513	0.11675	0.06816	0.11009	0.08327
0.00000	0.12035	0.06263	0.11530	0.15071	0.08117	0.10538	0.10368	0.07061	0.11253	0.07763
0.00000	0.12632	0.06038	0.10900	0.14577	0.08254	0.10274	0.11080	0.07161	0.10618	0.08466
0.00000	0.11795	0.06619	0.11210	0.15978	0.07838	0.09581	0.10655	0.06761	0.12307	0.07255
0.00000	0.11762	0.06104	0.10805	0.14819	0.07823	0.10421	0.11592	0.07427	0.11013	0.08232
0.00000	0.12404	0.05528	0.10447	0.14707	0.07855	0.10558	0.11627	0.07359	0.10665	0.08850
0.00000	0.11919	0.06218	0.11428	0.15266	0.07984	0.10466	0.10772	0.07361	0.11107	0.07478
1.00000	0.11536	0.06119	0.11230	0.14492	0.07819	0.10846	0.11714	0.07159	0.10381	0.08705
0.00000	0.12610	0.06194	0.10872	0.15163	0.07889	0.10234	0.11066	0.07073	0.11232	0.07668
0.00000	0.12550	0.06263	0.11178	0.14691	0.08135	0.10096	0.11236	0.06738	0.11041	0.08072
0.00000	0.12315	0.05933	0.11009	0.14413	0.07563	0.10873	0.11219	0.07545	0.11024	0.08106
0.00000	0.12349	0.06017	0.10846	0.14729	0.08225	0.10616	0.11085	0.07098	0.10947	0.08088
0.00000	0.12473	0.05971	0.11584	0.15181	0.08091	0.10126	0.10926	0.06652	0.10768	0.08229
0.00000	0.12124	0.06044	0.11017	0.15440	0.08037	0.09582	0.11720	0.06480	0.11163	0.08392
0.00000	0.12583	0.05772	0.11093	0.15235	0.07887	0.09626	0.10934	0.07246	0.11357	0.08268
1.00000	0.11635	0.05902	0.11090	0.14469	0.08381	0.10877	0.11355	0.07278	0.10539	0.08475
0.00000	0.11976	0.06045	0.11299	0.14518	0.07988	0.10832	0.10447	0.07462	0.11076	0.08357
0.00000	0.12581	0.06229	0.10624	0.15517	0.08108	0.09803	0.11037	0.06604	0.11593	0.07904
0.00000	0.12400	0.05900	0.10967	0.15396	0.08026	0.09853	0.11233	0.06717	0.11456	0.08053
0.00000	0.12596	0.05941	0.11209	0.15366	0.08034	0.10066	0.10920	0.06695	0.11150	0.08024
0.00000	0.12037	0.06252	0.11219	0.15150	0.08043	0.10386	0.10935	0.07047	0.11125	0.07807
0.00000	0.11815	0.05812	0.11441	0.15281	0.07907	0.10413	0.11014	0.06971	0.11732	0.07616
1.00000	0.11625	0.05697	0.11756	0.15175	0.07938	0.10975	0.11081	0.07151	0.10608	0.07993
0.00000	0.11593	0.06071	0.10409	0.14779	0.07985	0.10136	0.11309	0.07293	0.11996	0.08428
0.00000	0.12123	0.05967	0.11218	0.14869	0.08019	0.10139	0.11155	0.06828	0.11214	0.08468
1.00000	0.11549	0.05800	0.11665	0.14753	0.08068	0.11026	0.11254	0.07212	0.10411	0.08263
0.00000	0.11635	0.06589	0.11251	0.14595	0.08169	0.10202	0.11214	0.07135	0.11400	0.07810
1.00000	0.11593	0.05861	0.10799	0.15386	0.08223	0.10670	0.11908	0.07294	0.10020	0.08246
0.00000	0.11980	0.05455	0.10930	0.14435	0.07823	0.10554	0.11963	0.07664	0.10533	0.08664
0.00000	0.11988	0.05693	0.10946	0.15109	0.08028	0.10362	0.11467	0.07264	0.10472	0.08673
0.00000	0.12413	0.06141	0.11395	0.15153	0.08029	0.10171	0.10877	0.06518	0.11585	0.07718
0.00000	0.12117	0.05734	0.11141	0.15332	0.07898	0.10601	0.10741	0.07257	0.11133	0.08045
0.00000	0.11245	0.06065	0.11399	0.15261	0.07978	0.11075	0.10608	0.07238	0.10797	0.08334
0.00000	0.12309	0.06219	0.11238	0.15353	0.07498	0.10177	0.11166	0.06977	0.11369	0.07694
0.00000	0.11642	0.06112	0.11153	0.14972	0.08038	0.10648	0.11082	0.07480	0.10794	0.08079
0.00000	0.11932	0.05982	0.11067	0.15222	0.08174	0.10058	0.11584	0.06589	0.11019	0.08372
0.00000	0.11763	0.06080	0.10957	0.14712	0.07633	0.10243	0.11168	0.07433	0.11697	0.08313
0.00000	0.12283	0.06107	0.11186	0.14620	0.07884	0.10538	0.10971	0.07048	0.11327	0.08037
0.00000	0.11770	0.05856	0.10730	0.14748	0.08403	0.10203	0.11208	0.07694	0.10937	0.08450
0.00000	0.11860	0.06342	0.11112	0.15256	0.08276	0.09511	0.11525	0.06180	0.11820	0.08118
0.00000	0.11931	0.06120	0.11324	0.14500	0.08145	0.10558	0.11287	0.07373	0.10274	0.08488
0.00000	0.11609	0.05573	0.11164	0.14699	0.08098	0.10272	0.11442	0.07349	0.11395	0.08399
0.00000	0.12395	0.06269	0.11538	0.15015	0.08078	0.09869	0.10927	0.06658	0.11211	0.08041
0.00000	0.12029	0.05917	0.10613	0.15276	0.08538	0.09948	0.11750	0.07132	0.10518	0.08278
0.00000	0.11459	0.05841	0.11797	0.14701	0.07980	0.11029	0.10455	0.07247	0.11121	0.08368
0.00000	0.11790	0.06299	0.10452	0.14878	0.07794	0.10210	0.11152	0.07121	0.11843	0.08462
0.00000	0.12444	0.05696	0.10775	0.14569	0.08191	0.10394	0.11262	0.07184	0.11104	0.08380
0.00000	0.11650	0.06162	0.10374	0.14461	0.08281	0.11133	0.11823	0.06886	0.10767	0.08463
0.00000	0.11943	0.05732	0.10245	0.14694	0.08751	0.10689	0.11888	0.07694	0.10375	0.07989
0.00000	0.12126	0.06077	0.10645	0.14623	0.07979	0.10168	0.11651	0.06858	0.11193	0.08679
0.00000	0.12318	0.05962	0.11097	0.15026	0.08037	0.10158	0.10820	0.07090	0.11100	0.08391
1.00000	0.11686	0.05840	0.11468	0.15038	0.08041	0.10723	0.11394	0.07579	0.10021	0.08208
0.00000	0.11242	0.06412	0.11639	0.15168	0.08055	0.10804	0.10460	0.07420	0.11141	0.07658
0.00000	0.11809	0.06059	0.11091	0.14997	0.08031	0.10183	0.11164	0.07278	0.11674	0.07714
0.00000	0.12485	0.05998	0.11137	0.15051	0.08212	0.10041	0.11136	0.06725	0.11162	0.08052
0.00000	0.12427	0.06233	0.10947	0.15148	0.07943	0.09991	0.11560	0.07109	0.11045	0.07599
0.00000	0.11750	0.06133	0.11421	0.14388	0.08212	0.10660	0.10987	0.07308	0.11169	0.07971
0.00000	0.11789	0.05930	0.10865	0.15069	0.08490	0.10401	0.11259	0.07281	0.10677	0.08239
0.00000	0.12040	0.06394	0.11219	0.15303	0.07746	0.09815	0.11338	0.07021	0.11302	0.07823
0.00000	0.11616	0.06067	0.11424	0.14833	0.08222	0.10515	0.10898	0.06876	0.11072	0.08477
0.00000	0.12365	0.06283	0.10931	0.14801	0.07849	0.10480	0.11312	0.07119	0.11398	0.07462
0.00000	0.11625	0.06321	0.10758	0.14817	0.08458	0.10353	0.11509	0.07452	0.10505	0.08202
0.00000	0.12358	0.05763	0.10859	0.14583	0.07887	0.10410	0.11549	0.07234	0.10729	0.08630
0.00000	0.11856	0.06345	0.11057	0.14390	0.08138	0.10457	0.11082	0.07403	0.11192	0.08078
0.00000	0.12178	0.06335	0.11107	0.15969	0.07814	0.09540	0.11095	0.06500	0.11689	0.07772
0.00000	0.12374	0.06050	0.10814	0.15186	0.08068	0.10486	0.11157	0.06946	0.10949	0.07970
0.00000	0.12573	0.06070	0.11136	0.15295	0.07909	0.10022	0.10918	0.06904	0.11478	0.07697
0.00000	0.11213	0.06429	0.11649	0.14817	0.08268	0.10504	0.10751	0.07387	0.10996	0.07987
0.00000	0.12506	0.06023	0.10663	0.14831	0.08052	0.10698	0.11475	0.07092	0.10240	0.08419
0.00000	0.11700	0.06119	0.10919	0.14841	0.08188	0.10542	0.11307	0.07607	0.10834	0.07942
0.00000	0.11880	0.05828	0.11826	0.15021	0.07682	0.10938	0.10945	0.07072	0.11035	0.07774
0.00000	0.12022	0.06017	0.11157	0.14725	0.08134	0.10421	0.11467	0.06969	0.10547	0.08539
0.00000	0.12121	0.05747	0.10222	0.14631	0.08043	0.10286	0.11966	0.07230	0.10941	0.08811
0.00000	0.12544	0.06273	0.11220	0.15732	0.07621	0.10138	0.10961	0.07013	0.11123	0.07376
0.00000	0.12225	0.06057	0.10772	0.14660	0.07813	0.10410	0.10627	0.07622	0.11208	0.08605
0.00000	0.11930	0.06163	0.10732	0.15166	0.07973	0.10018	0.11375	0.07288	0.11483	0.07871
0.00000	0.11873	0.06556	0.11089	0.14884	0.08216	0.09914	0.11326	0.06943	0.11072	0.08128
1.00000	0.12202	0.06219	0.10766	0.14895	0.08128	0.10117	0.11729	0.06608	0.11142	0.08194
0.00000	0.12323	0.06047	0.10621	0.15089	0.08230	0.09981	0.11729	0.06809	0.10581	0.08590
0.00000	0.12393	0.06057	0.11138	0.14795	0.08233	0.10476	0.10921	0.07391	0.10349	0.08247
0.00000	0.12104	0.06370	0.11342	0.15284	0.07959	0.09781	0.10853	0.06483	0.11898	0.07925
1.00000	0.12097	0.05797	0.11225	0.14626	0.07801	0.10959	0.11161	0.07287	0.10761	0.08285
0.00000	0.12403	0.05967	0.10311	0.14472	0.07833	0.10519	0.11507	0.07581	0.10930	0.08476
0.00000	0.12017	0.06019	0.10631	0.15163	0.08193	0.09608	0.11751	0.07146	0.11212	0.08261
1.00000	0.12121	0.05789	0.11206	0.14720	0.08205	0.10642	0.11394	0.07298	0.10231	0.08393
0.00000	0.11957	0.05952	0.11014	0.14667	0.08176	0.10999	0.11275	0.07033	0.11004	0.07922
0.00000	0.12135	0.05972	0.11052	0.14559	0.08197	0.11145	0.11197	0.07079	0.10327	0.08337
0.00000	0.12179	0.05759	0.10655	0.14997	0.08072	0.10055	0.11628	0.07249	0.10885	0.08522
0.00000	0.11781	0.06022	0.10647	0.14641	0.08238	0.10565	0.11582	0.07142	0.11057	0.08324
1.00000	0.11665	0.06037	0.10789	0.14651	0.07749	0.10875	0.11935	0.07566	0.10937	0.07795
1.00000	0.11631	0.06058	0.11006	0.14706	0.08098	0.10471	0.11733	0.07283	0.10841	0.08173
0.00000	0.12257	0.06107	0.11512	0.15309	0.07983	0.10207	0.10682	0.06797	0.11454	0.07693
1.00000	0.12213	0.06006	0.10270	0.14679	0.08484	0.10241	0.11751	0.06992	0.10861	0.08502
1.00000	0.11328	0.06117	0.11665	0.14683	0.08033	0.10732	0.10558	0.07285	0.11544	0.08055
0.00000	0.11802	0.06352	0.10449	0.14896	0.08284	0.11199	0.11620	0.06798	0.10750	0.07850
0.00000	0.12123	0.05820	0.10780	0.14937	0.08072	0.10399	0.12227	0.07082	0.10319	0.08240
0.00000	0.11726	0.06179	0.10926	0.14832	0.07553	0.10398	0.11301	0.07397	0.11633	0.08055
0.00000	0.12096	0.05727	0.10635	0.14939	0.07831	0.10625	0.11469	0.07437	0.10658	0.08583
1.00000	0.11793	0.06005	0.10836	0.14749	0.08153	0.10562	0.11323	0.07300	0.10826	0.08453
0.00000	0.12491	0.06313	0.11112	0.15230	0.07901	0.09898	0.11095	0.07060	0.11151	0.07750
0.00000	0.11701	0.05974	0.10935	0.15756	0.07823	0.09709	0.11577	0.07003	0.11289	0.08232
0.00000	0.13075	0.06118	0.11013	0.14995	0.08028	0.09859	0.10778	0.06876	0.11377	0.07882
0.00000	0.12553	0.06468	0.10844	0.15431	0.07598	0.10454	0.11147	0.06615	0.11228	0.07662
1.00000	0.11608	0.06131	0.10634	0.14760	0.08243	0.10960	0.11285	0.07359	0.10659	0.08360
0.00000	0.12358	0.06292	0.10936	0.15158	0.08178	0.10474	0.11236	0.06985	0.10935	0.07449
0.00000	0.12404	0.05788	0.10847	0.14518	0.08427	0.10419	0.11411	0.07263	0.10657	0.08266
0.00000	0.12424	0.06010	0.11105	0.15539	0.07951	0.09894	0.10951	0.06580	0.11492	0.08055
0.00000	0.12275	0.05867	0.11111	0.14530	0.08518	0.10436	0.11630	0.06861	0.10734	0.08037
0.00000	0.11387	0.06180	0.10809	0.14308	0.08056	0.10511	0.11376	0.07605	0.11369	0.08399
0.00000	0.11822	0.06001	0.10578	0.15524	0.08125	0.09744	0.11644	0.06979	0.11493	0.08090
1.00000	0.13073	0.06178	0.10884	0.14652	0.08088	0.10104	0.11413	0.06819	0.10732	0.08056
0.00000	0.11450	0.06237	0.11014	0.14307	0.08233	0.10463	0.11452	0.07562	0.11126	0.08157
0.00000	0.12307	0.06123	0.11020	0.14845	0.08117	0.10016	0.10726	0.07258	0.11675	0.07913
0.00000	0.12751	0.06095	0.11035	0.14937	0.08170	0.09911	0.10988	0.06822	0.11171	0.08119
0.00000	0.12424	0.05889	0.11364	0.15431	0.07985	0.10025	0.11354	0.06305	0.11170	0.08053
0.00000	0.12323	0.05817	0.10684	0.14641	0.08230	0.10562	0.11456	0.07389	0.10640	0.08259
0.00000	0.11765	0.06557	0.11183	0.14892	0.08316	0.09996	0.11536	0.06419	0.11275	0.08059
0.00000	0.11588	0.06193	0.10804	0.14321	0.07951	0.10559	0.11499	0.07353	0.11251	0.08481
0.00000	0.12213	0.05882	0.11001	0.15649	0.08192	0.09682	0.11346	0.06463	0.11292	0.08281
0.00000	0.11892	0.06041	0.10827	0.14918	0.08004	0.10778	0.10795	0.07339	0.11500	0.07906
0.00000	0.12197	0.06108	0.10985	0.15194	0.08152	0.09392	0.11516	0.06789	0.11243	0.08425
0.00000	0.12358	0.06113	0.10880	0.15312	0.07772	0.10188	0.11117	0.06919	0.11258	0.08084
0.00000	0.12063	0.06349	0.10886	0.15490	0.08407	0.09665	0.11561	0.06484	0.11013	0.08081
0.00000	0.11768	0.06004	0.10515	0.15213	0.08243	0.09851	0.12063	0.07089	0.11101	0.08153
0.00000	0.12779	0.05833	0.11118	0.15381	0.07907	0.09969	0.10978	0.06620	0.11429	0.07985
0.00000	0.11715	0.06100	0.11439	0.13964	0.08450	0.11093	0.11374	0.07337	0.10498	0.08030
0.00000	0.11085	0.06185	0.11067	0.14627	0.08197	0.11187	0.11327	0.07725	0.10873	0.07726
0.00000	0.11754	0.06015	0.11332	0.14417	0.08242	0.10953	0.11274	0.07017	0.10566	0.08429
0.00000	0.12163	0.06092	0.11182	0.14822	0.08153	0.10152	0.10929	0.07084	0.11298	0.08124
0.00000	0.12313	0.05728	0.11213	0.15217	0.08192	0.10694	0.11068	0.06790	0.10546	0.08239
1.00000	0.12150	0.05983	0.11146	0.15448	0.07927	0.10305	0.11313	0.06793	0.10824	0.08111
1.00000	0.11721	0.05751	0.11212	0.15129	0.07811	0.10810	0.11740	0.07660	0.10142	0.08023
1.00000	0.11862	0.05800	0.11361	0.14700	0.08255	0.10343	0.11582	0.07300	0.10299	0.08498
0.00000	0.12147	0.06394	0.11304	0.15221	0.07967	0.10229	0.11168	0.06558	0.11045	0.07967
0.00000	0.11842	0.05953	0.11815	0.14297	0.07689	0.10667	0.11259	0.07324	0.11109	0.08046
0.00000	0.12751	0.06334	0.10330	0.15174	0.07733	0.10077	0.11129	0.06973	0.11363	0.08136
0.00000	0.11902	0.06557	0.11067	0.15498	0.07852	0.09628	0.11060	0.06601	0.11972	0.07862
1.00000	0.11845	0.06198	0.10999	0.15118	0.08090	0.10559	0.11421	0.06813	0.10960	0.07997
0.00000	0.12156	0.05960	0.10800	0.14975	0.08103	0.09836	0.11420	0.07110	0.11359	0.08281
1.00000	0.12211	0.05820	0.10580	0.14546	0.08006	0.10565	0.11464	0.07289	0.11062	0.08457
0.00000	0.11922	0.06145	0.11864	0.15592	0.07682	0.10428	0.11011	0.06582	0.11094	0.07682
0.00000	0.11839	0.05583	0.11268	0.14676	0.07900	0.10427	0.11717	0.07389	0.10636	0.08565
0.00000	0.12035	0.05682	0.10644	0.14746	0.07980	0.09933	0.11729	0.07361	0.11128	0.08763
0.00000	0.12121	0.05753	0.10951	0.14906	0.08219	0.10191	0.11795	0.07120	0.10646	0.08298
0.00000	0.12307	0.05970	0.11068	0.15522	0.08122	0.09672	0.11143	0.06761	0.11335	0.08099
0.00000	0.12226	0.05949	0.11112	0.14897	0.08275	0.10280	0.11408	0.07204	0.10338	0.08310
0.00000	0.11995	0.05862	0.11095	0.15470	0.08118	0.09778	0.11434	0.06896	0.11241	0.08110
0.00000	0.11771	0.05755	0.10697	0.15105	0.07878	0.10149	0.11898	0.06982	0.11201	0.08565
0.00000	0.12420	0.06359	0.11120	0.15124	0.07818	0.10337	0.11123	0.06875	0.11122	0.07703
0.00000	0.11587	0.06041	0.10359	0.14960	0.08656	0.10394	0.11540	0.07675	0.10747	0.08042
0.00000	0.12190	0.05782	0.10910	0.15533	0.08264	0.09698	0.11356	0.06652	0.11268	0.08348
0.00000	0.12368	0.05797	0.10674	0.15395	0.07974	0.09674	0.11616	0.07070	0.11215	0.08217
0.00000	0.12545	0.06075	0.10887	0.15357	0.07803	0.09742	0.10986	0.07291	0.11324	0.07991
0.00000	0.12212	0.05930	0.10905	0.14878	0.08260	0.10411	0.11059	0.07059	0.10722	0.08564
0.00000	0.12284	0.06178	0.10893	0.15284	0.08305	0.09874	0.11105	0.06369	0.11799	0.07911
0.00000	0.11863	0.06072	0.11285	0.14995	0.08022	0.09775	0.11779	0.06840	0.11165	0.08205
0.00000	0.12155	0.05671	0.11355	0.15429	0.08076	0.10149	0.10948	0.07000	0.11278	0.07939
0.00000	0.12304	0.05938	0.10811	0.15178	0.08020	0.09938	0.11597	0.06887	0.10884	0.08443
0.00000	0.11289	0.06260	0.10833	0.14574	0.08155	0.10312	0.11608	0.07349	0.11019	0.08602
0.00000	0.11426	0.06282	0.11455	0.14246	0.08139	0.10775	0.10895	0.07364	0.11177	0.08240
0.00000	0.11867	0.05749	0.11591	0.14874	0.07998	0.10969	0.10962	0.07400	0.10452	0.08138
0.00000	0.11097	0.06110	0.10948	0.14411	0.08254	0.10433	0.11065	0.07784	0.11538	0.08360
0.00000	0.12084	0.05901	0.10864	0.14683	0.07805	0.10576	0.11415	0.07248	0.11112	0.08313
0.00000	0.11562	0.06399	0.10774	0.14639	0.08283	0.09873	0.11707	0.06893	0.11580	0.08291
1.00000	0.12295	0.05777	0.11233	0.14906	0.08076	0.10244	0.11273	0.07082	0.10711	0.08405
0.00000	0.12472	0.06193	0.11420	0.15354	0.08046	0.10299	0.10725	0.06624	0.11206	0.07660
0.00000	0.11324	0.06033	0.10866	0.14868	0.08401	0.10995	0.11253	0.07421	0.10452	0.08386
0.00000	0.12273	0.05990	0.10787	0.15084	0.08099	0.10345	0.11314	0.06793	0.10823	0.08493
0.00000	0.12271	0.05714	0.11027	0.14942	0.08059	0.10388	0.11308	0.06921	0.11111	0.08257
0.00000	0.11395	0.06520	0.11069	0.14513	0.08137	0.10251	0.11802	0.07067	0.11167	0.08080
0.00000	0.12417	0.05662	0.11168	0.15294	0.08122	0.09876	0.11173	0.06762	0.11341	0.08185
0.00000	0.11163	0.06539	0.11135	0.14635	0.08342	0.10740	0.11002	0.07061	0.11041	0.08342
0.00000	0.11636	0.06209	0.11592	0.15340	0.08029	0.10609	0.10872	0.07334	0.10589	0.07790
0.00000	0.12608	0.06122	0.11140	0.15121	0.08031	0.09714	0.10922	0.06767	0.11816	0.07759
0.00000	0.12045	0.06011	0.11271	0.15305	0.08357	0.10242	0.10723	0.07095	0.11055	0.07894
0.00000	0.11750	0.06009	0.11146	0.14682	0.07783	0.10653	0.11431	0.07203	0.11154	0.08189
0.00000	0.12069	0.05839	0.10781	0.15081	0.07931	0.10052	0.11366	0.07368	0.11272	0.08241
1.00000	0.12558	0.05974	0.10952	0.14835	0.08083	0.10828	0.10913	0.06986	0.10643	0.08228
0.00000	0.11671	0.06071	0.10510	0.14705	0.07666	0.10176	0.11837	0.07345	0.11734	0.08285
0.00000	0.12127	0.05818	0.10439	0.14270	0.07674	0.10364	0.11763	0.07378	0.11428	0.08738
0.00000	0.11618	0.05951	0.11498	0.15262	0.07951	0.10407	0.10808	0.07189	0.10979	0.08338
1.00000	0.11773	0.05947	0.11081	0.14683	0.08106	0.10830	0.11275	0.07346	0.10645	0.08315
0.00000	0.11972	0.05890	0.10871	0.14818	0.08341	0.10700	0.10838	0.07401	0.10833	0.08335
0.00000	0.11107	0.06296	0.11146	0.14753	0.08105	0.10710	0.10746	0.07481	0.11365	0.08289
0.00000	0.12309	0.05842	0.11055	0.15318	0.07912	0.10008	0.11065	0.06982	0.11307	0.08202
0.00000	0.12689	0.06126	0.11270	0.15073	0.08057	0.09734	0.11038	0.06839	0.11264	0.07911
0.00000	0.12708	0.06320	0.11494	0.15030	0.07952	0.10058	0.10768	0.06764	0.11200	0.07706
0.00000	0.12451	0.05797	0.11037	0.14563	0.08012	0.10344	0.11197	0.07408	0.10977	0.08215
0.00000	0.12768	0.06458	0.11118	0.14967	0.08159	0.09832	0.11020	0.06472	0.11256	0.07950
0.00000	0.11835	0.06005	0.11136	0.14940	0.07823	0.10391	0.11951	0.06858	0.11041	0.08021
0.00000	0.12370	0.06526	0.10461	0.14565	0.08423	0.10211	0.11870	0.07131	0.10501	0.07942
0.00000	0.11452	0.06238	0.11405	0.15012	0.08194	0.10538	0.10258	0.07187	0.11605	0.08110
0.00000	0.12457	0.06107	0.11614	0.15171	0.07600	0.10252	0.11349	0.06909	0.10827	0.07714
0.00000	0.11725	0.05687	0.11277	0.14368	0.07944	0.10588	0.11749	0.07409	0.10877	0.08377
0.00000	0.11950	0.05934	0.11297	0.14773	0.07862	0.10709	0.10881	0.07401	0.11080	0.08114
0.00000	0.12133	0.05786	0.10382	0.15236	0.08125	0.09469	0.11842	0.07405	0.11175	0.08447
0.00000	0.11063	0.05773	0.11604	0.15051	0.08186	0.10557	0.11341	0.07325	0.10861	0.08240
0.00000	0.12104	0.05924	0.11003	0.14866	0.07971	0.10069	0.10949	0.07442	0.11832	0.07838
0.00000	0.12002	0.05557	0.10840	0.14711	0.07960	0.10460	0.11611	0.07392	0.10984	0.08482
0.00000	0.11904	0.06517	0.11364	0.14818	0.07572	0.10736	0.11441	0.07019	0.11240	0.07388
0.00000	0.12212	0.06197	0.11465	0.15603	0.08242	0.09598	0.10667	0.06675	0.11603	0.07739
0.00000	0.11977	0.06300	0.10465	0.14459	0.08311	0.10527	0.11230	0.07199	0.10664	0.08869
0.00000	0.12265	0.05982	0.10943	0.14837	0.08378	0.10827	0.11126	0.07071	0.10184	0.08388
0.00000	0.11994	0.05933	0.10833	0.14919	0.07974	0.10828	0.10963	0.07423	0.10895	0.08238
0.00000	0.11723	0.06320	0.11239	0.14860	0.07981	0.10947	0.10722	0.06971	0.11331	0.07907
0.00000	0.12405	0.05924	0.10852	0.15077	0.07973	0.09803	0.11289	0.07154	0.11377	0.08148
0.00000	0.11855	0.06253	0.10772	0.14544	0.07741	0.09994	0.11785	0.07443	0.11233	0.08381
0.00000	0.12247	0.06192	0.10986	0.15532	0.08092	0.09547	0.11515	0.06573	0.10914	0.08402
0.00000	0.11770	0.06092	0.11300	0.14868	0.08064	0.09882	0.10930	0.06811	0.12235	0.08049
0.00000	0.11582	0.06223	0.11203	0.14975	0.07984	0.10625	0.11417	0.06857	0.10863	0.08271
0.00000	0.11737	0.05669	0.10855	0.14624	0.07852	0.10745	0.11382	0.07390	0.11237	0.08510
0.00000	0.12679	0.06080	0.11126	0.15127	0.08288	0.09854	0.11586	0.06504	0.10613	0.08144
0.00000	0.11901	0.06070	0.11539	0.14996	0.07705	0.10609	0.10946	0.07013	0.11141	0.08078
0.00000	0.11702	0.06292	0.11439	0.14576	0.07926	0.10870	0.11004	0.07279	0.10832	0.08078
1.00000	0.12313	0.05666	0.11403	0.14746	0.07919	0.10596	0.11252	0.07237	0.10461	0.08406
0.00000	0.12089	0.06051	0.11092	0.15665	0.08192	0.10060	0.10883	0.06887	0.11489	0.07593
0.00000	0.11955	0.05614	0.10569	0.14624	0.08579	0.10405	0.11530	0.07567	0.11056	0.08100
0.00000	0.12281	0.06129	0.11169	0.15518	0.07958	0.10144	0.11086	0.06806	0.11074	0.07836
0.00000	0.11917	0.05732	0.11188	0.14577	0.08071	0.10307	0.11278	0.07382	0.10943	0.08605
0.00000	0.12543	0.06084	0.10682	0.14914	0.07930	0.10140	0.11304	0.07009	0.11210	0.08184
0.00000	0.12335	0.05936	0.11292	0.15182	0.08115	0.10035	0.11034	0.06704	0.11359	0.08007
0.00000	0.11327	0.06146	0.11104	0.14738	0.08600	0.10578	0.11138	0.07279	0.10898	0.08192
0.00000	0.11355	0.06005	0.10678	0.14493	0.08157	0.10653	0.11516	0.07522	0.11308	0.08313
0.00000	0.12250	0.05983	0.11313	0.14992	0.08110	0.10105	0.10857	0.07129	0.11205	0.08055
0.00000	0.11779	0.06294	0.11529	0.14881	0.07632	0.10278	0.11425	0.07554	0.10946	0.07682
0.00000	0.11899	0.06143	0.11865	0.15406	0.07713	0.10445	0.11075	0.06676	0.11300	0.07478
0.00000	0.11973	0.06333	0.10831	0.15407	0.07972	0.09903	0.11816	0.06461	0.11176	0.08127
0.00000	0.12698	0.06254	0.10931	0.14972	0.07905	0.09674	0.11856	0.06517	0.10520	0.08672
0.00000	0.12450	0.06205	0.11061	0.15283	0.08006	0.10165	0.11089	0.06723	0.11311	0.07708
0.00000	0.12028	0.06229	0.10667	0.14784	0.08000	0.10298	0.11534	0.06888	0.11293	0.08278
0.00000	0.11882	0.06262	0.10721	0.14672	0.08527	0.10428	0.11437	0.07565	0.10489	0.08016
0.00000	0.12501	0.06043	0.10716	0.15030	0.08097	0.10153	0.11239	0.07106	0.10967	0.08147
0.00000	0.11990	0.06415	0.11065	0.15020	0.07833	0.10226	0.11082	0.06932	0.11389	0.08047
0.00000	0.11660	0.06343	0.11034	0.14805	0.08075	0.10174	0.11549	0.06728	0.11645	0.07987
0.00000	0.12733	0.06378	0.11182	0.14907	0.08004	0.09797	0.10919	0.06807	0.11262	0.08011
0.00000	0.12087	0.06111	0.11310	0.15255	0.08217	0.09975	0.11324	0.06631	0.11004	0.08085
0.00000	0.12206	0.05957	0.11341	0.15205	0.07979	0.10284	0.11505	0.06749	0.10944	0.07831
0.00000	0.12418	0.05725	0.10874	0.15173	0.08282	0.09498	0.11270	0.07094	0.11249	0.08417
0.00000	0.12193	0.05994	0.10846	0.15559	0.08007	0.10104	0.11069	0.06827	0.11355	0.08045
0.00000	0.12059	0.05734	0.11011	0.14708	0.07917	0.10941	0.11521	0.06969	0.10888	0.08252
0.00000	0.12135	0.06033	0.10695	0.15304	0.08083	0.10316	0.11222	0.07068	0.10886	0.08258
0.00000	0.12181	0.06280	0.11333	0.15171	0.08078	0.10105	0.10808	0.07151	0.11314	0.07580
0.00000	0.12165	0.06217	0.11362	0.15049	0.08178	0.10179	0.10641	0.06970	0.11557	0.07682
0.00000	0.12405	0.05990	0.10933	0.15243	0.08072	0.09918	0.11182	0.06942	0.11412	0.07904
0.00000	0.12695	0.06384	0.11053	0.15051	0.08166	0.10231	0.11326	0.06522	0.10741	0.07830
0.00000	0.11967	0.06138	0.10588	0.15369	0.08210	0.09346	0.11630	0.06923	0.11259	0.08569
0.00000	0.11919	0.06105	0.10556	0.14983	0.08006	0.10395	0.11519	0.07272	0.10608	0.08638
0.00000	0.11536	0.05914	0.10993	0.14940	0.08443	0.10537	0.11143	0.07185	0.10990	0.08318
0.00000	0.12220	0.05846	0.11036	0.15313	0.08024	0.09688	0.11242	0.07092	0.11378	0.08159
0.00000	0.12415	0.05799	0.10786	0.15349	0.08047	0.09826	0.11369	0.07015	0.11313	0.08082
0.00000	0.12599	0.06209	0.10716	0.15132	0.07761	0.10452	0.11401	0.06938	0.11272	0.07521
0.00000	0.12095	0.05823	0.11174	0.15212	0.07994	0.09695	0.10896	0.07129	0.11757	0.08225
0.00000	0.12086	0.06680	0.10900	0.15021	0.07589	0.09719	0.11401	0.06929	0.11475	0.08200
0.00000	0.12599	0.05891	0.10706	0.14595	0.08242	0.10372	0.11239	0.06944	0.10816	0.08596
0.00000	0.11958	0.05785	0.11152	0.14956	0.07780	0.10471	0.11167	0.07545	0.11014	0.08174
0.00000	0.12096	0.06086	0.11284	0.15515	0.07534	0.09952	0.11188	0.07316	0.11335	0.07692
0.00000	0.12544	0.05966	0.11117	0.15309	0.07901	0.09933	0.11086	0.07138	0.11142	0.07864
0.00000	0.11411	0.06190	0.11452	0.14365	0.08140	0.10518	0.11267	0.07683	0.11009	0.07965
1.00000	0.11962	0.06027	0.10864	0.14837	0.07822	0.10337	0.12045	0.07314	0.10598	0.08193
0.00000	0.11749	0.06335	0.10984	0.15384	0.08171	0.09444	0.11568	0.06711	0.11277	0.08377
0.00000	0.11453	0.06183	0.10775	0.14743	0.08101	0.10862	0.10956	0.07545	0.11063	0.08320
0.00000	0.12134	0.05952	0.10743	0.14685	0.07984	0.10851	0.10966	0.07609	0.10731	0.08344
0.00000	0.12427	0.06255	0.10663	0.15109	0.07883	0.10269	0.11300	0.07122	0.11301	0.07670
0.00000	0.12748	0.06064	0.10935	0.15074	0.08030	0.09832	0.11335	0.06782	0.10955	0.08247
0.00000	0.12005	0.06267	0.10567	0.14802	0.08216	0.09997	0.11839	0.07035	0.11394	0.07879
0.00000	0.12538	0.05764	0.10868	0.15269	0.07905	0.09662	0.11373	0.07002	0.11378	0.08240
1.00000	0.12043	0.05921	0.11427	0.14996	0.08048	0.10253	0.11179	0.07134	0.10759	0.08241
1.00000	0.12523	0.05853	0.10954	0.14613	0.08168	0.10281	0.11152	0.06976	0.10854	0.08627
0.00000	0.11721	0.05736	0.11006	0.15005	0.08389	0.10387	0.11560	0.07402	0.10507	0.08287
0.00000	0.11416	0.05962	0.11139	0.14400	0.08523	0.10541	0.11078	0.07423	0.11029	0.08489
0.00000	0.11580	0.06231	0.10480	0.14490	0.08613	0.10679	0.11733	0.06923	0.10519	0.08753
0.00000	0.11386	0.06227	0.10907	0.14675	0.07797	0.10724	0.11513	0.07509	0.11098	0.08163
0.00000	0.11599	0.05856	0.11530	0.15053	0.08400	0.10857	0.10536	0.07306	0.11168	0.07694
1.00000	0.11566	0.05946	0.11043	0.14814	0.07875	0.10388	0.11747	0.07620	0.10629	0.08372
0.00000	0.11875	0.05964	0.10480	0.14580	0.08159	0.11094	0.11518	0.06906	0.10905	0.08521
0.00000	0.11400	0.06148	0.11577	0.14500	0.08328	0.10719	0.10354	0.07543	0.11097	0.08332
0.00000	0.12664	0.05943	0.10698	0.15241	0.08180	0.09898	0.11115	0.07136	0.11223	0.07902
1.00000	0.12344	0.06110	0.10939	0.14958	0.08212	0.09805	0.11335	0.07037	0.10976	0.08284
0.00000	0.11950	0.06145	0.11523	0.15250	0.08255	0.10577	0.10651	0.07022	0.10689	0.07939
0.00000	0.12241	0.05894	0.11357	0.14892	0.08074	0.10162	0.11406	0.06861	0.11206	0.07908
0.00000	0.11487	0.05379	0.10671	0.14873	0.07897	0.10824	0.11372	0.07825	0.10897	0.08775
0.00000	0.12177	0.06293	0.10998	0.15035	0.08140	0.10265	0.10771	0.07112	0.11161	0.08048
0.00000	0.12590	0.06137	0.10849	0.14780	0.08213	0.10281	0.10991	0.07048	0.11414	0.07697
0.00000	0.12645	0.05855	0.11072	0.15544	0.07982	0.09567	0.11183	0.06652	0.11384	0.08117
0.00000	0.11777	0.06122	0.10628	0.14613	0.08370	0.10373	0.11409	0.07628	0.10632	0.08447
0.00000	0.12369	0.05981	0.11389	0.15246	0.08063	0.09908	0.11034	0.06642	0.11386	0.07983
0.00000	0.12034	0.06138	0.11033	0.14826	0.08308	0.10401	0.11061	0.06904	0.11318	0.07976
1.00000	0.12572	0.05986	0.10850	0.14845	0.08265	0.09963	0.11437	0.07145	0.10491	0.08446
0.00000	0.11638	0.05405	0.10635	0.14610	0.08158	0.10691	0.11949	0.07665	0.10667	0.08582
0.00000	0.12398	0.06254	0.10345	0.14832	0.07687	0.09957	0.11678	0.07140	0.11380	0.08329
0.00000	0.11659	0.06053	0.11030	0.15283	0.08393	0.09582	0.11749	0.07077	0.10987	0.08188
0.00000	0.12575	0.05974	0.10935	0.15403	0.07897	0.09821	0.10937	0.07024	0.11606	0.07827
0.00000	0.12985	0.06092	0.11470	0.15363	0.08065	0.10112	0.10829	0.06872	0.10858	0.07353
1.00000	0.11688	0.05886	0.10836	0.15228	0.07795	0.10172	0.11719	0.07282	0.11061	0.08333
0.00000	0.12028	0.05734	0.10628	0.14600	0.08132	0.10449	0.11890	0.07182	0.10756	0.08601
0.00000	0.12325	0.06178	0.11183	0.15209	0.07544	0.10264	0.11721	0.07068	0.10758	0.07750
1.00000	0.11871	0.06007	0.10908	0.14811	0.08173	0.10522	0.11336	0.07154	0.10930	0.08288
0.00000	0.11534	0.06160	0.11345	0.15255	0.07890	0.10456	0.11069	0.07261	0.11108	0.07921
0.00000	0.11362	0.06212	0.11140	0.14562	0.08433	0.10670	0.11236	0.07549	0.10376	0.08460
0.00000	0.12126	0.06167	0.11162	0.14808	0.07742	0.10600	0.10940	0.07220	0.11257	0.07979
1.00000	0.11531	0.05963	0.11214	0.14779	0.08185	0.10377	0.11500	0.07128	0.10933	0.08391
0.00000	0.12236	0.05994	0.11051	0.15073	0.08001	0.09816	0.11174	0.06981	0.11524	0.08149
0.00000	0.12161	0.05844	0.10764	0.14346	0.08138	0.10802	0.10900	0.07361	0.10997	0.08688
0.00000	0.12528	0.06070	0.11171	0.15083	0.08175	0.10134	0.11081	0.06372	0.11550	0.07837
0.00000	0.12238	0.05973	0.11130	0.15242	0.08136	0.09954	0.10843	0.06959	0.11357	0.08168
0.00000	0.12716	0.06039	0.11179	0.15250	0.08062	0.09888	0.10992	0.06547	0.11154	0.08172
1.00000	0.11618	0.06005	0.10957	0.14836	0.08145	0.10490	0.11414	0.07196	0.10840	0.08498
0.00000	0.12304	0.05850	0.10294	0.14286	0.07986	0.10365	0.12070	0.07484	0.10839	0.08522
0.00000	0.12038	0.06265	0.11344	0.15239	0.07787	0.10556	0.10818	0.06855	0.11500	0.07598
0.00000	0.12709	0.06105	0.11054	0.15353	0.07777	0.09939	0.10950	0.06988	0.11271	0.07853
1.00000	0.12315	0.06006	0.10385	0.14963	0.08071	0.10136	0.11568	0.06953	0.11084	0.08519
0.00000	0.11881	0.06257	0.10644	0.14767	0.07934	0.10063	0.12120	0.07101	0.11253	0.07980
0.00000	0.11656	0.06495	0.11285	0.15061	0.07505	0.10398	0.11319	0.07406	0.11503	0.07371
0.00000	0.12653	0.06219	0.11362	0.15028	0.07710	0.10098	0.11078	0.06908	0.11067	0.07879
0.00000	0.12180	0.05977	0.10605	0.15434	0.07912	0.09234	0.11847	0.07002	0.11432	0.08377
1.00000	0.11774	0.06262	0.11355	0.14418	0.08398	0.11045	0.11730	0.06638	0.10369	0.08011
0.00000	0.11879	0.06093	0.11728	0.14557	0.07982	0.10777	0.10969	0.06888	0.11116	0.08010
0.00000	0.12349	0.05829	0.11062	0.15181	0.08080	0.10164	0.11170	0.06925	0.11399	0.07842
0.00000	0.12601	0.05855	0.10991	0.15242	0.08188	0.10070	0.11068	0.06689	0.11572	0.07723
0.00000	0.12071	0.06002	0.10781	0.14884	0.08160	0.10415	0.11123	0.07169	0.10990	0.08404
0.00000	0.11740	0.05881	0.10854	0.15011	0.08553	0.10576	0.11549	0.07073	0.10498	0.08264
0.00000	0.12085	0.06055	0.11759	0.14222	0.08055	0.10901	0.10790	0.07647	0.10322	0.08162
0.00000	0.12307	0.05927	0.11501	0.14971	0.07997	0.10348	0.10820	0.06877	0.10940	0.08313
0.00000	0.12405	0.05906	0.11459	0.15606	0.07784	0.09660	0.10923	0.06665	0.11451	0.08140
0.00000	0.11529	0.05548	0.11050	0.14395	0.08210	0.10826	0.11534	0.07767	0.10565	0.08576
0.00000	0.12365	0.06354	0.11366	0.14706	0.07797	0.10713	0.10815	0.06900	0.10714	0.08269
0.00000	0.12412	0.05793	0.10909	0.14932	0.08204	0.10260	0.11572	0.06760	0.11011	0.08147
0.00000	0.11607	0.06328	0.10671	0.15144	0.08276	0.09562	0.12005	0.06759	0.11326	0.08323
0.00000	0.11796	0.05783	0.10479	0.15009	0.08300	0.10651	0.11701	0.07591	0.10670	0.08020
0.00000	0.12873	0.05962	0.10996	0.14493	0.07707	0.09860	0.11562	0.07124	0.11364	0.08059
0.00000	0.11831	0.05763	0.11581	0.14612	0.07972	0.10643	0.10587	0.07802	0.11167	0.08043
1.00000	0.10938	0.05892	0.11275	0.14359	0.08400	0.11054	0.11616	0.07058	0.10838	0.08570
0.00000	0.12251	0.06559	0.10467	0.14477	0.07990	0.10197	0.11676	0.06851	0.11124	0.08407
0.00000	0.11594	0.06166	0.10646	0.15411	0.08015	0.10298	0.11511	0.07192	0.10708	0.08458
1.00000	0.12297	0.06149	0.10793	0.14637	0.08097	0.10871	0.11205	0.06857	0.10661	0.08433
0.00000	0.12522	0.05811	0.10863	0.15191	0.08027	0.10165	0.11211	0.06992	0.11223	0.07994
0.00000	0.11495	0.05941	0.11107	0.14753	0.08211	0.10892	0.10693	0.07439	0.10915	0.08555
0.00000	0.12496	0.06013	0.11300	0.15065	0.08087	0.10140	0.11047	0.06516	0.11273	0.08063
0.00000	0.11538	0.05940	0.11103	0.14431	0.07664	0.10566	0.11606	0.07426	0.11526	0.08199
0.00000	0.11330	0.06154	0.11227	0.14639	0.08045	0.10550	0.10956	0.07552	0.11170	0.08377
0.00000	0.11653	0.06116	0.10903	0.15511	0.07982	0.09882	0.11622	0.06671	0.11592	0.08068
0.00000	0.11323	0.06437	0.10793	0.14616	0.08349	0.10554	0.11298	0.07390	0.10866	0.08375
1.00000	0.11908	0.06185	0.10828	0.14468	0.08113	0.10941	0.11561	0.07300	0.10564	0.08132
0.00000	0.12197	0.05855	0.11046	0.15016	0.08282	0.10489	0.10716	0.07063	0.10915	0.08421
0.00000	0.12811	0.05774	0.10495	0.14832	0.08108	0.10188	0.11488	0.07314	0.10666	0.08324
0.00000	0.12212	0.05987	0.11228	0.15000	0.08072	0.09999	0.10720	0.07194	0.11281	0.08308
0.00000	0.11800	0.06326	0.11189	0.14474	0.07744	0.10060	0.11482	0.06790	0.12101	0.08034
0.00000	0.11451	0.06329	0.11618	0.14924	0.08228	0.10536	0.11431	0.06937	0.10349	0.08198
0.00000	0.11957	0.06192	0.10544	0.14375	0.08184	0.10153	0.11741	0.07338	0.11090	0.08427
0.00000	0.12395	0.05861	0.11187	0.15329	0.08187	0.09929	0.10804	0.06695	0.11674	0.07940
0.00000	0.12627	0.06273	0.11266	0.14976	0.07972	0.10343	0.10890	0.07013	0.10916	0.07723
0.00000	0.12130	0.06198	0.10767	0.14840	0.08232	0.10495	0.11545	0.07462	0.09955	0.08377
0.00000	0.11642	0.06002	0.11023	0.14843	0.08614	0.10287	0.11330	0.07545	0.10480	0.08234
0.00000	0.11999	0.05822	0.10978	0.15327	0.08090	0.10434	0.11514	0.07346	0.10223	0.08266
