1.00000	0.00089	0.93998	0.00520	0.01156	0.00487	0.00199	0.00150	0.00096	0.00595	0.02712
1.00000	0.00028	0.00016	0.00148	0.01294	0.00346	0.00083	0.00008	0.97254	0.00009	0.00813
1.00000	0.92079	0.00052	0.02008	0.00435	0.01067	0.01394	0.01414	0.00101	0.01011	0.00439
1.00000	0.08683	0.01835	0.00992	0.02285	0.01077	0.75262	0.01574	0.00528	0.03338	0.04425
1.00000	0.00116	0.00126	0.00184	0.00220	0.84747	0.01655	0.00097	0.02792	0.00083	0.09980
1.00000	0.00528	0.03340	0.00752	0.00849	0.17005	0.01047	0.00258	0.42020	0.00210	0.33991
1.00000	0.00285	0.00025	0.00419	0.02715	0.00164	0.93276	0.00253	0.00381	0.02279	0.00203
0.00000	0.28394	0.02684	0.23263	0.03953	0.22027	0.07960	0.09110	0.01266	0.00521	0.00821
0.00000	0.00037	0.01519	0.00626	0.00775	0.15590	0.00685	0.00349	0.20027	0.00177	0.60214
1.00000	0.11903	0.01082	0.02518	0.02737	0.23331	0.07495	0.02945	0.08312	0.09326	0.30352
1.00000	0.00367	0.86811	0.01230	0.00553	0.04806	0.00205	0.00378	0.01520	0.01200	0.02931
1.00000	0.00126	0.00273	0.96387	0.00403	0.00807	0.00047	0.01725	0.00131	0.00024	0.00077
1.00000	0.00800	0.03927	0.00468	0.00489	0.63788	0.02518	0.00130	0.00831	0.01533	0.25516
1.00000	0.00158	0.93236	0.00587	0.00404	0.00568	0.00804	0.00106	0.00293	0.00141	0.03703
1.00000	0.00564	0.80323	0.00268	0.01696	0.04477	0.01045	0.00509	0.07549	0.02348	0.01222
0.00000	0.00363	0.00820	0.12188	0.20599	0.03996	0.14613	0.04122	0.13997	0.05605	0.23696
1.00000	0.00093	0.95619	0.00073	0.00335	0.01289	0.00125	0.00208	0.00317	0.00064	0.01877
1.00000	0.01619	0.00342	0.02009	0.01667	0.01073	0.06763	0.81203	0.00131	0.04855	0.00338
1.00000	0.00018	0.00049	0.00066	0.00024	0.90705	0.00569	0.00360	0.00728	0.01278	0.06203
1.00000	0.00230	0.00772	0.00357	0.01111	0.11735	0.01154	0.00209	0.03820	0.05327	0.75284
1.00000	0.05000	0.00204	0.00258	0.83579	0.01967	0.04093	0.00227	0.00132	0.03944	0.00596
1.00000	0.00016	0.00018	0.00199	0.00113	0.70203	0.01345	0.00067	0.01794	0.00238	0.26007
1.00000	0.00016	0.00021	0.00092	0.00012	0.04615	0.00612	0.00083	0.02249	0.00095	0.92206
1.00000	0.12731	0.01960	0.04094	0.18958	0.04990	0.01301	0.03883	0.01326	0.47869	0.02888
1.00000	0.00284	0.00027	0.00280	0.00192	0.03232	0.03090	0.00138	0.00482	0.06559	0.85713
1.00000	0.50060	0.00805	0.06761	0.09886	0.01393	0.03841	0.10619	0.03469	0.09373	0.03794
1.00000	0.00585	0.00118	0.01111	0.00387	0.01019	0.00167	0.00029	0.77104	0.00136	0.19344
1.00000	0.02877	0.00059	0.02562	0.00286	0.00276	0.02094	0.79140	0.00115	0.11161	0.01429
1.00000	0.01995	0.02078	0.04780	0.02795	0.15305	0.24435	0.06290	0.03388	0.31365	0.07569
1.00000	0.00459	0.00038	0.01224	0.00029	0.00246	0.00162	0.97298	0.00051	0.00217	0.00276
1.00000	0.01510	0.56386	0.02507	0.04024	0.04191	0.01240	0.00741	0.10696	0.12275	0.06431
1.00000	0.05033	0.00198	0.00901	0.88730	0.00076	0.04369	0.00032	0.00119	0.00497	0.00044
1.00000	0.00423	0.92372	0.00330	0.00971	0.00545	0.00223	0.00268	0.00176	0.01429	0.03263
1.00000	0.07019	0.00928	0.05682	0.00845	0.49842	0.03617	0.07809	0.05766	0.05263	0.13231
1.00000	0.00139	0.00050	0.01162	0.00027	0.00222	0.01792	0.95380	0.00974	0.00144	0.00110
1.00000	0.00342	0.10823	0.82505	0.00909	0.01031	0.01060	0.00868	0.01276	0.01004	0.00181
1.00000	0.00763	0.02192	0.01331	0.02269	0.19061	0.21320	0.08433	0.03501	0.31759	0.09370
1.00000	0.89602	0.00117	0.00391	0.00438	0.00488	0.01591	0.05742	0.00760	0.00159	0.00712
1.00000	0.00898	0.09502	0.00705	0.00761	0.37371	0.04860	0.01947	0.14385	0.00135	0.29436
1.00000	0.03158	0.00494	0.48080	0.04692	0.00449	0.06528	0.00950	0.04919	0.15509	0.15220
1.00000	0.24016	0.00311	0.01212	0.54715	0.00494	0.06727	0.00530	0.00404	0.10354	0.01238
1.00000	0.01645	0.00411	0.92487	0.02374	0.00281	0.00088	0.00234	0.01511	0.00874	0.00094
1.00000	0.99559	0.00002	0.00028	0.00061	0.00033	0.00108	0.00168	0.00004	0.00028	0.00010
1.00000	0.00862	0.01209	0.02416	0.00915	0.23921	0.01343	0.01330	0.05917	0.01964	0.60123
1.00000	0.08039	0.01438	0.59765	0.11964	0.00616	0.06473	0.01604	0.00632	0.08845	0.00626
1.00000	0.00102	0.88677	0.00895	0.01074	0.04779	0.00125	0.00365	0.00200	0.01412	0.02370
1.00000	0.00605	0.00456	0.03853	0.79106	0.00195	0.04203	0.00080	0.08729	0.02121	0.00651
1.00000	0.01414	0.02007	0.07306	0.75576	0.00486	0.00939	0.00166	0.09700	0.01640	0.00766
0.00000	0.00190	0.00999	0.00270	0.63418	0.00327	0.02736	0.00012	0.00398	0.28238	0.03414
1.00000	0.07267	0.00113	0.02542	0.16399	0.00917	0.54988	0.05783	0.02301	0.04831	0.04858
1.00000	0.09001	0.00658	0.07368	0.00550	0.32271	0.06706	0.04571	0.03420	0.19638	0.15817
1.00000	0.06260	0.00592	0.02120	0.07372	0.00320	0.03604	0.76835	0.00063	0.02033	0.00801
1.00000	0.00353	0.06942	0.02854	0.11997	0.00284	0.00143	0.00141	0.67033	0.00295	0.09958
1.00000	0.03695	0.00324	0.00905	0.00782	0.03445	0.03384	0.00673	0.80138	0.00330	0.06323
1.00000	0.07112	0.00282	0.00245	0.14418	0.00625	0.70097	0.01057	0.00454	0.05497	0.00211
1.00000	0.00100	0.06711	0.02707	0.00130	0.14573	0.00829	0.00200	0.04163	0.00979	0.69608
1.00000	0.00039	0.00151	0.01505	0.00045	0.83062	0.00535	0.00424	0.02178	0.00591	0.11471
1.00000	0.00819	0.00757	0.05760	0.00321	0.75507	0.00524	0.03967	0.04821	0.00431	0.07093
1.00000	0.72368	0.00581	0.02012	0.05702	0.02962	0.01045	0.06640	0.02360	0.02756	0.03573
0.00000	0.01451	0.00499	0.00587	0.06102	0.07291	0.06145	0.01635	0.00643	0.37242	0.38405
1.00000	0.01148	0.00242	0.00686	0.05534	0.07792	0.58399	0.12978	0.00618	0.04592	0.08010
1.00000	0.59199	0.00759	0.03085	0.03514	0.03519	0.07372	0.00512	0.11532	0.01603	0.08904
1.00000	0.03170	0.00467	0.00135	0.01861	0.60373	0.10041	0.03888	0.03739	0.00876	0.15450
1.00000	0.00051	0.00416	0.00040	0.00093	0.04538	0.00524	0.00109	0.03653	0.00077	0.90499
1.00000	0.01154	0.00064	0.01582	0.06487	0.00371	0.00072	0.00052	0.89259	0.00047	0.00914
1.00000	0.00137	0.00147	0.01197	0.00030	0.02431	0.04225	0.00125	0.90947	0.00048	0.00710
1.00000	0.08863	0.01060	0.02985	0.00536	0.06132	0.00884	0.01949	0.06293	0.00474	0.70823
1.00000	0.00099	0.00045	0.00111	0.06866	0.00498	0.00138	0.00016	0.85515	0.00830	0.05883
1.00000	0.00031	0.00067	0.00063	0.00622	0.07484	0.00654	0.00051	0.10960	0.00107	0.79959
1.00000	0.10406	0.01377	0.05205	0.07180	0.07497	0.00837	0.58878	0.01120	0.05299	0.02201
1.00000	0.78588	0.00094	0.03014	0.03785	0.00321	0.08434	0.02945	0.00698	0.01709	0.00413
1.00000	0.07482	0.00124	0.00671	0.22980	0.01075	0.50847	0.08913	0.03584	0.01110	0.03213
1.00000	0.01298	0.00730	0.00158	0.00411	0.02053	0.86167	0.00611	0.04290	0.03202	0.01082
1.00000	0.05916	0.00269	0.08800	0.01169	0.08803	0.01414	0.67240	0.01540	0.02091	0.02757
1.00000	0.06232	0.00353	0.04128	0.00283	0.01789	0.08502	0.69611	0.00615	0.06627	0.01860
1.00000	0.04935	0.05388	0.01140	0.00666	0.04036	0.69454	0.02165	0.03366	0.07950	0.00899
1.00000	0.00352	0.00971	0.00816	0.04249	0.02884	0.01812	0.00073	0.44224	0.08869	0.35750
1.00000	0.32611	0.01624	0.04248	0.08596	0.03801	0.20502	0.00725	0.21640	0.01703	0.04551
1.00000	0.00133	0.00009	0.00160	0.00101	0.00144	0.00150	0.00015	0.98100	0.00009	0.01179
1.00000	0.02209	0.03086	0.00149	0.00155	0.08447	0.63918	0.00448	0.05767	0.10063	0.05758
1.00000	0.00057	0.00283	0.00169	0.00504	0.17713	0.01157	0.00195	0.03348	0.00220	0.76353
1.00000	0.00387	0.02811	0.03177	0.03441	0.48844	0.02538	0.09397	0.09474	0.02762	0.17169
1.00000	0.03112	0.00429	0.03876	0.00747	0.77922	0.00742	0.01401	0.04625	0.00562	0.06584
1.00000	0.00218	0.00150	0.00482	0.00091	0.12946	0.00089	0.00068	0.03270	0.00416	0.82270
1.00000	0.00112	0.00103	0.98438	0.00798	0.00004	0.00020	0.00105	0.00193	0.00199	0.00025
1.00000	0.93457	0.00013	0.00154	0.00855	0.00075	0.00241	0.00906	0.00162	0.00741	0.03397
1.00000	0.06630	0.01578	0.69811	0.00866	0.02168	0.02698	0.10268	0.01232	0.04163	0.00585
0.00000	0.00153	0.00486	0.00074	0.00062	0.08220	0.00454	0.00015	0.42861	0.00161	0.47513
1.00000	0.00099	0.91916	0.01020	0.01052	0.00435	0.02151	0.00447	0.01179	0.00174	0.01528
1.00000	0.03822	0.05477	0.00827	0.63102	0.03992	0.11566	0.00622	0.05477	0.04301	0.00813
1.00000	0.05179	0.00372	0.85323	0.01032	0.02584	0.00375	0.00735	0.00449	0.02167	0.01784
1.00000	0.84370	0.00192	0.01491	0.00864	0.01035	0.02316	0.07183	0.01406	0.00143	0.00998
1.00000	0.10651	0.00624	0.07394	0.00443	0.00266	0.00696	0.78771	0.00129	0.00561	0.00466
1.00000	0.00481	0.92354	0.01584	0.01563	0.01001	0.00113	0.00235	0.00619	0.01245	0.00803
1.00000	0.00052	0.00015	0.00425	0.00567	0.00471	0.00345	0.00032	0.94261	0.00466	0.03365
1.00000	0.01274	0.00935	0.00650	0.00300	0.11929	0.00932	0.01171	0.60945	0.04592	0.17272
0.00000	0.18826	0.00208	0.00254	0.01681	0.38438	0.12315	0.00440	0.12858	0.02198	0.12782
0.00000	0.00255	0.00103	0.00091	0.00186	0.19596	0.03531	0.00778	0.03068	0.02113	0.70279
1.00000	0.04525	0.00303	0.08453	0.00097	0.71597	0.00235	0.05714	0.02856	0.00591	0.05630
1.00000	0.00416	0.00061	0.00166	0.02239	0.00231	0.00123	0.00053	0.93469	0.00033	0.03209
1.00000	0.02721	0.05894	0.01360	0.01007	0.06817	0.03412	0.00325	0.58285	0.05388	0.14792
1.00000	0.00386	0.03205	0.13324	0.00280	0.29644	0.01421	0.34725	0.07800	0.02424	0.06792
1.00000	0.00368	0.00065	0.00519	0.00556	0.00056	0.00658	0.00081	0.00035	0.93342	0.04320
0.00000	0.05128	0.02733	0.08051	0.00268	0.39465	0.01169	0.06586	0.18202	0.01683	0.16716
1.00000	0.19795	0.01346	0.36153	0.17937	0.00564	0.03267	0.06058	0.00152	0.13835	0.00891
1.00000	0.02568	0.00148	0.00621	0.00929	0.00076	0.85136	0.00199	0.00175	0.10015	0.00133
1.00000	0.04466	0.02222	0.02583	0.00802	0.76654	0.04860	0.01754	0.03019	0.02001	0.01638
1.00000	0.13240	0.00665	0.02649	0.72719	0.01063	0.05000	0.00939	0.01449	0.01631	0.00644
1.00000	0.00117	0.00097	0.00062	0.00050	0.67242	0.00591	0.00136	0.00591	0.01526	0.29589
1.00000	0.00034	0.00014	0.00056	0.00199	0.00039	0.00030	0.00001	0.98917	0.00002	0.00708
0.00000	0.22026	0.00538	0.09617	0.06973	0.11647	0.09253	0.04965	0.07239	0.03493	0.24249
1.00000	0.00907	0.00411	0.01969	0.02909	0.00453	0.02014	0.00191	0.00152	0.86309	0.04685
1.00000	0.00121	0.00076	0.00261	0.07482	0.04396	0.00959	0.00855	0.06448	0.73029	0.06374
1.00000	0.00083	0.08031	0.00086	0.01731	0.02015	0.00287	0.00036	0.76680	0.00442	0.10610
1.00000	0.00642	0.88646	0.01238	0.01649	0.00489	0.01199	0.00467	0.02627	0.00994	0.02050
1.00000	0.10311	0.00253	0.01076	0.71394	0.00191	0.12274	0.00218	0.02119	0.01719	0.00445
1.00000	0.01281	0.00087	0.03461	0.00260	0.02877	0.01983	0.88212	0.00164	0.01304	0.00371
1.00000	0.00095	0.00055	0.00086	0.00263	0.08082	0.00594	0.00116	0.04468	0.00763	0.85479
1.00000	0.00260	0.91960	0.00393	0.00211	0.01151	0.00112	0.00058	0.01272	0.01124	0.03459
1.00000	0.00211	0.00607	0.00960	0.01692	0.00673	0.00177	0.00034	0.92104	0.00033	0.03510
1.00000	0.00208	0.00334	0.06520	0.00550	0.64057	0.02166	0.05031	0.01790	0.03417	0.15927
0.00000	0.01068	0.01187	0.08935	0.04205	0.30150	0.01485	0.26053	0.25546	0.00406	0.00965
1.00000	0.02220	0.01053	0.25485	0.42044	0.00312	0.05277	0.06980	0.10830	0.05267	0.00532
1.00000	0.86849	0.00076	0.01245	0.00876	0.00720	0.00441	0.06182	0.00451	0.01015	0.02147
1.00000	0.01283	0.09845	0.00217	0.04087	0.05447	0.35104	0.00976	0.26168	0.03213	0.13660
1.00000	0.07624	0.00349	0.01870	0.74742	0.00047	0.09503	0.00445	0.02704	0.00482	0.02235
1.00000	0.01593	0.00552	0.76480	0.04799	0.06961	0.03100	0.02972	0.00898	0.01162	0.01483
1.00000	0.01903	0.00222	0.14313	0.68898	0.02034	0.03542	0.01381	0.00295	0.07065	0.00347
1.00000	0.17720	0.00244	0.02767	0.22077	0.00406	0.48714	0.02337	0.00452	0.02546	0.02737
1.00000	0.00766	0.00255	0.00068	0.08455	0.00203	0.81650	0.00094	0.00024	0.07871	0.00614
1.00000	0.00136	0.00010	0.00019	0.00070	0.02740	0.00210	0.00432	0.02755	0.00146	0.93482
0.00000	0.10862	0.00578	0.08370	0.11540	0.05665	0.14335	0.06950	0.09016	0.14028	0.18657
1.00000	0.00070	0.00141	0.01899	0.00547	0.02712	0.01178	0.92051	0.00121	0.01028	0.00255
1.00000	0.00492	0.00057	0.00585	0.00033	0.80456	0.00584	0.01064	0.05860	0.00266	0.10603
1.00000	0.82796	0.00029	0.02066	0.01218	0.00254	0.10613	0.01576	0.00266	0.01059	0.00123
1.00000	0.00168	0.00415	0.00421	0.01923	0.04165	0.03427	0.00259	0.03565	0.46050	0.39607
1.00000	0.94726	0.00002	0.00086	0.02424	0.01274	0.00497	0.00778	0.00030	0.00049	0.00135
1.00000	0.00302	0.01545	0.01974	0.08869	0.01159	0.01540	0.00376	0.76188	0.00570	0.07477
1.00000	0.25095	0.02855	0.35239	0.09201	0.00733	0.13149	0.03313	0.05338	0.04902	0.00175
1.00000	0.04702	0.03193	0.01777	0.01735	0.08667	0.05838	0.00995	0.17453	0.30872	0.24768
1.00000	0.02391	0.00415	0.06655	0.27365	0.03820	0.06953	0.03815	0.06217	0.40125	0.02244
1.00000	0.17409	0.00448	0.02435	0.19686	0.00535	0.21511	0.05245	0.00238	0.30095	0.02399
1.00000	0.00015	0.00016	0.00076	0.00023	0.00004	0.00054	0.00004	0.99456	0.00001	0.00351
1.00000	0.01422	0.06544	0.35172	0.21295	0.00160	0.04343	0.00437	0.11158	0.16448	0.03021
1.00000	0.01328	0.03239	0.05059	0.01338	0.02928	0.03941	0.77193	0.01972	0.02709	0.00294
1.00000	0.88744	0.00061	0.00061	0.00345	0.00616	0.03097	0.06407	0.00232	0.00067	0.00370
1.00000	0.03592	0.01003	0.00252	0.02753	0.03975	0.73276	0.02593	0.00605	0.02137	0.09814
1.00000	0.09354	0.00301	0.00517	0.21153	0.00884	0.49405	0.02989	0.01794	0.13099	0.00505
1.00000	0.02496	0.00342	0.83240	0.02416	0.00189	0.01409	0.02368	0.05807	0.01389	0.00342
1.00000	0.01519	0.00379	0.00092	0.00582	0.00455	0.92085	0.02958	0.00216	0.01153	0.00561
1.00000	0.01575	0.66541	0.04444	0.05245	0.06291	0.01739	0.01314	0.03902	0.05946	0.03002
1.00000	0.03460	0.00257	0.00503	0.86978	0.00108	0.02338	0.00446	0.03746	0.02106	0.00058
1.00000	0.01843	0.00921	0.02676	0.00972	0.09750	0.01969	0.77373	0.00751	0.02103	0.01643
1.00000	0.18863	0.00528	0.03890	0.00154	0.62982	0.01931	0.08055	0.01316	0.00711	0.01569
1.00000	0.00498	0.10095	0.08578	0.09265	0.00635	0.00078	0.00057	0.59564	0.00323	0.10908
1.00000	0.00226	0.00058	0.01185	0.00030	0.87721	0.01114	0.00785	0.06109	0.00304	0.02468
1.00000	0.92293	0.00125	0.00984	0.01295	0.00144	0.04005	0.00611	0.00219	0.00238	0.00086
0.00000	0.02749	0.08143	0.24157	0.22792	0.00893	0.01835	0.00295	0.00394	0.37734	0.01008
1.00000	0.43281	0.01087	0.05850	0.02774	0.02499	0.03893	0.21831	0.07572	0.00617	0.10596
0.00000	0.02077	0.00271	0.32769	0.34447	0.00224	0.06856	0.03286	0.11746	0.04086	0.04238
1.00000	0.00250	0.00468	0.00317	0.00359	0.04272	0.00474	0.00569	0.05702	0.01041	0.86546
1.00000	0.04265	0.00244	0.80168	0.06612	0.01006	0.01082	0.00232	0.04232	0.01361	0.00797
1.00000	0.03850	0.00416	0.00203	0.15958	0.00732	0.66592	0.02521	0.00697	0.03700	0.05331
0.00000	0.38147	0.00303	0.24643	0.03972	0.01428	0.01141	0.17927	0.03914	0.07821	0.00703
0.00000	0.02426	0.00568	0.02663	0.00608	0.37004	0.05907	0.13740	0.05769	0.05204	0.26110
1.00000	0.00159	0.00963	0.00505	0.03988	0.08116	0.06132	0.00369	0.02741	0.14568	0.62459
1.00000	0.00066	0.00382	0.00025	0.00332	0.04414	0.00194	0.00154	0.02308	0.00034	0.92091
1.00000	0.02982	0.00848	0.06047	0.02782	0.12779	0.01286	0.66719	0.03100	0.01357	0.02100
1.00000	0.00880	0.00427	0.07402	0.05895	0.01472	0.05429	0.00706	0.01530	0.67293	0.08966
1.00000	0.21919	0.00102	0.66488	0.02201	0.01027	0.00373	0.01299	0.00652	0.05293	0.00645
1.00000	0.75929	0.00122	0.02760	0.04425	0.00823	0.06760	0.02977	0.01710	0.02858	0.01635
1.00000	0.00260	0.02907	0.02661	0.19745	0.00402	0.02387	0.00083	0.07923	0.58569	0.05064
1.00000	0.01290	0.00262	0.00092	0.00386	0.00200	0.94789	0.00821	0.00052	0.02071	0.00036
1.00000	0.04802	0.00222	0.00128	0.01384	0.65216	0.01017	0.00645	0.02803	0.01051	0.22734
1.00000	0.01587	0.00102	0.00992	0.00026	0.00310	0.01054	0.95410	0.00053	0.00399	0.00068
1.00000	0.01683	0.00173	0.03826	0.00629	0.62217	0.01967	0.01639	0.02440	0.02854	0.22572
1.00000	0.00567	0.00090	0.00917	0.01535	0.00061	0.00456	0.00074	0.95658	0.00029	0.00612
1.00000	0.02951	0.00686	0.01501	0.65389	0.00122	0.06672	0.00284	0.03808	0.09090	0.09497
1.00000	0.01178	0.00048	0.00255	0.00105	0.00380	0.02341	0.00038	0.00103	0.91936	0.03615
0.00000	0.00432	0.00127	0.27800	0.16639	0.00203	0.04385	0.00132	0.05536	0.42308	0.02438
1.00000	0.42152	0.02822	0.04680	0.00416	0.15234	0.02868	0.09387	0.13332	0.00779	0.08329
1.00000	0.00245	0.00219	0.00591	0.53763	0.06267	0.10525	0.01648	0.02907	0.12047	0.11787
1.00000	0.06650	0.00958	0.00755	0.00494	0.00899	0.09871	0.77146	0.00080	0.02487	0.00661
1.00000	0.00174	0.95205	0.00234	0.00089	0.02161	0.00040	0.00137	0.00457	0.00709	0.00794
1.00000	0.04059	0.00045	0.01010	0.86587	0.00014	0.03915	0.00097	0.00274	0.03763	0.00235
1.00000	0.18889	0.00415	0.01786	0.23701	0.00878	0.04155	0.00282	0.00143	0.42693	0.07058
1.00000	0.00251	0.00343	0.03440	0.06069	0.00803	0.02123	0.01206	0.00942	0.76227	0.08596
1.00000	0.01165	0.00048	0.00397	0.01239	0.01282	0.92305	0.01705	0.00084	0.00727	0.01048
0.00000	0.16584	0.02008	0.09616	0.21966	0.01765	0.08821	0.04789	0.09110	0.14226	0.11115
1.00000	0.09789	0.00247	0.02409	0.77745	0.00500	0.00576	0.00365	0.00044	0.08105	0.00221
1.00000	0.35132	0.01456	0.07729	0.39217	0.00170	0.02526	0.01048	0.00833	0.11311	0.00577
1.00000	0.01607	0.00953	0.00113	0.00974	0.61062	0.03566	0.05094	0.06736	0.01303	0.18592
1.00000	0.04146	0.02914	0.13751	0.54796	0.00996	0.03630	0.01749	0.03339	0.11862	0.02817
0.00000	0.02679	0.00964	0.43483	0.08340	0.05413	0.05471	0.04419	0.24115	0.03206	0.01910
1.00000	0.09036	0.02018	0.06829	0.10007	0.03959	0.04136	0.07572	0.01661	0.44796	0.09987
1.00000	0.01532	0.02359	0.06421	0.18933	0.01442	0.09940	0.01052	0.03808	0.52621	0.01891
1.00000	0.96992	0.00002	0.01517	0.00100	0.00079	0.00405	0.00525	0.00035	0.00016	0.00330
1.00000	0.02847	0.00252	0.00068	0.04067	0.00148	0.91227	0.00456	0.00270	0.00519	0.00146
1.00000	0.02142	0.00565	0.01732	0.92628	0.00021	0.01373	0.00037	0.00718	0.00483	0.00301
1.00000	0.01947	0.00273	0.02484	0.00106	0.77052	0.04270	0.02949	0.04452	0.01998	0.04470
1.00000	0.00950	0.02846	0.03389	0.00568	0.72385	0.09202	0.01288	0.01228	0.01673	0.06472
1.00000	0.00072	0.00023	0.00093	0.03395	0.02033	0.00057	0.00013	0.04415	0.01752	0.88147
1.00000	0.02713	0.00821	0.00183	0.02039	0.25570	0.17792	0.02543	0.11610	0.00866	0.35862
1.00000	0.01574	0.00530	0.15210	0.75205	0.00090	0.00482	0.00319	0.00597	0.05357	0.00636
1.00000	0.00854	0.00036	0.00640	0.01106	0.08772	0.00334	0.00116	0.05949	0.05848	0.76346
1.00000	0.00773	0.00494	0.00898	0.01268	0.01191	0.23169	0.03022	0.00364	0.35833	0.32989
1.00000	0.00102	0.00176	0.00016	0.00426	0.10230	0.00123	0.00660	0.01448	0.00537	0.86282
1.00000	0.03314	0.00462	0.00378	0.03005	0.03269	0.10325	0.00936	0.01896	0.52966	0.23449
1.00000	0.94659	0.00028	0.00672	0.01430	0.00472	0.01158	0.00793	0.00083	0.00198	0.00507
1.00000	0.00168	0.91104	0.00582	0.00882	0.02424	0.00116	0.00242	0.00835	0.01231	0.02416
1.00000	0.00337	0.00284	0.01939	0.39587	0.01943	0.01928	0.00057	0.00836	0.34144	0.18945
1.00000	0.86463	0.00015	0.01699	0.00754	0.00040	0.09430	0.00875	0.00156	0.00440	0.00129
1.00000	0.05330	0.00608	0.43994	0.04294	0.17527	0.03384	0.03270	0.07956	0.00523	0.13114
1.00000	0.00078	0.00133	0.00095	0.00686	0.07306	0.00217	0.00035	0.10060	0.03194	0.78196
1.00000	0.00028	0.00006	0.00013	0.00146	0.01655	0.00032	0.00006	0.92810	0.00010	0.05294
1.00000	0.02717	0.00236	0.07302	0.03625	0.00630	0.14132	0.07004	0.00064	0.60645	0.03645
1.00000	0.11482	0.01723	0.00306	0.00383	0.10308	0.03711	0.00530	0.64702	0.00728	0.06129
1.00000	0.99259	0.00005	0.00362	0.00056	0.00030	0.00062	0.00130	0.00021	0.00039	0.00035
1.00000	0.00094	0.00470	0.00763	0.01993	0.07420	0.00785	0.00224	0.13181	0.00655	0.74416
1.00000	0.10362	0.00120	0.13414	0.00907	0.01290	0.00504	0.64807	0.00324	0.03838	0.04433
1.00000	0.00061	0.06221	0.00276	0.03050	0.00692	0.00094	0.00018	0.77181	0.00031	0.12375
1.00000	0.00705	0.00041	0.00179	0.00090	0.86038	0.00528	0.00349	0.03995	0.00101	0.07974
1.00000	0.00293	0.00145	0.00277	0.00433	0.00804	0.01685	0.00292	0.82602	0.00401	0.13068
1.00000	0.02268	0.59222	0.02692	0.04679	0.05834	0.01312	0.03583	0.03798	0.13192	0.03420
1.00000	0.00153	0.00107	0.00019	0.00719	0.04583	0.00827	0.00113	0.03487	0.01598	0.88393
1.00000	0.01259	0.00215	0.46837	0.32199	0.00301	0.00359	0.02900	0.15001	0.00165	0.00764
1.00000	0.22445	0.01252	0.33757	0.12841	0.02112	0.08861	0.05293	0.04668	0.04528	0.04243
1.00000	0.00926	0.02035	0.82363	0.05860	0.00187	0.00168	0.01869	0.00495	0.05699	0.00399
1.00000	0.00195	0.91118	0.01022	0.01476	0.00952	0.00663	0.01286	0.00558	0.00872	0.01857
1.00000	0.00138	0.00156	0.01746	0.04274	0.01114	0.03619	0.00075	0.00461	0.85431	0.02985
1.00000	0.00768	0.00064	0.00162	0.91803	0.00146	0.00822	0.00038	0.00224	0.04808	0.01163
1.00000	0.02145	0.00166	0.00435	0.92007	0.00260	0.02920	0.00161	0.00172	0.01584	0.00152
1.00000	0.00938	0.00084	0.00537	0.93623	0.00355	0.00104	0.00008	0.00169	0.04144	0.00038
1.00000	0.02997	0.00109	0.00127	0.00091	0.00962	0.00166	0.00032	0.94237	0.00011	0.01265
1.00000	0.45135	0.00811	0.01925	0.16487	0.00211	0.12832	0.07422	0.13326	0.00402	0.01449
0.00000	0.20545	0.03744	0.08134	0.01701	0.18138	0.03855	0.07793	0.03458	0.14819	0.17811
1.00000	0.58541	0.01529	0.01866	0.00203	0.04884	0.02128	0.06027	0.08101	0.01059	0.15661
1.00000	0.02170	0.00364	0.02805	0.54773	0.01128	0.03434	0.00391	0.01147	0.26859	0.06931
1.00000	0.00111	0.96387	0.00203	0.00263	0.00185	0.00058	0.00021	0.01312	0.00243	0.01219
1.00000	0.02216	0.01488	0.00355	0.78917	0.00160	0.14014	0.00644	0.00580	0.01125	0.00500
1.00000	0.00737	0.00743	0.00509	0.01605	0.05335	0.05543	0.01260	0.81090	0.00427	0.02751
1.00000	0.01875	0.00454	0.00021	0.02728	0.00531	0.91456	0.00995	0.00177	0.00610	0.01151
0.00000	0.12052	0.46405	0.02664	0.02263	0.00541	0.29530	0.02502	0.01387	0.01600	0.01057
1.00000	0.01578	0.00230	0.01792	0.02057	0.01379	0.02773	0.00201	0.04791	0.76655	0.08545
1.00000	0.00125	0.02619	0.00989	0.03018	0.02532	0.00912	0.00033	0.73371	0.00123	0.16278
1.00000	0.01188	0.00177	0.00407	0.15982	0.00524	0.01700	0.00123	0.02414	0.68869	0.08615
1.00000	0.00104	0.10196	0.00828	0.00430	0.74065	0.00476	0.00557	0.01242	0.01370	0.10732
1.00000	0.03000	0.01377	0.00623	0.12703	0.00753	0.72565	0.02546	0.00241	0.05836	0.00355
1.00000	0.01263	0.00634	0.00886	0.00438	0.89306	0.00547	0.05764	0.00365	0.00324	0.00473
1.00000	0.02845	0.01140	0.77340	0.01529	0.07234	0.01161	0.04782	0.00640	0.02587	0.00743
1.00000	0.00071	0.02790	0.02100	0.00800	0.03869	0.00284	0.00150	0.07809	0.05764	0.76364
1.00000	0.00116	0.90053	0.00140	0.00372	0.02727	0.00474	0.00027	0.00399	0.00415	0.05277
1.00000	0.00070	0.00143	0.00135	0.00037	0.60676	0.02851	0.00397	0.05408	0.01990	0.28295
1.00000	0.04438	0.00675	0.01061	0.18466	0.00277	0.03537	0.00174	0.00744	0.58462	0.12166
1.00000	0.00077	0.00045	0.00037	0.00077	0.08450	0.00240	0.00011	0.02825	0.00289	0.87949
1.00000	0.05764	0.00366	0.00671	0.10490	0.01526	0.51102	0.00077	0.12492	0.11730	0.05782
0.00000	0.02971	0.10214	0.03044	0.14504	0.08244	0.07072	0.05709	0.32806	0.00579	0.14857
1.00000	0.00641	0.00183	0.01245	0.02740	0.00258	0.03131	0.00159	0.00445	0.86890	0.04309
1.00000	0.05687	0.00676	0.08830	0.33582	0.00369	0.02670	0.01776	0.00266	0.44632	0.01513
1.00000	0.91707	0.00105	0.00550	0.02176	0.00588	0.00966	0.00558	0.01415	0.01095	0.00841
1.00000	0.01577	0.00403	0.01823	0.09723	0.03249	0.45077	0.25777	0.00529	0.06816	0.05025
1.00000	0.26262	0.02891	0.36227	0.10748	0.02360	0.02802	0.05670	0.01220	0.11215	0.00605
1.00000	0.14455	0.00170	0.00767	0.02924	0.00753	0.16473	0.57235	0.00052	0.06571	0.00602
1.00000	0.08208	0.00843	0.05494	0.12076	0.01246	0.01703	0.00418	0.62830	0.05468	0.01714
1.00000	0.00500	0.00769	0.00930	0.63773	0.01417	0.03416	0.00575	0.16423	0.01430	0.10766
1.00000	0.00059	0.00007	0.00043	0.00619	0.03160	0.00127	0.00097	0.00934	0.01165	0.93788
1.00000	0.01448	0.00605	0.85268	0.02026	0.01222	0.00445	0.01493	0.00255	0.04338	0.02899
1.00000	0.01606	0.00722	0.00248	0.12815	0.00104	0.05026	0.00091	0.01610	0.71098	0.06681
1.00000	0.01246	0.01362	0.00433	0.01672	0.08095	0.60486	0.11871	0.00659	0.04309	0.09868
0.00000	0.03881	0.02066	0.20871	0.08544	0.15641	0.01223	0.09636	0.16117	0.05690	0.16330
1.00000	0.00106	0.01668	0.00120	0.00515	0.07822	0.03398	0.00120	0.02870	0.01019	0.82361
1.00000	0.00152	0.00170	0.94017	0.00474	0.00255	0.00070	0.00572	0.03910	0.00269	0.00110
1.00000	0.01165	0.00139	0.02438	0.00619	0.01289	0.00550	0.87903	0.00194	0.05066	0.00636
1.00000	0.00067	0.00059	0.00395	0.00196	0.11853	0.00166	0.00138	0.10621	0.00140	0.76366
1.00000	0.00145	0.01039	0.77912	0.02038	0.01516	0.01203	0.01467	0.13938	0.00219	0.00524
1.00000	0.94997	0.00004	0.00207	0.00748	0.00018	0.02854	0.00063	0.00025	0.00214	0.00870
1.00000	0.02635	0.15903	0.03444	0.00519	0.08376	0.14556	0.46155	0.00679	0.03381	0.04351
0.00000	0.00874	0.00030	0.01133	0.12446	0.00788	0.02076	0.00213	0.00122	0.69393	0.12924
1.00000	0.92875	0.00034	0.00112	0.01974	0.00264	0.01847	0.01597	0.00180	0.00853	0.00265
1.00000	0.19390	0.00414	0.04429	0.02426	0.01250	0.28859	0.41841	0.00315	0.00499	0.00576
1.00000	0.41978	0.00270	0.02214	0.06269	0.02849	0.26618	0.01209	0.14073	0.00555	0.03967
1.00000	0.04302	0.02565	0.00415	0.78941	0.00914	0.09086	0.00782	0.02403	0.00486	0.00104
1.00000	0.00045	0.02185	0.86126	0.03716	0.00146	0.01004	0.00774	0.05249	0.00162	0.00594
1.00000	0.00436	0.00252	0.05406	0.00145	0.00338	0.00700	0.91917	0.00068	0.00336	0.00403
1.00000	0.02580	0.01410	0.01726	0.03327	0.02370	0.07634	0.01704	0.25910	0.01419	0.51921
1.00000	0.00104	0.00034	0.00200	0.00176	0.00084	0.00049	0.00002	0.92409	0.00005	0.06937
1.00000	0.00038	0.00115	0.00186	0.00026	0.07823	0.00061	0.00146	0.07546	0.00065	0.83993
1.00000	0.55758	0.01575	0.01583	0.13351	0.00175	0.12913	0.00528	0.06816	0.02444	0.04857
1.00000	0.00642	0.00556	0.00173	0.00968	0.04393	0.00302	0.00019	0.16413	0.00632	0.75901
0.00000	0.29365	0.00770	0.03975	0.43105	0.00485	0.03960	0.01881	0.00556	0.15043	0.00860
1.00000	0.02280	0.00547	0.04669	0.03393	0.10176	0.06289	0.03528	0.01966	0.42315	0.24837
1.00000	0.00155	0.00319	0.22852	0.00547	0.20986	0.00833	0.48161	0.02049	0.01708	0.02389
1.00000	0.00271	0.00193	0.00092	0.01468	0.04175	0.00264	0.00072	0.82692	0.00248	0.10524
1.00000	0.08971	0.00678	0.00184	0.17193	0.00960	0.65965	0.00903	0.00665	0.03013	0.01468
1.00000	0.79658	0.00032	0.00456	0.00801	0.00136	0.14237	0.01629	0.00190	0.02388	0.00472
1.00000	0.00360	0.96312	0.00131	0.00337	0.01395	0.00177	0.00173	0.00074	0.00083	0.00959
0.00000	0.43087	0.01741	0.00627	0.20272	0.00514	0.22997	0.02501	0.01350	0.04100	0.02810
1.00000	0.17543	0.00678	0.55891	0.00497	0.12363	0.00814	0.03454	0.01940	0.01924	0.04894
1.00000	0.07196	0.00078	0.00027	0.00826	0.00301	0.81667	0.00914	0.00026	0.08820	0.00146
1.00000	0.06270	0.01163	0.01729	0.00214	0.61300	0.01261	0.03699	0.03245	0.01932	0.19187
1.00000	0.00104	0.01097	0.02278	0.01320	0.08156	0.00159	0.02391	0.73523	0.00620	0.10352
0.00000	0.02289	0.00859	0.19711	0.29003	0.00777	0.04019	0.01225	0.07304	0.30155	0.04657
1.00000	0.00665	0.00122	0.04345	0.06106	0.01032	0.02747	0.02094	0.00223	0.80406	0.02262
1.00000	0.04234	0.00025	0.00283	0.01570	0.00151	0.01458	0.89874	0.00181	0.01482	0.00741
1.00000	0.15794	0.01655	0.10682	0.00428	0.03521	0.00743	0.31336	0.00593	0.19583	0.15666
1.00000	0.00083	0.95344	0.00078	0.00650	0.00624	0.00209	0.00156	0.00363	0.00045	0.02449
0.00000	0.54290	0.00276	0.15213	0.06290	0.02014	0.05100	0.03733	0.06804	0.05862	0.00418
1.00000	0.00039	0.00060	0.00303	0.01802	0.00136	0.00140	0.00007	0.97039	0.00019	0.00454
1.00000	0.03064	0.00814	0.60018	0.03460	0.10824	0.03114	0.02705	0.11573	0.02398	0.02031
0.00000	0.24513	0.00130	0.19156	0.20688	0.00563	0.01988	0.04353	0.00562	0.23742	0.04303
1.00000	0.14884	0.00490	0.01018	0.06353	0.05921	0.42696	0.08702	0.01327	0.15553	0.03056
1.00000	0.00080	0.00026	0.00199	0.00311	0.00428	0.00559	0.00070	0.95096	0.00165	0.03065
1.00000	0.20484	0.00192	0.00573	0.06780	0.00330	0.16450	0.43928	0.00628	0.04210	0.06424
1.00000	0.82869	0.00267	0.07586	0.02238	0.00836	0.02363	0.02664	0.00211	0.00392	0.00574
1.00000	0.03693	0.00070	0.01008	0.68326	0.01056	0.16115	0.00352	0.00176	0.06031	0.03171
1.00000	0.00022	0.00034	0.00050	0.00054	0.77354	0.00042	0.00120	0.02229	0.00166	0.19928
1.00000	0.00804	0.02109	0.91655	0.00209	0.00753	0.00089	0.02800	0.00721	0.00601	0.00258
1.00000	0.04408	0.00394	0.00889	0.03046	0.51856	0.01649	0.04428	0.03045	0.14940	0.15347
1.00000	0.05083	0.02460	0.01050	0.21852	0.00203	0.58150	0.01600	0.00642	0.07339	0.01620
1.00000	0.01470	0.80359	0.02074	0.00470	0.03277	0.04630	0.01850	0.01769	0.01318	0.02784
1.00000	0.00733	0.01111	0.04003	0.04487	0.23889	0.04553	0.00904	0.52240	0.01414	0.06665
1.00000	0.01547	0.01024	0.13163	0.03945	0.01828	0.12452	0.03391	0.01840	0.56131	0.04680
1.00000	0.79000	0.00134	0.05531	0.04300	0.00516	0.00677	0.08491	0.00210	0.00715	0.00425
1.00000	0.00191	0.90437	0.01469	0.01629	0.00541	0.00672	0.00529	0.00493	0.01409	0.02630
1.00000	0.01793	0.00808	0.02184	0.00298	0.87316	0.00551	0.02103	0.02205	0.00817	0.01925
1.00000	0.00113	0.00031	0.04038	0.00389	0.68852	0.00135	0.02973	0.16205	0.00256	0.07007
1.00000	0.06013	0.01716	0.00348	0.01477	0.06644	0.66942	0.04082	0.02513	0.06776	0.03489
1.00000	0.02357	0.02262	0.00384	0.02439	0.18149	0.38795	0.01018	0.14119	0.16045	0.04432
1.00000	0.00049	0.00092	0.00163	0.00125	0.08361	0.00087	0.00107	0.04374	0.01912	0.84729
1.00000	0.81936	0.00082	0.02547	0.01292	0.00523	0.00953	0.02895	0.00655	0.03866	0.05252
1.00000	0.00213	0.00273	0.97493	0.00059	0.00155	0.00079	0.00678	0.00110	0.00905	0.00034
1.00000	0.00710	0.78538	0.01275	0.03150	0.05533	0.01367	0.00199	0.00798	0.04668	0.03762
1.00000	0.00976	0.00255	0.04984	0.00144	0.79707	0.00152	0.06432	0.03955	0.00099	0.03297
1.00000	0.90627	0.00263	0.00545	0.00725	0.01780	0.00284	0.00854	0.02288	0.01440	0.01195
1.00000	0.00067	0.00036	0.00148	0.00069	0.00070	0.00054	0.00024	0.97487	0.00008	0.02037
1.00000	0.02111	0.03931	0.13823	0.05000	0.10951	0.06996	0.16404	0.12541	0.20238	0.08005
1.00000	0.05766	0.00425	0.00096	0.17257	0.04243	0.23670	0.01957	0.08679	0.15297	0.22610
0.00000	0.04232	0.24088	0.04799	0.04600	0.03024	0.10233	0.00379	0.17020	0.10070	0.21556
1.00000	0.00252	0.03553	0.01832	0.00324	0.09657	0.03613	0.00475	0.00848	0.05883	0.73564
1.00000	0.15046	0.00578	0.00233	0.20358	0.00862	0.33916	0.01454	0.00728	0.22618	0.04206
0.00000	0.03734	0.10023	0.01071	0.35036	0.01408	0.11284	0.04135	0.03207	0.14274	0.15829
1.00000	0.00314	0.00111	0.01234	0.00038	0.87362	0.00429	0.00453	0.01659	0.01779	0.06621
1.00000	0.00441	0.00064	0.00675	0.03923	0.05975	0.00068	0.00210	0.77581	0.00147	0.10915
1.00000	0.00104	0.83240	0.00541	0.00474	0.05624	0.00084	0.00385	0.02306	0.00437	0.06805
1.00000	0.01620	0.00327	0.01374	0.00742	0.03636	0.02761	0.00178	0.84139	0.00931	0.04293
1.00000	0.00197	0.01699	0.01372	0.09373	0.02042	0.00396	0.00032	0.75118	0.00388	0.09383
1.00000	0.04396	0.06565	0.52670	0.25743	0.00230	0.01937	0.01830	0.03062	0.02827	0.00739
1.00000	0.00016	0.00186	0.96294	0.01931	0.00025	0.00059	0.00070	0.00084	0.00110	0.01225
1.00000	0.00045	0.95269	0.00109	0.01000	0.01058	0.00299	0.00070	0.00465	0.00050	0.01636
1.00000	0.00099	0.96994	0.00133	0.00126	0.00661	0.00095	0.00032	0.00167	0.00174	0.01518
1.00000	0.00257	0.00070	0.00078	0.00527	0.06262	0.00902	0.00166	0.02339	0.03759	0.85640
1.00000	0.00052	0.94703	0.00442	0.00889	0.00492	0.00557	0.00212	0.01384	0.00218	0.01052
1.00000	0.67182	0.00166	0.00778	0.01472	0.01982	0.02731	0.10630	0.07185	0.00459	0.07415
1.00000	0.00085	0.00043	0.00314	0.00393	0.00180	0.04019	0.00056	0.00042	0.93645	0.01223
1.00000	0.84862	0.00007	0.00164	0.00369	0.00097	0.08649	0.01964	0.00071	0.01954	0.01863
1.00000	0.00059	0.00027	0.00306	0.00041	0.92318	0.00440	0.01266	0.05023	0.00028	0.00492
1.00000	0.00985	0.04036	0.01084	0.01056	0.60187	0.03490	0.03875	0.05430	0.01206	0.18652
1.00000	0.15846	0.00679	0.55811	0.04979	0.07423	0.01318	0.08617	0.01211	0.03939	0.00177
1.00000	0.06061	0.00646	0.00852	0.79565	0.00597	0.03972	0.00660	0.00193	0.07109	0.00347
1.00000	0.00043	0.00031	0.00100	0.02146	0.00046	0.00301	0.00037	0.95587	0.00025	0.01683
1.00000	0.76782	0.00676	0.01938	0.02384	0.00450	0.06436	0.05990	0.03742	0.00445	0.01157
1.00000	0.00279	0.00027	0.00922	0.00894	0.00247	0.00421	0.96680	0.00051	0.00407	0.00073
1.00000	0.00374	0.00039	0.00283	0.00069	0.72805	0.01392	0.00504	0.00725	0.04938	0.18871
1.00000	0.00138	0.00480	0.00952	0.10793	0.01585	0.00184	0.00006	0.82936	0.00341	0.02585
1.00000	0.03308	0.01358	0.22269	0.09383	0.00519	0.02327	0.01035	0.05943	0.48976	0.04884
1.00000	0.00171	0.93123	0.00144	0.00294	0.00864	0.00494	0.00151	0.01063	0.00103	0.03595
1.00000	0.03741	0.15170	0.04962	0.37276	0.00951	0.05174	0.01244	0.02453	0.12850	0.16178
1.00000	0.00682	0.00555	0.02230	0.56862	0.00114	0.02838	0.00022	0.01264	0.32212	0.03220
1.00000	0.04916	0.03537	0.75526	0.04407	0.00752	0.00505	0.01419	0.00386	0.08062	0.00489
1.00000	0.00750	0.03388	0.86640	0.00146	0.00108	0.00828	0.07115	0.00048	0.00909	0.00068
0.00000	0.07910	0.01399	0.19699	0.20458	0.00443	0.04989	0.01245	0.00912	0.37267	0.05679
1.00000	0.88956	0.00016	0.01288	0.00776	0.00040	0.05315	0.01244	0.00055	0.01886	0.00425
1.00000	0.02677	0.00073	0.79202	0.00808	0.03807	0.00911	0.09634	0.01102	0.00489	0.01296
1.00000	0.01722	0.00538	0.00415	0.92835	0.00231	0.03633	0.00068	0.00109	0.00350	0.00098
1.00000	0.02959	0.01555	0.01327	0.14976	0.00758	0.12886	0.05886	0.00846	0.55101	0.03706
1.00000	0.03791	0.00414	0.02685	0.00268	0.01343	0.00765	0.88893	0.00270	0.01299	0.00271
1.00000	0.00046	0.00518	0.00115	0.00177	0.01945	0.06497	0.00053	0.03676	0.00291	0.86681
0.00000	0.02961	0.12362	0.07631	0.15187	0.05523	0.05513	0.00236	0.28296	0.03444	0.18849
1.00000	0.00089	0.01655	0.20508	0.01574	0.10576	0.02917	0.57203	0.01823	0.01967	0.01687
1.00000	0.00777	0.00477	0.00573	0.05750	0.00550	0.07797	0.00250	0.01202	0.75353	0.07271
1.00000	0.01588	0.00054	0.00184	0.04398	0.01921	0.87684	0.01465	0.00027	0.02648	0.00033
0.00000	0.03755	0.03694	0.20824	0.01695	0.18151	0.07588	0.13699	0.00459	0.23361	0.06773
1.00000	0.00448	0.00212	0.02394	0.00265	0.15336	0.00619	0.01101	0.04321	0.01387	0.73919
1.00000	0.00244	0.00478	0.00119	0.00398	0.03234	0.01619	0.00387	0.84193	0.00044	0.09284
1.00000	0.02014	0.26752	0.54573	0.08512	0.00259	0.01219	0.02140	0.00548	0.01849	0.02134
1.00000	0.00004	0.00010	0.00025	0.00020	0.00008	0.00009	0.00008	0.99456	0.00001	0.00459
1.00000	0.05507	0.00100	0.01615	0.07366	0.00510	0.01255	0.00765	0.01155	0.73908	0.07819
1.00000	0.00085	0.00111	0.00195	0.37139	0.00141	0.05779	0.00051	0.01139	0.34507	0.20853
1.00000	0.09452	0.03085	0.01297	0.05715	0.00494	0.68523	0.07653	0.00576	0.02934	0.00270
1.00000	0.67663	0.00933	0.01792	0.01421	0.01856	0.03031	0.14390	0.00626	0.03736	0.04553
1.00000	0.00927	0.09211	0.16811	0.15696	0.00454	0.00483	0.00196	0.35661	0.13662	0.06899
1.00000	0.00022	0.00040	0.00076	0.00053	0.77165	0.01674	0.00070	0.00454	0.01401	0.19045
1.00000	0.00874	0.00150	0.03317	0.00424	0.06032	0.00215	0.00362	0.04853	0.03141	0.80634
1.00000	0.01113	0.01248	0.01525	0.56609	0.03091	0.28897	0.00487	0.00600	0.04193	0.02236
1.00000	0.05912	0.00698	0.00367	0.20422	0.00918	0.57182	0.00255	0.00150	0.13702	0.00395
1.00000	0.01159	0.00096	0.01074	0.00115	0.83515	0.03744	0.00570	0.06512	0.00225	0.02990
1.00000	0.11483	0.00631	0.22561	0.38248	0.01392	0.04469	0.03712	0.00937	0.10162	0.06406
1.00000	0.83875	0.00013	0.02878	0.05758	0.00186	0.01780	0.00866	0.00267	0.00298	0.04079
1.00000	0.05291	0.00639	0.54933	0.27935	0.01822	0.02701	0.00490	0.04656	0.01170	0.00363
1.00000	0.03549	0.00941	0.18996	0.00591	0.26167	0.02258	0.05559	0.05854	0.00756	0.35327
1.00000	0.26012	0.01144	0.01412	0.59475	0.00462	0.02471	0.01069	0.00282	0.06378	0.01295
1.00000	0.00036	0.96201	0.00322	0.00357	0.00803	0.00079	0.00134	0.00351	0.00058	0.01660
1.00000	0.04941	0.00107	0.03469	0.02106	0.00894	0.15488	0.69897	0.01421	0.00927	0.00750
1.00000	0.00140	0.00071	0.00050	0.00143	0.06985	0.00358	0.00151	0.04020	0.00470	0.87612
1.00000	0.00119	0.83086	0.01082	0.00306	0.02520	0.00409	0.01437	0.02381	0.03007	0.05653
1.00000	0.00028	0.00091	0.00153	0.00201	0.06618	0.00127	0.00054	0.11101	0.00217	0.81410
1.00000	0.04381	0.00432	0.01550	0.86153	0.00089	0.04858	0.00196	0.00164	0.01326	0.00852
0.00000	0.60508	0.00508	0.15276	0.05859	0.00135	0.08975	0.03330	0.03130	0.01350	0.00929
1.00000	0.02745	0.00243	0.01551	0.00283	0.76450	0.01030	0.04679	0.02411	0.02058	0.08550
1.00000	0.00160	0.00028	0.00014	0.00035	0.61645	0.01977	0.00294	0.02990	0.00096	0.32761
1.00000	0.06347	0.01820	0.01553	0.80974	0.00232	0.03018	0.00037	0.01385	0.04215	0.00420
1.00000	0.82830	0.00256	0.01416	0.01237	0.00400	0.02458	0.01357	0.01600	0.00603	0.07842
1.00000	0.02160	0.02410	0.04998	0.01483	0.56696	0.01297	0.07782	0.11136	0.02215	0.09823
1.00000	0.02896	0.00125	0.00434	0.00084	0.81276	0.00961	0.00931	0.05259	0.01155	0.06880
1.00000	0.00799	0.81678	0.00271	0.00412	0.04290	0.01476	0.01459	0.05980	0.01747	0.01887
1.00000	0.02432	0.02006	0.01070	0.42883	0.00598	0.07316	0.01246	0.04354	0.25783	0.12312
1.00000	0.64577	0.00289	0.03570	0.07402	0.01536	0.04643	0.04464	0.05093	0.03845	0.04583
1.00000	0.00223	0.00350	0.00094	0.00756	0.04268	0.02236	0.00242	0.02352	0.00409	0.89069
1.00000	0.00184	0.00031	0.00033	0.00294	0.13463	0.00145	0.00040	0.00482	0.00642	0.84685
1.00000	0.03401	0.20042	0.04581	0.00699	0.02540	0.15380	0.47723	0.01644	0.01587	0.02403
1.00000	0.01960	0.00153	0.03423	0.04221	0.00051	0.05655	0.00085	0.00045	0.82554	0.01854
1.00000	0.01805	0.01019	0.40474	0.34231	0.03789	0.00754	0.00951	0.12690	0.03333	0.00954
1.00000	0.01095	0.01389	0.01404	0.17541	0.09525	0.15703	0.03383	0.13584	0.02082	0.34294
1.00000	0.00360	0.16599	0.01108	0.01359	0.19407	0.00997	0.00902	0.46119	0.00510	0.12639
1.00000	0.13702	0.00475	0.02142	0.10354	0.00178	0.56861	0.03939	0.00153	0.09180	0.03017
1.00000	0.00963	0.00330	0.15574	0.11748	0.12262	0.01019	0.01894	0.39420	0.02618	0.14172
1.00000	0.00605	0.06960	0.01522	0.03543	0.00920	0.06640	0.00316	0.01535	0.67464	0.10496
1.00000	0.01139	0.03529	0.01467	0.00535	0.03406	0.01050	0.00478	0.11605	0.14773	0.62019
1.00000	0.05409	0.00558	0.68696	0.04016	0.01961	0.04204	0.01239	0.00377	0.07298	0.06241
1.00000	0.09916	0.01064	0.00956	0.00114	0.01951	0.75814	0.01284	0.01634	0.04212	0.03055
1.00000	0.00410	0.00072	0.79441	0.07572	0.00921	0.03722	0.03149	0.01204	0.00661	0.02848
1.00000	0.14343	0.01057	0.00647	0.64812	0.00275	0.08615	0.00755	0.02132	0.06337	0.01027
1.00000	0.05639	0.00371	0.03192	0.01217	0.01839	0.14521	0.02932	0.00935	0.55960	0.13395
0.00000	0.00818	0.00182	0.33459	0.08878	0.00487	0.03250	0.00751	0.00258	0.44563	0.07354
1.00000	0.01006	0.02115	0.01125	0.79102	0.00063	0.00741	0.00028	0.02179	0.11961	0.01680
1.00000	0.00173	0.00155	0.00105	0.01143	0.05837	0.02588	0.00487	0.02312	0.04580	0.82619
1.00000	0.00019	0.00016	0.05218	0.00018	0.00079	0.00245	0.94255	0.00040	0.00059	0.00050
1.00000	0.00110	0.02281	0.02454	0.01378	0.00479	0.00492	0.00009	0.85814	0.00033	0.06951
1.00000	0.98190	0.00004	0.00066	0.00194	0.00692	0.00150	0.00589	0.00032	0.00029	0.00053
1.00000	0.94283	0.00053	0.00614	0.00951	0.00641	0.01970	0.00277	0.00867	0.00163	0.00180
1.00000	0.02617	0.00314	0.01299	0.00732	0.03259	0.84386	0.01326	0.01028	0.02775	0.02263
1.00000	0.03352	0.03315	0.73491	0.02296	0.00125	0.04393	0.07513	0.01139	0.04198	0.00180
1.00000	0.07763	0.01808	0.12349	0.69603	0.00109	0.01797	0.00995	0.00530	0.04671	0.00375
1.00000	0.01302	0.00371	0.55410	0.03585	0.03771	0.00436	0.01123	0.10296	0.17436	0.06269
1.00000	0.00827	0.00430	0.00165	0.00736	0.01248	0.71212	0.00311	0.00468	0.21899	0.02704
1.00000	0.00790	0.86869	0.02391	0.02517	0.01312	0.01039	0.00910	0.00614	0.02760	0.00798
1.00000	0.67694	0.01274	0.04595	0.06286	0.02532	0.01455	0.11254	0.02931	0.00345	0.01634
0.00000	0.01030	0.00666	0.20016	0.35523	0.00226	0.00459	0.00177	0.35376	0.03922	0.02605
1.00000	0.01399	0.00323	0.03098	0.00633	0.00688	0.02117	0.02225	0.00083	0.87695	0.01738
0.00000	0.00073	0.02691	0.00186	0.00092	0.22897	0.00223	0.00321	0.02110	0.00750	0.70657
1.00000	0.03863	0.00516	0.00185	0.00363	0.62310	0.02266	0.00987	0.01954	0.03724	0.23832
0.00000	0.02464	0.00515	0.38053	0.10827	0.00437	0.04877	0.00200	0.02470	0.39432	0.00724
1.00000	0.00608	0.03881	0.85663	0.01704	0.00492	0.00353	0.01275	0.00292	0.05567	0.00167
1.00000	0.01502	0.02851	0.04195	0.26164	0.08502	0.04096	0.03815	0.01962	0.35881	0.11031
