1.00000	0.00464	0.95866	0.00951	0.00052	0.01406	0.00115	0.00247	0.00661	0.00167	0.00070
1.00000	0.00146	0.00013	0.00095	0.00209	0.01705	0.00028	0.00006	0.97275	0.00042	0.00481
1.00000	0.94718	0.00039	0.00187	0.00123	0.00154	0.01381	0.02559	0.00488	0.00278	0.00072
1.00000	0.01937	0.02331	0.00367	0.02226	0.02339	0.78747	0.00200	0.00417	0.03958	0.07476
1.00000	0.00445	0.00151	0.00197	0.00396	0.81968	0.03519	0.01604	0.04972	0.00078	0.06669
1.00000	0.00675	0.04153	0.01766	0.00194	0.17996	0.00886	0.00219	0.45349	0.00126	0.28635
1.00000	0.00188	0.00192	0.00005	0.03886	0.00015	0.95251	0.00119	0.00007	0.00055	0.00282
1.00000	0.29757	0.03163	0.45616	0.00865	0.06126	0.08317	0.04755	0.00550	0.00519	0.00332
0.00000	0.00138	0.00689	0.01846	0.01697	0.25769	0.03263	0.00245	0.16879	0.00230	0.49244
0.00000	0.03421	0.00796	0.01593	0.01440	0.33417	0.10172	0.03546	0.10732	0.10515	0.24368
1.00000	0.01972	0.90572	0.01456	0.00353	0.02621	0.00133	0.01005	0.01068	0.00444	0.00376
1.00000	0.00313	0.00145	0.98519	0.00084	0.00103	0.00084	0.00561	0.00028	0.00092	0.00072
1.00000	0.00675	0.04726	0.00283	0.00439	0.78163	0.02630	0.00062	0.00463	0.00104	0.12456
1.00000	0.00627	0.95647	0.00179	0.00087	0.00638	0.00195	0.00685	0.00940	0.00708	0.00294
1.00000	0.00941	0.87630	0.01150	0.03760	0.01075	0.00859	0.00368	0.02145	0.01564	0.00507
1.00000	0.01731	0.02568	0.08198	0.19213	0.15599	0.17545	0.13113	0.06332	0.02610	0.13091
1.00000	0.00528	0.97317	0.00148	0.00106	0.00955	0.00077	0.00544	0.00247	0.00023	0.00055
1.00000	0.02080	0.00577	0.01085	0.03070	0.01768	0.15433	0.74555	0.00413	0.00913	0.00104
1.00000	0.00017	0.00167	0.00122	0.00151	0.91437	0.00566	0.00027	0.00187	0.00076	0.07250
1.00000	0.00140	0.00083	0.00450	0.00566	0.30343	0.04713	0.00300	0.07276	0.00202	0.55927
1.00000	0.04172	0.00078	0.01035	0.84755	0.00179	0.05540	0.01922	0.00324	0.01514	0.00482
1.00000	0.00038	0.00097	0.00040	0.00282	0.86912	0.03072	0.00115	0.00594	0.00318	0.08533
1.00000	0.00136	0.00013	0.00684	0.00047	0.08480	0.00312	0.00050	0.00598	0.00760	0.88919
1.00000	0.09003	0.00586	0.05159	0.11875	0.02982	0.03464	0.00287	0.00623	0.64932	0.01089
1.00000	0.00165	0.00016	0.00439	0.00434	0.05309	0.02259	0.00274	0.01128	0.04316	0.85661
1.00000	0.70839	0.00629	0.08207	0.03219	0.01460	0.09193	0.03901	0.00334	0.01872	0.00345
1.00000	0.00308	0.00045	0.00129	0.00289	0.00656	0.00286	0.00228	0.80252	0.01249	0.16558
1.00000	0.10809	0.00073	0.01617	0.00974	0.02936	0.00403	0.80254	0.00150	0.02073	0.00711
1.00000	0.05351	0.06163	0.06931	0.00641	0.13597	0.27233	0.04554	0.00962	0.31112	0.03456
1.00000	0.00440	0.00031	0.00185	0.00078	0.00109	0.00170	0.98817	0.00073	0.00054	0.00043
1.00000	0.07621	0.61127	0.04559	0.05104	0.05035	0.01446	0.01200	0.05585	0.05828	0.02496
1.00000	0.05446	0.00714	0.01586	0.85864	0.00136	0.04478	0.00062	0.00124	0.01499	0.00091
1.00000	0.01304	0.95608	0.00538	0.00798	0.00142	0.00279	0.00493	0.00240	0.00250	0.00347
1.00000	0.02057	0.00580	0.05045	0.01959	0.72362	0.07099	0.02834	0.00676	0.02384	0.05005
1.00000	0.00156	0.00048	0.00281	0.00041	0.00065	0.03279	0.95470	0.00118	0.00498	0.00044
1.00000	0.00655	0.14842	0.73200	0.00843	0.01339	0.00668	0.05695	0.02316	0.00195	0.00248
1.00000	0.00389	0.00978	0.01239	0.01228	0.12442	0.34140	0.05955	0.02555	0.36530	0.04545
1.00000	0.88781	0.00292	0.02278	0.00307	0.02014	0.00610	0.03267	0.01095	0.00645	0.00711
1.00000	0.01013	0.07173	0.01515	0.00849	0.61885	0.08491	0.00226	0.03773	0.00125	0.14950
1.00000	0.04288	0.00263	0.40017	0.08265	0.03367	0.02323	0.07450	0.07035	0.21166	0.05825
1.00000	0.13076	0.00325	0.02528	0.48392	0.01226	0.19373	0.02511	0.00493	0.11622	0.00454
1.00000	0.00408	0.00409	0.93315	0.00363	0.00159	0.00734	0.00821	0.03577	0.00202	0.00013
1.00000	0.99652	0.00016	0.00009	0.00047	0.00032	0.00127	0.00079	0.00006	0.00020	0.00012
1.00000	0.00280	0.00337	0.07667	0.00174	0.30622	0.03297	0.02788	0.03203	0.01351	0.50283
1.00000	0.03695	0.03020	0.58597	0.23536	0.02300	0.03459	0.02135	0.00141	0.03047	0.00069
1.00000	0.00226	0.97644	0.00412	0.00086	0.00644	0.00137	0.00378	0.00351	0.00078	0.00045
1.00000	0.03199	0.03939	0.04490	0.70075	0.01939	0.06203	0.02160	0.01773	0.05461	0.00762
1.00000	0.00837	0.00611	0.03968	0.80716	0.00261	0.01232	0.00429	0.08478	0.02846	0.00622
0.00000	0.01257	0.00330	0.00493	0.59825	0.00325	0.08356	0.00187	0.00692	0.27408	0.01128
1.00000	0.03073	0.00383	0.00475	0.11724	0.02217	0.72652	0.03363	0.00895	0.03953	0.01266
1.00000	0.07762	0.01546	0.03982	0.01765	0.40632	0.02442	0.04467	0.02714	0.21646	0.13043
1.00000	0.04514	0.00595	0.00050	0.03992	0.00221	0.14167	0.76081	0.00051	0.00198	0.00129
1.00000	0.00887	0.03156	0.07485	0.00643	0.00574	0.00710	0.00121	0.78752	0.01607	0.06065
1.00000	0.01446	0.00112	0.01169	0.00273	0.05099	0.07749	0.01266	0.70423	0.01212	0.11250
1.00000	0.03146	0.00475	0.00287	0.07664	0.00349	0.83469	0.00677	0.00164	0.01735	0.02034
1.00000	0.00242	0.04178	0.03669	0.01434	0.25661	0.03139	0.00338	0.01823	0.00819	0.58698
1.00000	0.00153	0.00433	0.00659	0.00125	0.90383	0.01273	0.00329	0.01555	0.01521	0.03568
1.00000	0.00322	0.00374	0.02140	0.00515	0.76559	0.02740	0.00533	0.06631	0.02336	0.07849
1.00000	0.75457	0.02697	0.01620	0.04737	0.05931	0.04516	0.02522	0.00623	0.01071	0.00826
1.00000	0.01567	0.00137	0.00490	0.09211	0.05271	0.14988	0.01575	0.00671	0.49045	0.17045
1.00000	0.00338	0.00069	0.00476	0.03222	0.04967	0.78628	0.04568	0.01465	0.00222	0.06046
1.00000	0.67495	0.00604	0.01066	0.01315	0.01413	0.09670	0.04141	0.09339	0.01234	0.03725
1.00000	0.00995	0.00066	0.00469	0.00587	0.65491	0.09814	0.05159	0.07393	0.01956	0.08071
1.00000	0.00036	0.00039	0.00185	0.00076	0.15659	0.01065	0.00071	0.01254	0.00386	0.81231
1.00000	0.00825	0.01348	0.00885	0.05001	0.00426	0.00734	0.00281	0.89819	0.00030	0.00651
1.00000	0.00350	0.00075	0.00242	0.00215	0.04646	0.01164	0.00035	0.85001	0.00940	0.07332
1.00000	0.13078	0.00374	0.04907	0.00582	0.06896	0.02245	0.04599	0.11998	0.01409	0.53911
1.00000	0.00956	0.00171	0.01351	0.02832	0.01002	0.00244	0.00074	0.84777	0.00634	0.07961
1.00000	0.00204	0.00077	0.00098	0.00622	0.15866	0.03155	0.00122	0.10065	0.00195	0.69596
1.00000	0.12655	0.00288	0.04834	0.00858	0.13267	0.03030	0.59048	0.01263	0.03427	0.01330
1.00000	0.83863	0.00306	0.02826	0.02039	0.00799	0.04573	0.04509	0.00788	0.00167	0.00131
1.00000	0.07274	0.00584	0.00447	0.08593	0.00377	0.76733	0.00819	0.04106	0.00211	0.00855
1.00000	0.00456	0.00348	0.00087	0.00291	0.01516	0.82865	0.00033	0.09547	0.02155	0.02702
1.00000	0.12805	0.00123	0.05175	0.00896	0.09654	0.03124	0.63953	0.02095	0.01665	0.00509
1.00000	0.01700	0.00137	0.04238	0.00256	0.03134	0.12746	0.75747	0.00147	0.01568	0.00327
1.00000	0.02343	0.04447	0.03748	0.00394	0.05299	0.73359	0.02737	0.00777	0.04014	0.02881
1.00000	0.00744	0.01912	0.02253	0.03216	0.03165	0.02019	0.00610	0.50307	0.07646	0.28128
1.00000	0.36880	0.02361	0.06557	0.12660	0.01393	0.19203	0.01471	0.18684	0.00443	0.00348
1.00000	0.00340	0.00018	0.00125	0.00173	0.00265	0.00159	0.00071	0.93657	0.00673	0.04520
1.00000	0.02967	0.01999	0.01152	0.00843	0.06050	0.77306	0.00614	0.04896	0.02634	0.01540
1.00000	0.00064	0.00113	0.00221	0.00507	0.18182	0.01081	0.00089	0.04641	0.00174	0.74928
1.00000	0.00091	0.02253	0.04559	0.03411	0.68220	0.06845	0.04365	0.02860	0.02092	0.05305
1.00000	0.00140	0.00071	0.01028	0.00495	0.86781	0.03835	0.00194	0.03299	0.00921	0.03236
1.00000	0.00232	0.00018	0.00181	0.00192	0.29959	0.01024	0.00550	0.02851	0.00667	0.64327
1.00000	0.00029	0.00088	0.99587	0.00098	0.00014	0.00014	0.00108	0.00037	0.00021	0.00002
1.00000	0.94866	0.00041	0.00040	0.00418	0.00329	0.01371	0.02257	0.00056	0.00558	0.00063
1.00000	0.02787	0.00578	0.67348	0.00789	0.01594	0.06642	0.15146	0.00574	0.03392	0.01149
1.00000	0.02477	0.00248	0.00054	0.00086	0.07027	0.01781	0.00076	0.54606	0.00033	0.33612
1.00000	0.00571	0.93555	0.02542	0.00161	0.00647	0.00529	0.00676	0.01071	0.00077	0.00170
1.00000	0.01586	0.06668	0.02195	0.54855	0.00731	0.27919	0.01796	0.01018	0.02562	0.00670
1.00000	0.00361	0.00074	0.93409	0.00461	0.01429	0.00138	0.01968	0.00112	0.01584	0.00465
1.00000	0.83066	0.00383	0.01177	0.00388	0.03227	0.06014	0.02450	0.00820	0.00535	0.01940
1.00000	0.08763	0.00255	0.05507	0.01981	0.00460	0.03891	0.78702	0.00231	0.00096	0.00113
1.00000	0.00190	0.97977	0.01162	0.00072	0.00106	0.00027	0.00054	0.00107	0.00143	0.00162
1.00000	0.00271	0.00137	0.00309	0.02463	0.00181	0.00081	0.00207	0.95001	0.00859	0.00493
1.00000	0.02500	0.00770	0.02610	0.00583	0.09363	0.02639	0.01370	0.62678	0.02936	0.14549
0.00000	0.12553	0.01225	0.00487	0.04717	0.39683	0.11706	0.01380	0.12439	0.01299	0.14513
0.00000	0.00279	0.00037	0.01001	0.00679	0.13026	0.00813	0.00321	0.01629	0.06162	0.76055
1.00000	0.01676	0.00083	0.01247	0.00116	0.78610	0.00373	0.02390	0.10097	0.00486	0.04922
1.00000	0.00760	0.00004	0.00043	0.00030	0.00492	0.00239	0.00030	0.97629	0.00135	0.00639
1.00000	0.00206	0.09485	0.05192	0.01031	0.06460	0.05793	0.01963	0.58523	0.01318	0.10029
1.00000	0.01041	0.01862	0.02249	0.00110	0.38415	0.02061	0.49511	0.04342	0.00151	0.00258
1.00000	0.00140	0.00055	0.01092	0.01166	0.00069	0.00178	0.00058	0.00149	0.96292	0.00799
0.00000	0.02093	0.02544	0.06419	0.00827	0.54856	0.04103	0.06502	0.14861	0.00693	0.07102
1.00000	0.15701	0.01331	0.35973	0.19669	0.02254	0.05642	0.03991	0.00160	0.15131	0.00148
1.00000	0.01580	0.00026	0.00083	0.00549	0.00068	0.90482	0.00078	0.00099	0.07019	0.00015
1.00000	0.03519	0.00131	0.00942	0.00295	0.78670	0.02920	0.09996	0.01500	0.00762	0.01264
1.00000	0.09361	0.00925	0.01227	0.70200	0.00554	0.11705	0.01779	0.03116	0.00960	0.00173
1.00000	0.00265	0.00058	0.00082	0.00052	0.65557	0.10450	0.00277	0.01192	0.00081	0.21986
1.00000	0.00291	0.00010	0.00034	0.01301	0.00070	0.00064	0.00020	0.97930	0.00015	0.00266
0.00000	0.20610	0.02409	0.12923	0.05632	0.09729	0.18404	0.08317	0.09226	0.02517	0.10231
1.00000	0.01707	0.00144	0.03746	0.05735	0.00611	0.03299	0.01001	0.01065	0.81166	0.01526
1.00000	0.02854	0.00341	0.01362	0.06974	0.06020	0.03793	0.00811	0.04859	0.64954	0.08034
1.00000	0.00195	0.02926	0.00209	0.00610	0.00472	0.01742	0.00085	0.90444	0.00162	0.03154
1.00000	0.02238	0.82954	0.01249	0.01846	0.01582	0.03538	0.00865	0.02869	0.01767	0.01093
1.00000	0.04517	0.00220	0.02622	0.77590	0.00111	0.14034	0.00260	0.00228	0.00361	0.00058
1.00000	0.01780	0.00255	0.00616	0.00049	0.00538	0.01353	0.95204	0.00096	0.00053	0.00057
1.00000	0.00080	0.00044	0.00121	0.00130	0.26803	0.01271	0.00112	0.01695	0.03717	0.66028
1.00000	0.01285	0.92799	0.00983	0.00211	0.01406	0.00242	0.02000	0.00259	0.00283	0.00532
1.00000	0.00384	0.00358	0.00696	0.00471	0.06869	0.00471	0.00139	0.87487	0.00219	0.02905
1.00000	0.00191	0.01210	0.01707	0.00476	0.80124	0.03150	0.02609	0.04500	0.01490	0.04543
0.00000	0.01874	0.01864	0.16956	0.05002	0.44274	0.05972	0.11986	0.08744	0.01394	0.01934
1.00000	0.05973	0.01471	0.27612	0.46853	0.03862	0.05581	0.05412	0.01805	0.01079	0.00353
1.00000	0.91573	0.00492	0.00422	0.01026	0.00268	0.00717	0.02531	0.00293	0.01645	0.01032
1.00000	0.07399	0.03175	0.00489	0.02364	0.06225	0.48169	0.02351	0.12867	0.03583	0.13379
1.00000	0.02166	0.00335	0.02953	0.71408	0.00058	0.19345	0.00963	0.00218	0.02438	0.00116
1.00000	0.01242	0.00508	0.73946	0.01802	0.09367	0.01308	0.10237	0.00604	0.00604	0.00383
1.00000	0.00495	0.00757	0.07251	0.79006	0.00105	0.03807	0.01858	0.00249	0.06324	0.00149
1.00000	0.03808	0.00293	0.00147	0.14475	0.00713	0.77866	0.02003	0.00236	0.00262	0.00197
1.00000	0.00114	0.00174	0.00071	0.05778	0.00071	0.89761	0.00206	0.00057	0.03723	0.00044
1.00000	0.00017	0.00003	0.00068	0.00014	0.02188	0.00257	0.00065	0.00487	0.01441	0.95461
1.00000	0.07384	0.00665	0.03788	0.12765	0.07966	0.31969	0.06501	0.03336	0.11725	0.13903
1.00000	0.00214	0.00686	0.00245	0.00425	0.00423	0.01200	0.94487	0.00074	0.02088	0.00158
1.00000	0.00283	0.00192	0.00799	0.00175	0.82511	0.01680	0.00518	0.05959	0.00194	0.07687
1.00000	0.94966	0.00044	0.00352	0.02412	0.00106	0.00957	0.00822	0.00229	0.00082	0.00030
1.00000	0.06630	0.02330	0.00994	0.05561	0.06334	0.06913	0.01461	0.03031	0.35782	0.30963
1.00000	0.97119	0.00018	0.00506	0.00102	0.00113	0.01651	0.00141	0.00019	0.00104	0.00228
1.00000	0.01961	0.01662	0.04219	0.06700	0.03183	0.05536	0.04431	0.65653	0.02600	0.04055
1.00000	0.27056	0.01621	0.28749	0.03992	0.03931	0.14028	0.07396	0.04397	0.08410	0.00420
1.00000	0.05189	0.04367	0.01399	0.01651	0.10887	0.04586	0.04354	0.16409	0.41008	0.10150
1.00000	0.03761	0.02127	0.04750	0.20809	0.00715	0.26746	0.03994	0.02023	0.34619	0.00457
1.00000	0.04660	0.00224	0.06637	0.17699	0.00480	0.23974	0.09152	0.00325	0.36594	0.00255
1.00000	0.00928	0.00191	0.00518	0.00110	0.03017	0.00334	0.00122	0.93048	0.00140	0.01592
1.00000	0.01125	0.07152	0.56984	0.20642	0.00354	0.03584	0.01305	0.02865	0.05421	0.00569
1.00000	0.00407	0.00536	0.03398	0.00639	0.04044	0.06614	0.80395	0.00506	0.01667	0.01794
1.00000	0.92437	0.00263	0.02100	0.00085	0.00215	0.01726	0.01033	0.01047	0.00225	0.00867
1.00000	0.04815	0.01182	0.00260	0.01052	0.04381	0.74224	0.02942	0.00310	0.02681	0.08153
1.00000	0.03715	0.03456	0.00541	0.22845	0.00443	0.60419	0.02021	0.02657	0.03194	0.00711
1.00000	0.00942	0.00936	0.91943	0.01313	0.00536	0.00802	0.01527	0.00485	0.01251	0.00264
1.00000	0.00738	0.00659	0.00270	0.01158	0.00544	0.94772	0.00632	0.00150	0.00566	0.00511
1.00000	0.02463	0.71497	0.00616	0.01979	0.10378	0.02030	0.02670	0.02829	0.01180	0.04357
1.00000	0.01061	0.00074	0.00851	0.88333	0.00078	0.06629	0.00332	0.00409	0.02120	0.00114
1.00000	0.01417	0.00594	0.05521	0.04829	0.07577	0.06275	0.68545	0.02860	0.01574	0.00809
1.00000	0.06484	0.00361	0.05704	0.00797	0.76814	0.03395	0.05351	0.00469	0.00370	0.00255
1.00000	0.01695	0.05146	0.06773	0.05078	0.02713	0.00718	0.00473	0.63662	0.00243	0.13498
1.00000	0.00525	0.00032	0.00465	0.00074	0.92899	0.00353	0.00544	0.00964	0.00227	0.03918
1.00000	0.95393	0.00038	0.00524	0.00884	0.00111	0.00900	0.00507	0.01489	0.00101	0.00053
0.00000	0.03304	0.10096	0.28017	0.14963	0.01006	0.04833	0.01850	0.01674	0.33883	0.00374
1.00000	0.48290	0.00517	0.06869	0.00834	0.05621	0.00767	0.20659	0.10327	0.01509	0.04608
0.00000	0.04910	0.01143	0.32875	0.28433	0.01326	0.01308	0.01941	0.16036	0.07675	0.04353
1.00000	0.00146	0.00013	0.00213	0.00200	0.13806	0.07641	0.01823	0.03464	0.00546	0.72148
1.00000	0.02034	0.00802	0.83387	0.01013	0.00262	0.05127	0.00552	0.05189	0.01546	0.00087
1.00000	0.03397	0.00934	0.00028	0.07331	0.00344	0.85435	0.00846	0.00134	0.00976	0.00575
0.00000	0.45053	0.00154	0.30470	0.00925	0.00478	0.00391	0.10002	0.06167	0.04735	0.01625
0.00000	0.01416	0.00618	0.02051	0.02596	0.35910	0.09875	0.15391	0.01718	0.07559	0.22866
1.00000	0.00127	0.00206	0.00762	0.03382	0.13185	0.10052	0.00337	0.04986	0.04073	0.62890
1.00000	0.00189	0.00014	0.00041	0.00065	0.06514	0.01477	0.00447	0.03015	0.00113	0.88125
1.00000	0.03843	0.00977	0.10416	0.04911	0.02286	0.03123	0.66648	0.04038	0.02759	0.00999
1.00000	0.01028	0.00276	0.10474	0.08190	0.03960	0.04537	0.01727	0.01915	0.66610	0.01284
1.00000	0.31322	0.00357	0.63691	0.00774	0.01352	0.00803	0.00269	0.00363	0.00879	0.00191
1.00000	0.70053	0.00201	0.01174	0.01552	0.05296	0.05639	0.14028	0.01214	0.00569	0.00274
1.00000	0.05508	0.02581	0.03980	0.11599	0.00723	0.01302	0.01083	0.04877	0.62338	0.06009
1.00000	0.04320	0.00520	0.00138	0.01130	0.00184	0.89814	0.03641	0.00016	0.00201	0.00036
1.00000	0.00662	0.00073	0.00413	0.01233	0.75667	0.01086	0.00395	0.05504	0.01111	0.13856
1.00000	0.01045	0.00118	0.00506	0.00028	0.00434	0.00997	0.96790	0.00037	0.00022	0.00022
1.00000	0.01131	0.00307	0.00544	0.00152	0.74700	0.01735	0.00665	0.00674	0.01754	0.18340
1.00000	0.00813	0.00033	0.00087	0.00125	0.00310	0.00064	0.00025	0.98279	0.00058	0.00207
1.00000	0.03556	0.00812	0.00543	0.66308	0.00311	0.07623	0.01551	0.05102	0.05959	0.08235
1.00000	0.00769	0.00361	0.00401	0.01091	0.00639	0.06117	0.00212	0.00801	0.83262	0.06348
1.00000	0.01582	0.01671	0.42763	0.13619	0.03315	0.01092	0.00560	0.08268	0.24490	0.02640
1.00000	0.36391	0.01614	0.09291	0.00323	0.20703	0.02360	0.04124	0.13271	0.01921	0.10003
1.00000	0.01339	0.00691	0.01330	0.40009	0.02893	0.30233	0.07073	0.02082	0.06778	0.07573
1.00000	0.01843	0.02204	0.01388	0.01034	0.02105	0.10243	0.79197	0.00051	0.01717	0.00218
1.00000	0.00402	0.98673	0.00285	0.00067	0.00153	0.00055	0.00032	0.00118	0.00062	0.00153
1.00000	0.01926	0.00294	0.00723	0.81192	0.00169	0.09818	0.00314	0.00552	0.04681	0.00330
1.00000	0.09618	0.00232	0.04048	0.26802	0.03772	0.07858	0.00683	0.01431	0.44796	0.00760
1.00000	0.02683	0.01493	0.05010	0.12350	0.03067	0.08059	0.08177	0.05362	0.43524	0.10275
1.00000	0.00715	0.00297	0.00176	0.01279	0.01502	0.88565	0.04462	0.00167	0.00442	0.02396
0.00000	0.13413	0.00674	0.13755	0.25198	0.04683	0.11741	0.04338	0.06859	0.09365	0.09973
1.00000	0.04001	0.00403	0.01176	0.75319	0.01080	0.03890	0.02747	0.00595	0.10247	0.00542
1.00000	0.31735	0.02141	0.20059	0.32442	0.00303	0.03458	0.01507	0.01334	0.06885	0.00135
1.00000	0.00702	0.00082	0.00027	0.00143	0.89420	0.01872	0.00823	0.03552	0.00330	0.03048
1.00000	0.09638	0.02176	0.14485	0.48578	0.01024	0.06462	0.00649	0.01303	0.13807	0.01878
0.00000	0.06634	0.00988	0.40036	0.03874	0.10056	0.06437	0.04418	0.16528	0.03386	0.07644
1.00000	0.06198	0.00920	0.02025	0.13089	0.03990	0.15546	0.07353	0.02931	0.34223	0.13726
1.00000	0.00313	0.00308	0.06609	0.19802	0.04092	0.07712	0.00604	0.01273	0.57320	0.01967
1.00000	0.98886	0.00008	0.00056	0.00039	0.00031	0.00365	0.00476	0.00024	0.00102	0.00014
1.00000	0.00233	0.00174	0.00024	0.03505	0.00069	0.95248	0.00230	0.00078	0.00332	0.00105
1.00000	0.02139	0.00216	0.04506	0.91708	0.00046	0.00839	0.00021	0.00032	0.00340	0.00152
1.00000	0.00904	0.00306	0.02064	0.00170	0.77705	0.03086	0.03676	0.02204	0.04456	0.05429
1.00000	0.00795	0.08531	0.01509	0.01960	0.71040	0.06438	0.00675	0.00906	0.01759	0.06387
1.00000	0.00110	0.00014	0.00061	0.00281	0.01034	0.00264	0.00125	0.01926	0.00769	0.95415
1.00000	0.05165	0.00334	0.00156	0.00872	0.23531	0.15889	0.01778	0.10634	0.01925	0.39718
1.00000	0.03004	0.00330	0.16120	0.72534	0.00614	0.01792	0.00761	0.00255	0.04515	0.00076
1.00000	0.00294	0.00059	0.06436	0.02000	0.15284	0.00946	0.00852	0.09039	0.08954	0.56136
1.00000	0.05409	0.00484	0.00270	0.03663	0.06060	0.29057	0.02392	0.00376	0.41360	0.10929
1.00000	0.00090	0.00013	0.01554	0.00031	0.06885	0.00861	0.00166	0.02145	0.00047	0.88208
1.00000	0.01790	0.02271	0.01122	0.07184	0.01219	0.06386	0.01894	0.00986	0.66275	0.10874
1.00000	0.94845	0.00040	0.00091	0.00302	0.00174	0.02117	0.02219	0.00047	0.00061	0.00104
1.00000	0.00121	0.95401	0.01622	0.00115	0.00899	0.00200	0.00299	0.00983	0.00099	0.00260
1.00000	0.00662	0.00079	0.00517	0.52772	0.00861	0.08467	0.00177	0.01835	0.26761	0.07870
1.00000	0.89664	0.00093	0.01322	0.00576	0.00163	0.04223	0.01382	0.01136	0.01418	0.00023
1.00000	0.02734	0.00861	0.60530	0.00417	0.22203	0.01320	0.03593	0.02818	0.00220	0.05304
1.00000	0.00427	0.00239	0.00121	0.02866	0.10457	0.01607	0.00084	0.15849	0.03427	0.64922
1.00000	0.00071	0.00036	0.00071	0.00175	0.01267	0.00136	0.00009	0.91538	0.00148	0.06549
1.00000	0.02049	0.00422	0.03023	0.01286	0.01585	0.17323	0.17175	0.00605	0.55661	0.00871
1.00000	0.12881	0.01514	0.05137	0.01339	0.06068	0.04482	0.02511	0.54385	0.01264	0.10420
1.00000	0.99522	0.00018	0.00057	0.00028	0.00012	0.00017	0.00176	0.00045	0.00119	0.00006
1.00000	0.00480	0.00788	0.00061	0.00913	0.06113	0.00317	0.00514	0.05962	0.00492	0.84361
1.00000	0.03727	0.00379	0.20975	0.00922	0.04191	0.00584	0.64681	0.01015	0.02336	0.01191
1.00000	0.00157	0.02117	0.01067	0.00258	0.00091	0.00220	0.00041	0.92383	0.00178	0.03489
1.00000	0.00324	0.00028	0.00029	0.00049	0.84453	0.01279	0.01385	0.00933	0.00216	0.11304
1.00000	0.00594	0.01794	0.00527	0.00252	0.00507	0.01917	0.00073	0.81254	0.00058	0.13024
1.00000	0.01867	0.72202	0.10136	0.04751	0.01907	0.00433	0.00627	0.02036	0.05297	0.00745
1.00000	0.00189	0.00047	0.00118	0.00375	0.07952	0.02303	0.00114	0.01616	0.05391	0.81897
1.00000	0.06269	0.01301	0.65323	0.11342	0.00688	0.02790	0.01298	0.09921	0.00117	0.00951
1.00000	0.14393	0.03592	0.50866	0.05581	0.03103	0.03620	0.05057	0.08451	0.03981	0.01357
1.00000	0.00115	0.00530	0.91976	0.05074	0.00210	0.00241	0.01066	0.00071	0.00704	0.00012
1.00000	0.00317	0.95084	0.00362	0.00118	0.02274	0.00177	0.00784	0.00674	0.00106	0.00105
1.00000	0.00300	0.00576	0.04244	0.09387	0.04686	0.01511	0.01124	0.01256	0.73344	0.03571
1.00000	0.00665	0.00147	0.00705	0.88951	0.00641	0.01747	0.00086	0.00739	0.03608	0.02712
1.00000	0.00835	0.00065	0.01850	0.89299	0.00252	0.04218	0.00610	0.00525	0.01619	0.00726
1.00000	0.00308	0.00369	0.02207	0.90294	0.00088	0.01342	0.00038	0.00291	0.04916	0.00148
1.00000	0.01462	0.00041	0.00596	0.00065	0.01955	0.00731	0.00102	0.93645	0.00036	0.01368
1.00000	0.60239	0.00689	0.11007	0.12948	0.00681	0.05208	0.04588	0.04025	0.00467	0.00148
1.00000	0.26402	0.00854	0.01334	0.02833	0.11151	0.05163	0.07543	0.03647	0.14229	0.26845
1.00000	0.55828	0.02094	0.06222	0.00818	0.08120	0.00788	0.07115	0.08486	0.02216	0.08313
1.00000	0.01810	0.00694	0.01768	0.55750	0.00992	0.06713	0.02661	0.00386	0.22414	0.06812
1.00000	0.01052	0.97408	0.00250	0.00089	0.00139	0.00159	0.00446	0.00070	0.00099	0.00287
1.00000	0.03677	0.00898	0.00803	0.56318	0.00163	0.34017	0.00481	0.01590	0.01711	0.00343
1.00000	0.00294	0.00627	0.00399	0.00226	0.08291	0.07002	0.00757	0.78731	0.00414	0.03260
1.00000	0.00428	0.00047	0.00057	0.03649	0.00391	0.92591	0.01512	0.00040	0.01084	0.00201
1.00000	0.07633	0.31931	0.02408	0.01711	0.01339	0.47877	0.04361	0.00222	0.02185	0.00332
1.00000	0.06331	0.01036	0.00787	0.07449	0.00824	0.01679	0.01258	0.01869	0.67761	0.11006
1.00000	0.01699	0.00970	0.01779	0.03522	0.04488	0.00622	0.00093	0.74722	0.00046	0.12058
1.00000	0.02498	0.00159	0.01228	0.12567	0.01480	0.05788	0.00507	0.15268	0.57832	0.02673
1.00000	0.00290	0.07539	0.01246	0.00447	0.79327	0.00948	0.00367	0.00505	0.00191	0.09140
1.00000	0.04290	0.00409	0.00145	0.12810	0.03518	0.76701	0.00426	0.00070	0.01136	0.00496
1.00000	0.01630	0.00265	0.00786	0.00431	0.89126	0.01716	0.00725	0.01855	0.02182	0.01284
1.00000	0.03646	0.00985	0.81427	0.01954	0.03574	0.00788	0.05790	0.00372	0.01211	0.00253
1.00000	0.03048	0.04218	0.00737	0.01246	0.07334	0.00313	0.00321	0.02418	0.03327	0.77038
1.00000	0.01554	0.96369	0.00335	0.00052	0.00177	0.00356	0.00303	0.00544	0.00134	0.00176
1.00000	0.00063	0.00655	0.00057	0.00121	0.76355	0.08124	0.00142	0.00457	0.00094	0.13931
1.00000	0.01241	0.02652	0.01775	0.11710	0.01516	0.08066	0.01764	0.00814	0.65648	0.04813
1.00000	0.00055	0.00053	0.00136	0.00047	0.05004	0.00295	0.00163	0.02661	0.00150	0.91435
1.00000	0.04918	0.01318	0.00366	0.03917	0.01474	0.58168	0.00287	0.08259	0.15550	0.05743
0.00000	0.02816	0.07793	0.03961	0.16258	0.25768	0.19357	0.04734	0.11161	0.01264	0.06889
1.00000	0.00289	0.00041	0.00134	0.00265	0.00110	0.00761	0.00081	0.00139	0.94201	0.03978
1.00000	0.05376	0.00583	0.14417	0.14197	0.00288	0.05584	0.04726	0.00367	0.53431	0.01030
1.00000	0.96083	0.00034	0.00232	0.00429	0.01504	0.00869	0.00352	0.00091	0.00143	0.00263
1.00000	0.01170	0.00160	0.02133	0.05077	0.05295	0.69619	0.11254	0.01169	0.02275	0.01848
1.00000	0.18933	0.01902	0.38204	0.11974	0.03188	0.05416	0.05988	0.02912	0.11244	0.00239
1.00000	0.04948	0.00281	0.00070	0.03165	0.00876	0.28253	0.57472	0.00128	0.04579	0.00228
1.00000	0.04424	0.02336	0.13481	0.08139	0.00795	0.01357	0.00709	0.55125	0.06538	0.07096
1.00000	0.00796	0.01668	0.01509	0.66473	0.00621	0.12774	0.02433	0.04759	0.03975	0.04991
1.00000	0.00022	0.00024	0.00144	0.00124	0.09528	0.00269	0.00191	0.00396	0.01162	0.88141
1.00000	0.03347	0.00052	0.91843	0.02513	0.00103	0.00367	0.00332	0.00247	0.01163	0.00033
1.00000	0.01505	0.00720	0.00379	0.02033	0.00275	0.02747	0.00205	0.00848	0.88973	0.02315
1.00000	0.06342	0.01694	0.00315	0.02020	0.09426	0.67368	0.08165	0.00498	0.00661	0.03512
1.00000	0.08021	0.01144	0.15045	0.07258	0.14917	0.03436	0.10543	0.12094	0.16101	0.11442
1.00000	0.00320	0.00295	0.00578	0.00981	0.08630	0.03655	0.00597	0.05275	0.00494	0.79175
1.00000	0.00936	0.00215	0.87518	0.03015	0.00173	0.00655	0.00853	0.05368	0.00459	0.00808
1.00000	0.00597	0.00121	0.03406	0.01307	0.02904	0.01443	0.88638	0.00623	0.00559	0.00402
1.00000	0.00186	0.00040	0.00586	0.00103	0.30643	0.00507	0.00125	0.06755	0.00538	0.60516
1.00000	0.00093	0.01470	0.71058	0.01607	0.05410	0.01903	0.06030	0.10873	0.00857	0.00698
1.00000	0.97460	0.00019	0.00128	0.00307	0.00019	0.00778	0.00884	0.00317	0.00054	0.00034
1.00000	0.05138	0.14182	0.02842	0.01867	0.12923	0.22875	0.36763	0.01162	0.00819	0.01429
0.00000	0.01029	0.00720	0.09061	0.20385	0.01100	0.03330	0.01322	0.01057	0.54412	0.07583
1.00000	0.95789	0.00215	0.00164	0.00605	0.00067	0.00930	0.01029	0.00354	0.00712	0.00133
1.00000	0.25063	0.01080	0.07188	0.00550	0.02214	0.21561	0.40769	0.00206	0.00740	0.00630
1.00000	0.40604	0.00889	0.01805	0.08112	0.02415	0.32857	0.01821	0.09506	0.00509	0.01482
1.00000	0.06978	0.01913	0.02255	0.64500	0.00208	0.20365	0.02120	0.00854	0.00629	0.00178
1.00000	0.00421	0.01260	0.90375	0.01903	0.00179	0.01332	0.02169	0.01849	0.00158	0.00353
1.00000	0.00270	0.00044	0.00609	0.00046	0.00122	0.00136	0.98239	0.00086	0.00390	0.00057
1.00000	0.04636	0.02480	0.09528	0.02256	0.07191	0.14981	0.03884	0.15047	0.02203	0.37793
1.00000	0.00188	0.00127	0.00158	0.01250	0.00271	0.00070	0.00005	0.96144	0.00024	0.01763
1.00000	0.00298	0.00025	0.00297	0.00182	0.05383	0.02495	0.01776	0.05472	0.00426	0.83645
1.00000	0.66889	0.00335	0.01747	0.06173	0.00400	0.15637	0.00638	0.01292	0.04962	0.01927
1.00000	0.01911	0.00048	0.00381	0.00214	0.08661	0.02932	0.00534	0.12495	0.00690	0.72133
0.00000	0.13893	0.01609	0.04655	0.51487	0.00468	0.07660	0.02565	0.00039	0.14026	0.03598
1.00000	0.02521	0.00643	0.05291	0.03816	0.04616	0.07521	0.02232	0.01754	0.61666	0.09942
1.00000	0.00133	0.00305	0.17890	0.00225	0.12666	0.02804	0.64269	0.00723	0.00490	0.00495
1.00000	0.00373	0.00195	0.00529	0.01379	0.03299	0.01669	0.00220	0.82218	0.00336	0.09783
1.00000	0.09037	0.00864	0.00115	0.04667	0.00473	0.75150	0.01941	0.00205	0.07063	0.00485
1.00000	0.93330	0.00039	0.00306	0.00614	0.00341	0.01801	0.02431	0.00278	0.00799	0.00060
1.00000	0.00199	0.98897	0.00172	0.00256	0.00060	0.00166	0.00050	0.00107	0.00016	0.00076
0.00000	0.38493	0.00676	0.03479	0.17931	0.00693	0.25631	0.02766	0.01374	0.08509	0.00448
1.00000	0.10814	0.00395	0.59074	0.01599	0.15181	0.00900	0.01467	0.04817	0.01227	0.04527
1.00000	0.01089	0.00075	0.00074	0.00310	0.00136	0.91460	0.00111	0.00066	0.06667	0.00013
1.00000	0.00611	0.00204	0.03584	0.01144	0.64924	0.02850	0.00516	0.03246	0.05638	0.17283
1.00000	0.00114	0.01511	0.02846	0.02349	0.09688	0.01260	0.00202	0.75509	0.00219	0.06302
1.00000	0.04255	0.00298	0.31092	0.18919	0.00321	0.03158	0.06634	0.14966	0.19451	0.00907
1.00000	0.00467	0.00112	0.03361	0.17120	0.02547	0.03362	0.02497	0.00397	0.69503	0.00633
1.00000	0.00661	0.00037	0.00287	0.00357	0.00220	0.02183	0.95988	0.00014	0.00180	0.00073
1.00000	0.12030	0.00323	0.04585	0.01184	0.06285	0.02046	0.59122	0.00721	0.07615	0.06089
1.00000	0.00214	0.98367	0.00184	0.00088	0.00128	0.00256	0.00300	0.00347	0.00014	0.00101
0.00000	0.62743	0.00844	0.08904	0.10280	0.01281	0.03937	0.01071	0.00933	0.07711	0.02295
1.00000	0.00013	0.00018	0.00090	0.00036	0.00030	0.00009	0.00001	0.99605	0.00010	0.00190
1.00000	0.03226	0.04775	0.51501	0.02532	0.15509	0.00714	0.04060	0.07810	0.03910	0.05963
0.00000	0.21066	0.00748	0.15901	0.27474	0.02471	0.03236	0.02904	0.00546	0.24414	0.01240
1.00000	0.11584	0.00212	0.00798	0.01761	0.04397	0.66439	0.06907	0.00812	0.05827	0.01263
1.00000	0.00252	0.00033	0.00011	0.00026	0.00051	0.00050	0.00010	0.99032	0.00172	0.00363
1.00000	0.12181	0.00604	0.01262	0.07321	0.01592	0.20580	0.53532	0.01107	0.00952	0.00870
1.00000	0.90023	0.00163	0.03946	0.00546	0.00528	0.00449	0.03183	0.00128	0.00620	0.00414
1.00000	0.03093	0.00407	0.00538	0.48298	0.01429	0.31270	0.01168	0.00923	0.08612	0.04263
1.00000	0.00059	0.00443	0.00031	0.00075	0.88858	0.00372	0.00011	0.01819	0.00871	0.07462
1.00000	0.00061	0.00618	0.96786	0.00774	0.00179	0.00337	0.00586	0.00319	0.00289	0.00051
1.00000	0.04039	0.00093	0.00152	0.00559	0.62224	0.05466	0.09235	0.02122	0.05444	0.10665
1.00000	0.00610	0.00471	0.00385	0.10685	0.00124	0.83140	0.00283	0.00186	0.02964	0.01153
1.00000	0.02951	0.85276	0.01123	0.00113	0.01167	0.00924	0.07110	0.00412	0.00753	0.00171
1.00000	0.00570	0.01783	0.05452	0.01982	0.14837	0.06370	0.00172	0.52276	0.08236	0.08322
1.00000	0.02158	0.00675	0.15519	0.04220	0.06090	0.09704	0.11950	0.02927	0.45443	0.01315
1.00000	0.85596	0.00498	0.06111	0.02022	0.00659	0.00475	0.02822	0.00688	0.00829	0.00299
1.00000	0.00413	0.96102	0.00225	0.00126	0.00204	0.00105	0.01951	0.00554	0.00209	0.00110
1.00000	0.01409	0.00641	0.02393	0.01097	0.87540	0.01272	0.00833	0.00954	0.01044	0.02816
1.00000	0.00055	0.00107	0.02986	0.00568	0.79118	0.00713	0.00468	0.11152	0.00073	0.04760
1.00000	0.04347	0.00461	0.00034	0.00914	0.07856	0.82569	0.00157	0.00568	0.00547	0.02546
1.00000	0.00616	0.01239	0.01103	0.07067	0.03697	0.57345	0.01439	0.11519	0.14303	0.01670
1.00000	0.00107	0.00010	0.00207	0.00063	0.22477	0.00467	0.00701	0.03278	0.01334	0.71357
1.00000	0.86333	0.01430	0.05501	0.01208	0.00617	0.01312	0.01681	0.00472	0.00419	0.01028
1.00000	0.00634	0.00312	0.96959	0.00192	0.00320	0.00276	0.00756	0.00298	0.00125	0.00127
1.00000	0.04353	0.81141	0.01282	0.00656	0.04021	0.01022	0.01635	0.02215	0.02297	0.01378
1.00000	0.00910	0.00114	0.00419	0.00350	0.82842	0.00224	0.05649	0.05348	0.02286	0.01856
1.00000	0.86826	0.01327	0.03029	0.00880	0.00726	0.00211	0.02234	0.01371	0.01841	0.01554
1.00000	0.00458	0.00186	0.00207	0.00159	0.00508	0.00071	0.00077	0.95152	0.00191	0.02991
1.00000	0.03762	0.06782	0.11872	0.03319	0.18343	0.06437	0.14254	0.02266	0.29034	0.03932
1.00000	0.05509	0.01480	0.00062	0.12974	0.08353	0.40867	0.04181	0.02961	0.03135	0.20477
0.00000	0.05182	0.20381	0.07927	0.02502	0.04086	0.17564	0.01427	0.14586	0.14438	0.11907
1.00000	0.00381	0.01427	0.03010	0.00346	0.21011	0.08674	0.01207	0.01509	0.06360	0.56075
1.00000	0.11088	0.00042	0.00584	0.14768	0.00981	0.55329	0.04707	0.00595	0.11289	0.00617
1.00000	0.14795	0.07966	0.00771	0.15472	0.02200	0.28768	0.09244	0.00529	0.11660	0.08594
1.00000	0.00342	0.00198	0.00208	0.00076	0.88524	0.02561	0.03188	0.03016	0.00279	0.01608
1.00000	0.00374	0.00451	0.00866	0.03957	0.06304	0.01567	0.00107	0.76324	0.00584	0.09467
1.00000	0.01988	0.90159	0.03007	0.00336	0.01858	0.00123	0.00836	0.01186	0.00201	0.00306
1.00000	0.00508	0.00127	0.03251	0.00143	0.01259	0.00701	0.00083	0.91961	0.01348	0.00618
1.00000	0.00508	0.04021	0.03183	0.00547	0.00215	0.00517	0.00168	0.87273	0.02068	0.01500
1.00000	0.05142	0.12566	0.52298	0.19846	0.00159	0.02678	0.04901	0.00844	0.01409	0.00157
1.00000	0.00015	0.00091	0.99361	0.00272	0.00033	0.00039	0.00076	0.00063	0.00034	0.00015
1.00000	0.00274	0.98133	0.00161	0.00174	0.00207	0.00193	0.00331	0.00292	0.00021	0.00214
1.00000	0.00655	0.97367	0.00800	0.00032	0.00220	0.00060	0.00518	0.00216	0.00061	0.00070
1.00000	0.00144	0.00009	0.00050	0.00113	0.16856	0.02531	0.00166	0.00561	0.00373	0.79197
1.00000	0.00431	0.94286	0.01030	0.00120	0.00677	0.00388	0.00381	0.02057	0.00230	0.00400
1.00000	0.74055	0.00421	0.01671	0.00196	0.04235	0.01659	0.05102	0.05908	0.02871	0.03882
1.00000	0.00064	0.00032	0.00090	0.00338	0.00095	0.01544	0.01408	0.00245	0.95521	0.00661
1.00000	0.94032	0.00183	0.00305	0.00371	0.00100	0.02683	0.01771	0.00350	0.00133	0.00073
1.00000	0.00247	0.00228	0.00497	0.00140	0.93931	0.01333	0.00134	0.01629	0.00086	0.01776
1.00000	0.00115	0.04901	0.00168	0.01903	0.77988	0.02926	0.00620	0.00277	0.00609	0.10492
1.00000	0.13868	0.01035	0.64260	0.02255	0.02444	0.05996	0.05888	0.02722	0.01159	0.00373
1.00000	0.02132	0.00337	0.00673	0.82387	0.00383	0.06638	0.00326	0.00325	0.06389	0.00409
1.00000	0.00036	0.00068	0.00046	0.00135	0.00035	0.00019	0.00004	0.99361	0.00046	0.00250
1.00000	0.80691	0.00205	0.03700	0.01100	0.02663	0.05070	0.04684	0.00359	0.00539	0.00990
1.00000	0.00160	0.00093	0.00279	0.00427	0.00343	0.01636	0.96909	0.00079	0.00018	0.00055
1.00000	0.00046	0.00069	0.00089	0.00229	0.84653	0.04814	0.00309	0.02036	0.00189	0.07567
1.00000	0.01149	0.00423	0.02211	0.06660	0.02951	0.00310	0.00041	0.82287	0.01141	0.02826
1.00000	0.03293	0.03870	0.22026	0.10603	0.02160	0.04424	0.00647	0.03693	0.47174	0.02110
1.00000	0.01145	0.94774	0.00110	0.00045	0.00285	0.00203	0.01993	0.01019	0.00165	0.00260
1.00000	0.02092	0.23309	0.02179	0.31337	0.03283	0.15293	0.01876	0.03331	0.07497	0.09803
1.00000	0.01723	0.01144	0.04877	0.61235	0.00148	0.01766	0.00096	0.03296	0.23816	0.01898
1.00000	0.00658	0.06878	0.76102	0.07131	0.00361	0.01458	0.02105	0.01007	0.04017	0.00282
1.00000	0.00596	0.00359	0.87300	0.00303	0.00088	0.01677	0.09436	0.00046	0.00128	0.00068
1.00000	0.04464	0.01974	0.32048	0.21638	0.00318	0.02246	0.02259	0.11606	0.22965	0.00483
1.00000	0.93409	0.00179	0.01237	0.01918	0.00057	0.02291	0.00599	0.00117	0.00182	0.00011
1.00000	0.01450	0.00117	0.87369	0.00289	0.03633	0.01307	0.02501	0.01701	0.00834	0.00800
1.00000	0.03138	0.01216	0.01182	0.87169	0.00086	0.06479	0.00274	0.00254	0.00126	0.00076
1.00000	0.04223	0.00508	0.02934	0.11647	0.01139	0.24412	0.11767	0.00981	0.40885	0.01503
1.00000	0.04061	0.00297	0.08579	0.00080	0.00837	0.03208	0.78818	0.03934	0.00118	0.00067
1.00000	0.00123	0.00273	0.00345	0.00761	0.04558	0.03656	0.00308	0.03190	0.01907	0.84879
0.00000	0.02132	0.12940	0.01765	0.10842	0.03677	0.15583	0.00576	0.27712	0.07331	0.17440
1.00000	0.00149	0.03779	0.05931	0.01522	0.26184	0.03037	0.53766	0.01756	0.03081	0.00796
1.00000	0.02723	0.00193	0.01462	0.02961	0.00457	0.09177	0.00331	0.00519	0.80175	0.02001
1.00000	0.02188	0.00030	0.00255	0.01318	0.00026	0.95649	0.00258	0.00020	0.00251	0.00006
1.00000	0.03970	0.06517	0.08164	0.01092	0.41380	0.05397	0.14654	0.00529	0.17441	0.00856
1.00000	0.00677	0.00115	0.01840	0.00085	0.16977	0.03163	0.02154	0.01796	0.00404	0.72789
1.00000	0.00621	0.01219	0.00129	0.00491	0.01349	0.01387	0.00426	0.80430	0.00871	0.13077
1.00000	0.01746	0.36418	0.50611	0.03979	0.00125	0.00694	0.04260	0.01820	0.00316	0.00031
1.00000	0.00255	0.01588	0.00149	0.00057	0.00809	0.00357	0.00035	0.93964	0.00150	0.02637
1.00000	0.08654	0.00277	0.05043	0.05657	0.00525	0.00794	0.02128	0.02489	0.73318	0.01114
1.00000	0.00978	0.00180	0.00765	0.39061	0.00747	0.20306	0.00301	0.06215	0.25003	0.06445
1.00000	0.05819	0.00597	0.00390	0.03596	0.01946	0.70639	0.09449	0.00706	0.06358	0.00501
1.00000	0.60281	0.02321	0.08500	0.00544	0.01917	0.05744	0.14563	0.00521	0.01313	0.04299
1.00000	0.01018	0.14217	0.25290	0.10941	0.00462	0.00470	0.00511	0.32113	0.08048	0.06930
1.00000	0.00039	0.00080	0.00012	0.00228	0.85216	0.03031	0.00135	0.00082	0.00898	0.10280
1.00000	0.00955	0.00053	0.02447	0.00253	0.10557	0.00481	0.01663	0.01865	0.02137	0.79589
1.00000	0.04098	0.02702	0.05505	0.57979	0.00586	0.24763	0.00763	0.00903	0.01131	0.01569
1.00000	0.04112	0.00232	0.00171	0.14977	0.00854	0.70480	0.00840	0.00730	0.07453	0.00153
1.00000	0.00136	0.00038	0.01150	0.00649	0.84835	0.00584	0.00171	0.05739	0.00684	0.06013
1.00000	0.02536	0.02358	0.22124	0.47167	0.00770	0.09416	0.04186	0.00831	0.09140	0.01472
1.00000	0.83512	0.00265	0.04443	0.05593	0.00559	0.02947	0.01408	0.00374	0.00541	0.00359
1.00000	0.00114	0.00150	0.79682	0.15318	0.00202	0.00681	0.00431	0.00153	0.03215	0.00056
0.00000	0.04416	0.00157	0.24429	0.00231	0.28500	0.00967	0.05923	0.02285	0.04734	0.28359
1.00000	0.28011	0.01451	0.04859	0.49773	0.01410	0.11473	0.01026	0.00096	0.01644	0.00258
1.00000	0.00108	0.98256	0.00349	0.00065	0.00079	0.00214	0.00354	0.00513	0.00015	0.00048
1.00000	0.06008	0.00164	0.03114	0.00982	0.00480	0.36802	0.50694	0.00180	0.00547	0.01029
1.00000	0.00123	0.00022	0.00150	0.00064	0.04252	0.03040	0.00212	0.04089	0.00328	0.87721
1.00000	0.00739	0.88990	0.01213	0.00267	0.02216	0.00479	0.01310	0.03511	0.00456	0.00819
1.00000	0.00126	0.00056	0.00051	0.01154	0.03438	0.00641	0.00109	0.06373	0.00489	0.87563
1.00000	0.03254	0.01828	0.04223	0.79776	0.00167	0.08216	0.00365	0.00144	0.01724	0.00303
0.00000	0.55898	0.01030	0.19467	0.09705	0.00410	0.05870	0.02324	0.02347	0.02790	0.00159
1.00000	0.03012	0.00057	0.00500	0.00208	0.78203	0.01377	0.06489	0.02712	0.01362	0.06079
1.00000	0.00249	0.00106	0.00150	0.00041	0.61921	0.10216	0.00162	0.02202	0.00150	0.24802
1.00000	0.04825	0.01536	0.06832	0.79693	0.00183	0.02936	0.00064	0.01904	0.01575	0.00453
1.00000	0.89510	0.00326	0.00376	0.00219	0.00597	0.03921	0.01527	0.00614	0.00069	0.02839
1.00000	0.01791	0.00352	0.04408	0.00427	0.78533	0.01441	0.00576	0.02258	0.02995	0.07218
1.00000	0.03403	0.00053	0.00119	0.00069	0.74261	0.06255	0.03414	0.03338	0.02515	0.06574
1.00000	0.02236	0.86549	0.00503	0.01293	0.00202	0.02924	0.00359	0.03930	0.00861	0.01145
1.00000	0.06397	0.00478	0.05467	0.37808	0.00378	0.13288	0.02678	0.06466	0.18307	0.08733
1.00000	0.66118	0.00226	0.01885	0.06071	0.03777	0.08852	0.10363	0.01184	0.00896	0.00629
1.00000	0.00511	0.00427	0.00143	0.00486	0.04888	0.05452	0.00154	0.02590	0.00428	0.84921
1.00000	0.00127	0.00044	0.00068	0.00069	0.14803	0.00173	0.00170	0.00081	0.00871	0.83594
1.00000	0.08928	0.18424	0.03515	0.01194	0.03110	0.13835	0.48238	0.00525	0.01871	0.00361
1.00000	0.01314	0.00234	0.07701	0.05368	0.00162	0.01226	0.00706	0.00116	0.83124	0.00049
1.00000	0.02153	0.04879	0.51669	0.17395	0.01540	0.00713	0.04290	0.13816	0.02851	0.00696
0.00000	0.06504	0.01036	0.00122	0.05235	0.09066	0.39121	0.05708	0.03289	0.02520	0.27398
1.00000	0.02397	0.04630	0.02720	0.02116	0.35062	0.01759	0.00144	0.40694	0.00759	0.09720
1.00000	0.06763	0.00313	0.01205	0.18808	0.00102	0.65905	0.01323	0.00104	0.05426	0.00050
1.00000	0.01567	0.01066	0.16626	0.07333	0.16420	0.01884	0.04953	0.29475	0.07794	0.12882
1.00000	0.02355	0.05544	0.03642	0.01556	0.02509	0.05740	0.01673	0.01264	0.72777	0.02939
1.00000	0.02782	0.04008	0.01086	0.03590	0.05779	0.08298	0.03273	0.01902	0.14034	0.55248
1.00000	0.03192	0.00365	0.72156	0.03305	0.05832	0.02019	0.01606	0.01378	0.08872	0.01274
1.00000	0.12279	0.03283	0.00843	0.00278	0.03014	0.70286	0.04567	0.01031	0.00974	0.03446
1.00000	0.01255	0.00046	0.93194	0.01243	0.00332	0.00861	0.01935	0.00293	0.00283	0.00556
1.00000	0.06859	0.00391	0.02743	0.71241	0.00777	0.07181	0.03797	0.00811	0.05938	0.00263
1.00000	0.10613	0.00651	0.04130	0.02037	0.01981	0.16680	0.03363	0.05627	0.49576	0.05342
0.00000	0.02373	0.00802	0.34547	0.18803	0.02491	0.02758	0.01406	0.00461	0.35171	0.01188
1.00000	0.00625	0.01032	0.02572	0.77857	0.00141	0.03464	0.00099	0.00586	0.11930	0.01694
1.00000	0.00473	0.00106	0.00611	0.01243	0.12772	0.02290	0.00766	0.03310	0.04210	0.74220
1.00000	0.00023	0.00019	0.00392	0.00017	0.00148	0.00187	0.99176	0.00012	0.00015	0.00011
1.00000	0.00205	0.00297	0.00939	0.00762	0.02325	0.00871	0.00058	0.88856	0.00198	0.05489
1.00000	0.98816	0.00045	0.00345	0.00086	0.00191	0.00064	0.00289	0.00025	0.00116	0.00025
1.00000	0.94918	0.00049	0.00696	0.00668	0.00262	0.01679	0.00357	0.00419	0.00401	0.00550
1.00000	0.07129	0.00489	0.00650	0.00553	0.06625	0.78203	0.01910	0.00502	0.00631	0.03307
1.00000	0.03497	0.01488	0.78543	0.02881	0.00387	0.00487	0.11008	0.00715	0.00922	0.00073
1.00000	0.08035	0.02916	0.09088	0.73021	0.00098	0.01318	0.00352	0.00304	0.04748	0.00119
1.00000	0.01029	0.00173	0.72045	0.03691	0.03122	0.00990	0.04560	0.01571	0.08235	0.04585
1.00000	0.00647	0.00095	0.00350	0.00221	0.05404	0.84411	0.00746	0.00169	0.04830	0.03128
1.00000	0.01030	0.88876	0.00328	0.01337	0.02749	0.03328	0.00584	0.01105	0.00400	0.00263
1.00000	0.75444	0.00227	0.06838	0.01628	0.05994	0.00565	0.04015	0.03045	0.00931	0.01314
0.00000	0.06213	0.01443	0.16184	0.30595	0.03523	0.00388	0.01789	0.29941	0.08493	0.01433
1.00000	0.01972	0.00715	0.03149	0.01720	0.03210	0.05157	0.01519	0.00070	0.82329	0.00159
0.00000	0.00612	0.00281	0.00520	0.00258	0.39722	0.03220	0.00763	0.02640	0.00394	0.51590
1.00000	0.04317	0.00136	0.00170	0.00643	0.67133	0.04554	0.03899	0.05666	0.00947	0.12536
1.00000	0.01555	0.01276	0.47945	0.18213	0.00779	0.01378	0.02144	0.01464	0.25168	0.00078
1.00000	0.00470	0.05389	0.84194	0.05589	0.00484	0.00270	0.02501	0.00086	0.00960	0.00058
1.00000	0.00643	0.06020	0.03408	0.23123	0.03592	0.13376	0.03706	0.05308	0.35418	0.05407
