1.00000	0.00231	0.91134	0.00447	0.00489	0.04078	0.01576	0.00314	0.01437	0.00047	0.00247
1.00000	0.00050	0.00378	0.00676	0.00544	0.00308	0.00340	0.00010	0.92528	0.00066	0.05100
1.00000	0.94296	0.00055	0.01792	0.00267	0.00122	0.00646	0.02203	0.00198	0.00205	0.00217
1.00000	0.01224	0.03498	0.03347	0.02442	0.00419	0.74505	0.00712	0.04159	0.03989	0.05706
1.00000	0.01335	0.00479	0.00567	0.00382	0.71485	0.06685	0.00118	0.05837	0.00355	0.12757
1.00000	0.01008	0.13503	0.02673	0.00475	0.08112	0.04194	0.00875	0.36797	0.01422	0.30939
1.00000	0.01998	0.00243	0.00035	0.01542	0.00030	0.92716	0.00470	0.00170	0.01226	0.01571
1.00000	0.17033	0.00584	0.54979	0.01689	0.03107	0.01328	0.17016	0.01498	0.00448	0.02320
0.00000	0.00746	0.00565	0.03451	0.01152	0.11202	0.01985	0.00369	0.16024	0.02886	0.61619
1.00000	0.01752	0.05028	0.04895	0.01406	0.13167	0.07607	0.04611	0.03873	0.04901	0.52761
1.00000	0.00665	0.88976	0.01121	0.02304	0.02148	0.00273	0.00405	0.02851	0.00371	0.00886
1.00000	0.00283	0.00010	0.98239	0.00023	0.00196	0.00059	0.00803	0.00016	0.00317	0.00054
1.00000	0.00997	0.03219	0.00730	0.00879	0.65435	0.03739	0.00445	0.01762	0.04270	0.18524
1.00000	0.00058	0.93583	0.00546	0.00141	0.00973	0.00505	0.00090	0.03511	0.00141	0.00451
1.00000	0.00842	0.76031	0.02217	0.01966	0.00422	0.04454	0.00139	0.10469	0.02520	0.00939
1.00000	0.01749	0.03558	0.19172	0.42328	0.03673	0.06984	0.05814	0.04683	0.07689	0.04348
1.00000	0.00094	0.95674	0.00494	0.00137	0.00862	0.00247	0.00138	0.01738	0.00066	0.00550
1.00000	0.02683	0.00251	0.02543	0.00387	0.00203	0.03410	0.87667	0.00030	0.02494	0.00331
1.00000	0.00032	0.00051	0.00125	0.00229	0.88440	0.00319	0.00121	0.03460	0.00389	0.06833
1.00000	0.00402	0.00085	0.01168	0.02734	0.10647	0.00845	0.00360	0.01438	0.05164	0.77156
1.00000	0.01996	0.00439	0.02186	0.88632	0.00061	0.01887	0.00380	0.01259	0.02261	0.00898
1.00000	0.00206	0.00107	0.00173	0.04878	0.59482	0.00134	0.00155	0.00441	0.03693	0.30731
1.00000	0.00072	0.00086	0.00045	0.00056	0.04585	0.00204	0.00098	0.00359	0.00296	0.94200
1.00000	0.09106	0.00946	0.06649	0.20389	0.02203	0.03671	0.01279	0.02100	0.45378	0.08278
1.00000	0.00259	0.00032	0.00185	0.01312	0.06036	0.00473	0.00217	0.00214	0.08738	0.82532
1.00000	0.68763	0.00854	0.09312	0.04313	0.00334	0.00452	0.10020	0.00383	0.03738	0.01830
1.00000	0.00285	0.00061	0.01327	0.01409	0.00186	0.00253	0.00032	0.71115	0.00680	0.24652
1.00000	0.06313	0.00318	0.07924	0.00059	0.00090	0.00100	0.84320	0.00041	0.00604	0.00231
1.00000	0.03791	0.01753	0.13434	0.00750	0.09376	0.15372	0.01824	0.00674	0.45460	0.07565
1.00000	0.00325	0.00013	0.00555	0.00075	0.00082	0.00041	0.98056	0.00204	0.00036	0.00613
1.00000	0.02192	0.58927	0.09307	0.03980	0.02895	0.00810	0.00886	0.06261	0.09965	0.04778
1.00000	0.05070	0.00163	0.00578	0.88337	0.00214	0.02606	0.00270	0.00206	0.02049	0.00506
1.00000	0.03053	0.82185	0.09037	0.01931	0.00319	0.00685	0.00563	0.00374	0.00829	0.01023
1.00000	0.05135	0.00735	0.05698	0.00214	0.51747	0.05314	0.07313	0.02213	0.03545	0.18084
1.00000	0.00036	0.00005	0.00727	0.00155	0.00065	0.00021	0.98757	0.00022	0.00016	0.00197
1.00000	0.00203	0.06452	0.85293	0.03804	0.00996	0.00112	0.02126	0.00460	0.00142	0.00410
1.00000	0.00409	0.01637	0.01480	0.00393	0.09648	0.16910	0.08608	0.02011	0.49875	0.09030
1.00000	0.91532	0.00092	0.03796	0.00376	0.00084	0.00745	0.02209	0.00149	0.00057	0.00959
1.00000	0.00449	0.10304	0.02033	0.01280	0.47755	0.08884	0.01159	0.01438	0.00744	0.25955
1.00000	0.01815	0.00254	0.57446	0.02225	0.00711	0.00774	0.04925	0.09587	0.08803	0.13460
1.00000	0.20173	0.00474	0.05277	0.41318	0.00363	0.01766	0.05752	0.00091	0.24411	0.00374
1.00000	0.00214	0.00158	0.98137	0.01151	0.00025	0.00011	0.00106	0.00097	0.00092	0.00009
1.00000	0.98893	0.00006	0.00157	0.00021	0.00008	0.00406	0.00418	0.00002	0.00046	0.00042
1.00000	0.00317	0.00523	0.03573	0.00729	0.15456	0.01543	0.03222	0.01964	0.02017	0.70658
1.00000	0.03099	0.03614	0.73062	0.05081	0.00507	0.05411	0.00614	0.00855	0.07601	0.00157
1.00000	0.00111	0.96175	0.00478	0.00518	0.01142	0.00388	0.00182	0.00672	0.00122	0.00214
1.00000	0.00217	0.00354	0.04428	0.84265	0.00138	0.00752	0.01310	0.01289	0.04739	0.02507
1.00000	0.00239	0.01582	0.02082	0.80781	0.00208	0.00777	0.00079	0.04674	0.06711	0.02867
0.00000	0.00749	0.00917	0.00455	0.46974	0.00647	0.03178	0.00111	0.00468	0.42130	0.04370
1.00000	0.01970	0.00829	0.01428	0.14716	0.00430	0.64101	0.05669	0.00425	0.08888	0.01543
1.00000	0.03727	0.00731	0.10679	0.00435	0.26971	0.05511	0.08512	0.03020	0.20768	0.19645
1.00000	0.02535	0.00193	0.01869	0.00762	0.00064	0.01292	0.91032	0.00077	0.02067	0.00110
1.00000	0.00346	0.08367	0.04182	0.02460	0.00117	0.00562	0.00110	0.67520	0.00241	0.16096
1.00000	0.07733	0.01367	0.00855	0.01502	0.01186	0.06502	0.01661	0.58390	0.00577	0.20226
1.00000	0.04869	0.00517	0.00274	0.12637	0.00213	0.74364	0.01127	0.01090	0.04304	0.00605
1.00000	0.00236	0.05327	0.05419	0.00440	0.19094	0.00955	0.00490	0.03248	0.02275	0.62517
1.00000	0.00182	0.00999	0.03595	0.00535	0.67422	0.00385	0.03327	0.05514	0.04761	0.13280
1.00000	0.00977	0.01075	0.03404	0.07224	0.68089	0.01315	0.02176	0.03248	0.01955	0.10537
1.00000	0.64685	0.00516	0.10534	0.03627	0.03098	0.02387	0.08287	0.01357	0.02786	0.02722
0.00000	0.02997	0.00383	0.00253	0.01760	0.01211	0.02926	0.03063	0.00691	0.42763	0.43953
1.00000	0.00779	0.00276	0.00734	0.07059	0.02937	0.64700	0.12032	0.00376	0.01616	0.09491
1.00000	0.64221	0.04676	0.02078	0.05212	0.00131	0.07430	0.00557	0.05898	0.00984	0.08811
1.00000	0.05360	0.00581	0.00194	0.01733	0.47379	0.06610	0.05867	0.01025	0.03957	0.27293
1.00000	0.00032	0.00108	0.00136	0.00075	0.05212	0.00669	0.00134	0.02184	0.00743	0.90707
1.00000	0.00089	0.00387	0.03032	0.02497	0.00136	0.00187	0.00064	0.87798	0.00127	0.05682
1.00000	0.01190	0.00244	0.00163	0.00071	0.01620	0.00423	0.00166	0.93529	0.00200	0.02393
1.00000	0.04951	0.00689	0.06975	0.02284	0.02226	0.01945	0.02246	0.16068	0.00859	0.61757
1.00000	0.00150	0.00318	0.00605	0.02290	0.00131	0.00111	0.00028	0.81268	0.05223	0.09876
1.00000	0.00133	0.00189	0.00024	0.01437	0.04515	0.00133	0.00029	0.07715	0.00300	0.85525
1.00000	0.03655	0.01989	0.04800	0.06868	0.05966	0.00532	0.70147	0.01580	0.01571	0.02893
1.00000	0.91894	0.00104	0.02721	0.01179	0.00072	0.01814	0.01364	0.00114	0.00510	0.00227
1.00000	0.09966	0.01059	0.01242	0.27524	0.00447	0.41811	0.10730	0.03509	0.02743	0.00968
1.00000	0.00210	0.00741	0.00181	0.00154	0.00279	0.92604	0.00013	0.01541	0.03654	0.00623
1.00000	0.01156	0.00454	0.06979	0.02639	0.03060	0.00358	0.81926	0.00552	0.01284	0.01592
1.00000	0.02413	0.00578	0.12623	0.00319	0.02286	0.14011	0.61267	0.00213	0.03055	0.03235
1.00000	0.01683	0.08697	0.10344	0.00490	0.03669	0.58091	0.01702	0.01670	0.08547	0.05106
1.00000	0.00492	0.01563	0.05776	0.02263	0.01291	0.01007	0.00150	0.39559	0.19453	0.28446
1.00000	0.51047	0.02501	0.10453	0.06627	0.01380	0.06575	0.01280	0.12321	0.01530	0.06286
1.00000	0.00036	0.00080	0.00078	0.00117	0.00109	0.00059	0.00022	0.92610	0.00070	0.06821
1.00000	0.00173	0.01250	0.00218	0.00111	0.01755	0.80048	0.00141	0.10800	0.04060	0.01444
1.00000	0.00070	0.00296	0.00048	0.00717	0.07661	0.00212	0.00058	0.01448	0.01470	0.88019
1.00000	0.00759	0.02387	0.03450	0.05991	0.47132	0.01749	0.14674	0.01234	0.04473	0.18153
1.00000	0.00133	0.00136	0.00737	0.01131	0.83156	0.03925	0.00912	0.00747	0.00547	0.08576
1.00000	0.00435	0.00016	0.00899	0.00270	0.10143	0.00093	0.00120	0.01061	0.01167	0.85797
1.00000	0.00099	0.00397	0.97962	0.01216	0.00032	0.00045	0.00101	0.00011	0.00098	0.00038
1.00000	0.92335	0.00035	0.04297	0.00429	0.00101	0.00101	0.01502	0.00025	0.01026	0.00150
1.00000	0.01158	0.02433	0.83466	0.01694	0.01281	0.01962	0.05422	0.00365	0.00694	0.01524
1.00000	0.00404	0.00198	0.00030	0.00515	0.03270	0.00401	0.00020	0.48174	0.00160	0.46827
1.00000	0.01135	0.91370	0.00502	0.00158	0.02870	0.00963	0.00207	0.02174	0.00163	0.00457
1.00000	0.01690	0.10214	0.07797	0.58652	0.00435	0.09595	0.03202	0.01112	0.04277	0.03028
1.00000	0.00171	0.00033	0.96878	0.00115	0.00795	0.00139	0.00567	0.00066	0.00852	0.00385
1.00000	0.89084	0.00215	0.01840	0.00981	0.00173	0.00429	0.01670	0.00175	0.00137	0.05296
1.00000	0.03089	0.00134	0.02471	0.00151	0.00086	0.01021	0.92579	0.00170	0.00137	0.00162
1.00000	0.01051	0.80630	0.09226	0.03613	0.00416	0.00124	0.00444	0.02152	0.00660	0.01683
1.00000	0.01299	0.00097	0.00200	0.00291	0.00070	0.00063	0.00111	0.88858	0.01320	0.07692
1.00000	0.02191	0.02625	0.01540	0.00410	0.06713	0.02100	0.05815	0.55647	0.13032	0.09928
0.00000	0.22265	0.00292	0.01822	0.03976	0.24425	0.04505	0.02863	0.14405	0.02056	0.23391
0.00000	0.00895	0.00418	0.00024	0.00088	0.09895	0.00228	0.00505	0.00406	0.05902	0.81640
1.00000	0.01287	0.00223	0.01837	0.01089	0.76281	0.00238	0.05569	0.03262	0.03098	0.07117
1.00000	0.00951	0.00040	0.00060	0.00095	0.01123	0.00066	0.00087	0.94046	0.00420	0.03112
1.00000	0.00640	0.14154	0.09375	0.01224	0.06111	0.07034	0.01144	0.41612	0.04554	0.14151
1.00000	0.00760	0.00485	0.13578	0.02183	0.24423	0.04979	0.46105	0.05150	0.00175	0.02163
1.00000	0.00030	0.00212	0.00186	0.00841	0.00040	0.00234	0.00015	0.00058	0.97559	0.00825
0.00000	0.02377	0.03092	0.07332	0.09617	0.39792	0.05069	0.13491	0.03941	0.01937	0.13353
1.00000	0.13959	0.03293	0.36329	0.24336	0.01057	0.02839	0.07435	0.00045	0.10445	0.00263
1.00000	0.05157	0.00884	0.00164	0.01133	0.00200	0.72655	0.01253	0.02765	0.15465	0.00324
1.00000	0.10640	0.00965	0.09942	0.01682	0.53276	0.01921	0.11392	0.01897	0.04971	0.03312
1.00000	0.07160	0.00988	0.03423	0.80012	0.00252	0.00800	0.01180	0.04473	0.00610	0.01102
1.00000	0.00120	0.00131	0.00145	0.00388	0.54318	0.02103	0.00304	0.00464	0.00491	0.41536
1.00000	0.00085	0.00015	0.00014	0.00080	0.00100	0.00024	0.00015	0.92544	0.00074	0.07050
0.00000	0.23260	0.02027	0.10560	0.17541	0.02257	0.02870	0.15647	0.06590	0.06601	0.12647
1.00000	0.00309	0.00275	0.01273	0.00504	0.02610	0.02581	0.00139	0.02400	0.85781	0.04130
1.00000	0.00251	0.00507	0.01995	0.00478	0.03692	0.00278	0.01077	0.01713	0.83252	0.06758
1.00000	0.00113	0.08149	0.00110	0.00113	0.00291	0.02477	0.00021	0.79942	0.00325	0.08458
1.00000	0.00456	0.86664	0.00678	0.02105	0.00463	0.04113	0.01244	0.01027	0.00253	0.02996
1.00000	0.06866	0.00263	0.03600	0.70625	0.00041	0.09878	0.05339	0.00246	0.02815	0.00327
1.00000	0.00299	0.00027	0.02534	0.00014	0.00063	0.00273	0.96600	0.00033	0.00055	0.00101
1.00000	0.00145	0.00139	0.00159	0.00408	0.10323	0.00199	0.00052	0.00601	0.02259	0.85717
1.00000	0.00175	0.88005	0.01847	0.00122	0.04085	0.00380	0.00358	0.03510	0.00487	0.01032
1.00000	0.00190	0.01732	0.01394	0.00116	0.03721	0.00509	0.00046	0.83432	0.00476	0.08384
1.00000	0.00937	0.01076	0.06598	0.02646	0.62331	0.01014	0.05956	0.04397	0.03473	0.11572
0.00000	0.01465	0.03725	0.23727	0.13159	0.23887	0.05758	0.16535	0.09020	0.01759	0.00967
1.00000	0.02946	0.01432	0.32842	0.46571	0.00298	0.01717	0.09256	0.02803	0.01741	0.00394
1.00000	0.75393	0.00680	0.05037	0.03706	0.00615	0.03680	0.03349	0.02692	0.03537	0.01312
1.00000	0.00748	0.07881	0.00759	0.02003	0.06689	0.35137	0.00672	0.12514	0.06162	0.27434
1.00000	0.05589	0.00212	0.03933	0.75053	0.00029	0.07652	0.05775	0.00428	0.00798	0.00530
1.00000	0.02811	0.00508	0.77892	0.03036	0.06458	0.00970	0.05850	0.00149	0.01627	0.00698
1.00000	0.00299	0.01855	0.17831	0.64426	0.00414	0.02977	0.02270	0.00317	0.09463	0.00147
1.00000	0.06701	0.04210	0.01209	0.26124	0.00144	0.55299	0.05287	0.00109	0.00543	0.00374
1.00000	0.00797	0.00063	0.00074	0.12160	0.00066	0.78266	0.00047	0.00214	0.08146	0.00167
1.00000	0.00079	0.00014	0.00005	0.00049	0.03171	0.00113	0.00066	0.00324	0.01505	0.94674
0.00000	0.06755	0.01475	0.09152	0.17695	0.03524	0.16418	0.05913	0.07569	0.20211	0.11287
1.00000	0.00036	0.00053	0.02951	0.00092	0.01098	0.00236	0.95061	0.00198	0.00132	0.00142
1.00000	0.00336	0.00027	0.00134	0.02506	0.82987	0.00555	0.00398	0.01355	0.02259	0.09443
1.00000	0.98595	0.00047	0.00440	0.00141	0.00027	0.00256	0.00325	0.00014	0.00104	0.00051
1.00000	0.00833	0.01855	0.01650	0.01912	0.02868	0.01176	0.03440	0.05576	0.54167	0.26523
1.00000	0.97915	0.00021	0.00211	0.00140	0.00032	0.00237	0.00790	0.00017	0.00114	0.00523
1.00000	0.01132	0.01556	0.04809	0.15960	0.01077	0.01603	0.00979	0.58424	0.03202	0.11260
1.00000	0.23249	0.03370	0.45702	0.07155	0.00759	0.06803	0.03596	0.02774	0.05965	0.00627
1.00000	0.03316	0.02755	0.01678	0.04752	0.08079	0.04543	0.03019	0.23601	0.31936	0.16322
1.00000	0.03373	0.00415	0.03749	0.20612	0.01425	0.02168	0.03646	0.00728	0.63686	0.00199
0.00000	0.14969	0.00540	0.12867	0.18720	0.01092	0.22279	0.06677	0.00081	0.20681	0.02096
1.00000	0.00085	0.00091	0.00149	0.00105	0.00033	0.00235	0.00054	0.91569	0.00034	0.07644
1.00000	0.00598	0.04943	0.48751	0.19835	0.00172	0.01337	0.00945	0.05779	0.14756	0.02884
1.00000	0.00544	0.01183	0.11356	0.08988	0.02091	0.02993	0.70271	0.01077	0.00519	0.00977
1.00000	0.93637	0.00035	0.01554	0.00359	0.00107	0.00416	0.03427	0.00123	0.00059	0.00283
1.00000	0.03332	0.02494	0.00590	0.00760	0.05780	0.71531	0.01952	0.01054	0.04161	0.08346
1.00000	0.02495	0.01002	0.05987	0.16234	0.00265	0.56362	0.01231	0.05518	0.08582	0.02324
1.00000	0.03535	0.00254	0.84688	0.00931	0.01958	0.00482	0.04346	0.02064	0.01098	0.00643
1.00000	0.00119	0.00147	0.05387	0.00851	0.00292	0.90522	0.00266	0.00547	0.00812	0.01058
1.00000	0.00282	0.71084	0.02402	0.09065	0.03484	0.01166	0.01606	0.05268	0.00948	0.04693
1.00000	0.01198	0.00255	0.02825	0.92810	0.00120	0.00227	0.00302	0.00127	0.01719	0.00418
1.00000	0.04197	0.01062	0.11778	0.03063	0.04477	0.02420	0.63015	0.05863	0.00648	0.03477
1.00000	0.03973	0.00823	0.12373	0.00959	0.61061	0.03680	0.09918	0.00275	0.03926	0.03012
1.00000	0.00161	0.10699	0.06506	0.04204	0.01304	0.00454	0.00189	0.56066	0.00378	0.20040
1.00000	0.00349	0.00088	0.00876	0.00249	0.87240	0.00486	0.03281	0.03690	0.00911	0.02831
1.00000	0.97304	0.00062	0.00988	0.00279	0.00049	0.00332	0.00244	0.00013	0.00271	0.00458
1.00000	0.01463	0.04149	0.38366	0.17197	0.00170	0.00720	0.00811	0.00208	0.36558	0.00360
1.00000	0.38872	0.01235	0.18903	0.04670	0.01546	0.02080	0.15211	0.09075	0.03788	0.04620
0.00000	0.01678	0.00582	0.36527	0.28345	0.00282	0.01198	0.03936	0.15250	0.09719	0.02483
1.00000	0.02572	0.00464	0.00588	0.00648	0.01874	0.05956	0.01784	0.00781	0.00757	0.84575
1.00000	0.00678	0.00574	0.90141	0.05935	0.00047	0.00634	0.00445	0.00545	0.00827	0.00173
1.00000	0.01571	0.00754	0.00047	0.11487	0.00214	0.74405	0.01035	0.01016	0.04632	0.04838
0.00000	0.46424	0.00220	0.38093	0.00442	0.00154	0.00482	0.08999	0.00645	0.02225	0.02316
0.00000	0.01204	0.00491	0.04453	0.00627	0.41875	0.09645	0.19436	0.02315	0.06938	0.13016
1.00000	0.00259	0.00167	0.01343	0.14599	0.07416	0.01865	0.01021	0.01050	0.13623	0.58657
1.00000	0.00187	0.00212	0.00044	0.00091	0.03613	0.00254	0.00165	0.00648	0.00110	0.94677
1.00000	0.01915	0.02319	0.15512	0.06028	0.08260	0.01261	0.53494	0.05224	0.01850	0.04138
1.00000	0.01163	0.00060	0.02069	0.02041	0.00403	0.02306	0.01145	0.01232	0.86790	0.02791
1.00000	0.09802	0.00166	0.80728	0.01713	0.01394	0.00050	0.01147	0.02260	0.02496	0.00242
1.00000	0.72230	0.00785	0.07817	0.01939	0.00518	0.01788	0.11907	0.00423	0.01915	0.00677
1.00000	0.00540	0.02660	0.04503	0.09641	0.00236	0.00434	0.00307	0.01007	0.74655	0.06018
1.00000	0.05105	0.00589	0.01158	0.00635	0.00385	0.81716	0.04528	0.02890	0.02822	0.00172
1.00000	0.00642	0.00634	0.00349	0.04071	0.63401	0.02769	0.01378	0.02180	0.02681	0.21892
1.00000	0.00966	0.00084	0.00373	0.00084	0.00102	0.00176	0.97905	0.00113	0.00041	0.00156
1.00000	0.04092	0.00624	0.09702	0.00128	0.50132	0.00532	0.04627	0.00506	0.02822	0.26834
1.00000	0.01497	0.00146	0.00266	0.00246	0.01034	0.00430	0.00170	0.91181	0.00249	0.04783
1.00000	0.06195	0.04315	0.04489	0.59306	0.00548	0.03810	0.01537	0.09294	0.05075	0.05430
1.00000	0.00141	0.00658	0.00641	0.00303	0.01460	0.01395	0.00092	0.00152	0.94485	0.00673
0.00000	0.03539	0.00647	0.36124	0.13523	0.00882	0.01154	0.00541	0.04179	0.36602	0.02809
1.00000	0.33181	0.06018	0.12442	0.01064	0.06836	0.02101	0.16262	0.07320	0.03529	0.11247
1.00000	0.03027	0.01227	0.01250	0.61824	0.01947	0.05132	0.03293	0.01940	0.14463	0.05899
1.00000	0.02997	0.00716	0.04786	0.00194	0.00669	0.06153	0.82479	0.01178	0.00520	0.00307
1.00000	0.00145	0.94127	0.02555	0.00848	0.00368	0.00130	0.00285	0.00479	0.00241	0.00821
1.00000	0.03741	0.00624	0.02615	0.74504	0.00014	0.03240	0.03981	0.00344	0.10566	0.00371
1.00000	0.11528	0.00288	0.10008	0.21744	0.00213	0.01853	0.01901	0.01272	0.47719	0.03475
1.00000	0.01124	0.00236	0.05597	0.03348	0.01728	0.02493	0.02885	0.03154	0.74264	0.05171
1.00000	0.01557	0.00539	0.00706	0.00283	0.00692	0.90127	0.02241	0.00145	0.01241	0.02470
0.00000	0.18191	0.00579	0.08419	0.18246	0.01682	0.02438	0.05689	0.11570	0.15240	0.17944
1.00000	0.05051	0.02243	0.07094	0.69598	0.01407	0.04151	0.00766	0.00459	0.07559	0.01673
1.00000	0.42147	0.00881	0.03528	0.42796	0.00474	0.03161	0.03118	0.00265	0.03474	0.00156
1.00000	0.00674	0.00180	0.00414	0.02055	0.56214	0.00868	0.10989	0.01731	0.04220	0.22656
1.00000	0.00397	0.04646	0.22319	0.49326	0.01040	0.03425	0.01054	0.01526	0.15033	0.01233
0.00000	0.03743	0.02857	0.48052	0.17581	0.07826	0.02667	0.07919	0.05638	0.01088	0.02627
1.00000	0.07238	0.02219	0.11321	0.07498	0.00640	0.12736	0.12409	0.04084	0.36334	0.05521
1.00000	0.02005	0.00374	0.11186	0.16492	0.01294	0.08204	0.01714	0.04401	0.47841	0.06489
1.00000	0.99453	0.00007	0.00112	0.00019	0.00008	0.00087	0.00260	0.00003	0.00016	0.00034
1.00000	0.02225	0.00542	0.00115	0.05938	0.00169	0.87597	0.00139	0.00575	0.01879	0.00822
1.00000	0.00356	0.01376	0.04823	0.90559	0.00084	0.00987	0.00171	0.00515	0.01062	0.00067
1.00000	0.01900	0.00706	0.06313	0.00140	0.58807	0.03850	0.08689	0.05077	0.10095	0.04423
1.00000	0.02632	0.08252	0.02511	0.00446	0.66910	0.05716	0.00946	0.01283	0.03704	0.07601
1.00000	0.00410	0.00052	0.00267	0.00544	0.01467	0.00045	0.00103	0.02379	0.02214	0.92520
1.00000	0.02276	0.04258	0.00330	0.02025	0.09517	0.16312	0.06591	0.09583	0.05339	0.43769
1.00000	0.00873	0.01344	0.16097	0.78810	0.00020	0.00113	0.00721	0.00306	0.01552	0.00165
1.00000	0.00329	0.00679	0.03455	0.04436	0.01254	0.06120	0.01031	0.04784	0.02181	0.75732
1.00000	0.02117	0.00956	0.01109	0.00498	0.01940	0.20370	0.01714	0.00225	0.50188	0.20882
1.00000	0.00173	0.00016	0.00033	0.00919	0.05290	0.00204	0.00083	0.00728	0.01657	0.90896
1.00000	0.01932	0.00764	0.00572	0.04133	0.03063	0.03458	0.00838	0.02068	0.76556	0.06617
1.00000	0.98012	0.00061	0.00204	0.00223	0.00032	0.00183	0.00894	0.00008	0.00099	0.00284
1.00000	0.01195	0.74048	0.14682	0.01303	0.01254	0.00988	0.00946	0.01201	0.00527	0.03855
1.00000	0.01089	0.00390	0.00398	0.38107	0.03446	0.03436	0.00264	0.01174	0.36813	0.14883
1.00000	0.98066	0.00089	0.00172	0.00269	0.00006	0.00419	0.00523	0.00046	0.00393	0.00016
1.00000	0.01983	0.02118	0.69853	0.02117	0.10119	0.01382	0.02925	0.01206	0.02155	0.06141
1.00000	0.00111	0.00252	0.00224	0.00394	0.02170	0.00293	0.00034	0.12405	0.06452	0.77665
1.00000	0.00067	0.00063	0.00101	0.00114	0.00399	0.00056	0.00013	0.89302	0.00088	0.09797
1.00000	0.00658	0.00302	0.03479	0.05694	0.00887	0.04174	0.05850	0.00242	0.75176	0.03538
1.00000	0.09848	0.02661	0.02429	0.00247	0.02142	0.03717	0.06885	0.52970	0.09664	0.09437
1.00000	0.94829	0.00006	0.04192	0.00077	0.00009	0.00043	0.00516	0.00112	0.00066	0.00150
1.00000	0.00425	0.00242	0.00052	0.02257	0.04684	0.00460	0.00061	0.06225	0.01626	0.83967
1.00000	0.03607	0.00571	0.19900	0.00857	0.00923	0.00927	0.67253	0.02879	0.00222	0.02861
1.00000	0.00117	0.05163	0.01622	0.01006	0.00156	0.00471	0.00105	0.77779	0.00459	0.13123
1.00000	0.01169	0.00101	0.00480	0.00438	0.77133	0.04955	0.02870	0.00828	0.04597	0.07428
1.00000	0.02545	0.01287	0.01599	0.00543	0.00698	0.00484	0.01666	0.69699	0.00361	0.21117
1.00000	0.02004	0.62677	0.13631	0.01859	0.02607	0.01140	0.02663	0.02411	0.07047	0.03960
1.00000	0.00063	0.00080	0.00094	0.00613	0.05468	0.00677	0.00111	0.02516	0.05281	0.85097
1.00000	0.06886	0.01307	0.58501	0.15668	0.00558	0.01300	0.06983	0.07767	0.00879	0.00152
1.00000	0.18334	0.02150	0.47209	0.05012	0.02048	0.01693	0.06289	0.05201	0.06940	0.05126
1.00000	0.00036	0.00034	0.86690	0.10854	0.00024	0.00031	0.01768	0.00072	0.00461	0.00029
1.00000	0.00050	0.92625	0.00373	0.00179	0.01915	0.00307	0.00544	0.03074	0.00133	0.00800
1.00000	0.00058	0.00446	0.04097	0.03727	0.00994	0.00166	0.00262	0.01304	0.87044	0.01903
1.00000	0.00510	0.01077	0.00740	0.85867	0.00395	0.02170	0.00095	0.03634	0.04917	0.00596
1.00000	0.00241	0.00294	0.06084	0.84365	0.00138	0.01576	0.00143	0.00484	0.05241	0.01434
1.00000	0.00068	0.00106	0.03787	0.89971	0.00019	0.00218	0.00052	0.00019	0.05573	0.00187
1.00000	0.01122	0.00147	0.00703	0.00265	0.02131	0.00830	0.00277	0.85280	0.00253	0.08990
1.00000	0.64898	0.01018	0.09141	0.10792	0.00234	0.00688	0.07677	0.03222	0.00281	0.02048
1.00000	0.17523	0.04190	0.04484	0.00467	0.14477	0.02451	0.09270	0.04515	0.15398	0.27224
1.00000	0.39925	0.08427	0.10732	0.00143	0.05602	0.01097	0.16941	0.06607	0.01243	0.09281
0.00000	0.01646	0.00944	0.04236	0.35751	0.00359	0.03988	0.01696	0.01338	0.43025	0.07017
1.00000	0.00422	0.93073	0.01654	0.00420	0.01451	0.00490	0.00270	0.01724	0.00239	0.00257
1.00000	0.06036	0.03683	0.00348	0.53213	0.00059	0.22398	0.00926	0.02329	0.07323	0.03684
1.00000	0.01832	0.01064	0.00597	0.01622	0.01248	0.05222	0.00554	0.85917	0.00138	0.01806
1.00000	0.05586	0.00144	0.00046	0.01981	0.01486	0.83355	0.02255	0.00078	0.03000	0.02069
0.00000	0.10257	0.39751	0.03774	0.00615	0.00429	0.34716	0.04180	0.00390	0.04764	0.01124
1.00000	0.02676	0.00756	0.01347	0.03094	0.02174	0.00520	0.00200	0.03021	0.78260	0.07950
1.00000	0.00200	0.06658	0.01829	0.01195	0.01990	0.00696	0.00335	0.64543	0.00327	0.22227
1.00000	0.00219	0.00237	0.00695	0.06677	0.00121	0.02850	0.00368	0.04270	0.80540	0.04023
1.00000	0.00168	0.11758	0.01044	0.00240	0.57777	0.00852	0.02530	0.01154	0.05539	0.18937
1.00000	0.03534	0.02662	0.00801	0.07614	0.00398	0.78169	0.00968	0.00493	0.03855	0.01506
1.00000	0.02049	0.00307	0.02953	0.01170	0.81274	0.02987	0.03734	0.02202	0.02466	0.00859
1.00000	0.00597	0.00224	0.86569	0.00487	0.01336	0.00402	0.03975	0.00420	0.05727	0.00264
1.00000	0.00388	0.03653	0.00171	0.01195	0.04662	0.01022	0.01089	0.03714	0.07167	0.76939
1.00000	0.00140	0.93999	0.01611	0.00507	0.01469	0.00282	0.00136	0.01244	0.00179	0.00432
1.00000	0.00198	0.00620	0.00819	0.00741	0.59775	0.05367	0.00217	0.02463	0.01158	0.28641
1.00000	0.03128	0.02166	0.02147	0.09388	0.00610	0.04322	0.00295	0.00658	0.72429	0.04857
1.00000	0.00067	0.00171	0.00046	0.00168	0.03400	0.00833	0.00054	0.00884	0.00744	0.93632
1.00000	0.03882	0.03641	0.00637	0.05564	0.00334	0.62164	0.00182	0.04304	0.13865	0.05427
0.00000	0.02753	0.09952	0.02902	0.15702	0.14060	0.22365	0.04218	0.12241	0.01036	0.14772
1.00000	0.00052	0.00557	0.00336	0.00082	0.00074	0.01211	0.00157	0.00144	0.95138	0.02251
1.00000	0.02415	0.01820	0.18895	0.24091	0.00760	0.03351	0.04298	0.00552	0.43587	0.00230
1.00000	0.86025	0.00199	0.07665	0.00700	0.00105	0.00384	0.02701	0.00109	0.01138	0.00975
1.00000	0.00815	0.00356	0.04234	0.11578	0.03239	0.36122	0.30628	0.00378	0.08323	0.04326
1.00000	0.20566	0.00820	0.46641	0.08293	0.00892	0.02477	0.04385	0.00469	0.14973	0.00484
1.00000	0.12695	0.00112	0.00563	0.01054	0.00737	0.21548	0.58584	0.00149	0.03860	0.00698
1.00000	0.08328	0.01012	0.14141	0.07593	0.00441	0.02450	0.00807	0.45727	0.12432	0.07069
1.00000	0.02934	0.02945	0.02029	0.58902	0.00800	0.04958	0.00680	0.05743	0.08902	0.12108
1.00000	0.00502	0.00072	0.00042	0.00458	0.01617	0.00168	0.00249	0.00413	0.02249	0.94230
1.00000	0.00056	0.00110	0.90235	0.06803	0.00108	0.00606	0.00874	0.00185	0.00876	0.00147
1.00000	0.00631	0.01029	0.02853	0.05342	0.00935	0.01099	0.00093	0.00514	0.84364	0.03139
1.00000	0.01024	0.01045	0.00260	0.00187	0.02692	0.67946	0.08865	0.00400	0.06203	0.11377
0.00000	0.03891	0.01899	0.12245	0.05387	0.11121	0.05934	0.10162	0.20210	0.20032	0.09119
1.00000	0.00086	0.00145	0.00218	0.01544	0.05918	0.00749	0.00056	0.02073	0.04073	0.85137
1.00000	0.00100	0.00056	0.98365	0.00098	0.00036	0.00033	0.00165	0.00561	0.00260	0.00328
1.00000	0.00477	0.00252	0.06523	0.01763	0.00925	0.00309	0.87628	0.00128	0.01850	0.00146
1.00000	0.00250	0.00146	0.00255	0.00578	0.09923	0.01277	0.00305	0.03180	0.00387	0.83699
1.00000	0.00023	0.00831	0.80266	0.07491	0.01997	0.00127	0.04821	0.03281	0.00632	0.00532
1.00000	0.97571	0.00028	0.00977	0.00287	0.00042	0.00159	0.00680	0.00040	0.00131	0.00084
1.00000	0.04974	0.07211	0.19117	0.01045	0.05934	0.07139	0.47664	0.00524	0.03793	0.02598
0.00000	0.00174	0.00037	0.05324	0.09737	0.01287	0.00644	0.00510	0.03953	0.75506	0.02828
1.00000	0.92138	0.00067	0.00104	0.00213	0.00060	0.06227	0.00278	0.00174	0.00691	0.00049
1.00000	0.27428	0.03482	0.06189	0.00214	0.00850	0.12596	0.45146	0.01474	0.00684	0.01936
1.00000	0.63346	0.00346	0.02676	0.07753	0.00150	0.16484	0.01063	0.03011	0.01073	0.04100
1.00000	0.02477	0.01989	0.06257	0.74095	0.00153	0.07134	0.05742	0.00249	0.01147	0.00758
1.00000	0.00065	0.00846	0.91231	0.02251	0.00102	0.00303	0.00478	0.03769	0.00813	0.00142
1.00000	0.00822	0.00231	0.00835	0.00175	0.00075	0.00027	0.97476	0.00044	0.00185	0.00131
1.00000	0.02463	0.04302	0.06062	0.10050	0.06233	0.03873	0.01079	0.10701	0.09093	0.46143
1.00000	0.00063	0.00373	0.00690	0.00200	0.00282	0.00432	0.00008	0.88253	0.00130	0.09568
1.00000	0.00136	0.00071	0.00400	0.00549	0.05384	0.00397	0.01004	0.02104	0.01499	0.88455
1.00000	0.82364	0.00298	0.00766	0.02447	0.00083	0.09975	0.00652	0.00569	0.01038	0.01807
1.00000	0.01540	0.00278	0.01745	0.01700	0.02037	0.00401	0.00433	0.15595	0.02626	0.73646
0.00000	0.19197	0.01179	0.07040	0.43851	0.01156	0.03516	0.01936	0.02968	0.17508	0.01649
1.00000	0.02614	0.00249	0.02719	0.03182	0.01174	0.02247	0.02304	0.07881	0.60466	0.17163
1.00000	0.00819	0.00572	0.22129	0.00118	0.06578	0.00577	0.65729	0.01194	0.00231	0.02053
1.00000	0.01091	0.00600	0.00202	0.02151	0.03128	0.00279	0.00411	0.77034	0.00905	0.14200
1.00000	0.23237	0.00307	0.00334	0.12099	0.00499	0.49322	0.05199	0.00999	0.06346	0.01657
1.00000	0.90500	0.00247	0.00937	0.00816	0.00019	0.03553	0.02478	0.00487	0.00808	0.00154
1.00000	0.00503	0.91017	0.03154	0.02313	0.00316	0.00447	0.01248	0.00435	0.00205	0.00362
0.00000	0.44025	0.04727	0.05484	0.20976	0.00221	0.12648	0.07384	0.00296	0.01723	0.02516
1.00000	0.05278	0.00358	0.68634	0.04289	0.02169	0.01976	0.01865	0.01697	0.04258	0.09476
1.00000	0.02588	0.00055	0.00047	0.01064	0.00600	0.83119	0.03131	0.00751	0.08454	0.00190
1.00000	0.00664	0.00950	0.03770	0.04378	0.48120	0.02554	0.04587	0.02996	0.01603	0.30378
1.00000	0.00775	0.03203	0.01747	0.01076	0.06725	0.00656	0.00532	0.78175	0.02105	0.05007
1.00000	0.02194	0.03263	0.42225	0.22695	0.00157	0.00778	0.04885	0.04213	0.17066	0.02525
1.00000	0.00071	0.00041	0.04910	0.05110	0.00469	0.04971	0.01477	0.00453	0.81729	0.00770
1.00000	0.00246	0.00005	0.00398	0.00051	0.00032	0.00306	0.98276	0.00124	0.00275	0.00288
1.00000	0.03867	0.00093	0.05591	0.00687	0.02952	0.00461	0.63928	0.00735	0.08885	0.12800
1.00000	0.00227	0.92439	0.01767	0.00105	0.01085	0.00710	0.00061	0.03377	0.00023	0.00206
0.00000	0.43700	0.01226	0.23514	0.06062	0.00383	0.01918	0.08985	0.04981	0.03405	0.05824
1.00000	0.00041	0.00149	0.00030	0.00129	0.00202	0.00047	0.00006	0.94910	0.00032	0.04454
1.00000	0.00909	0.00433	0.63497	0.01999	0.07874	0.04919	0.03086	0.04302	0.09847	0.03134
1.00000	0.19357	0.00818	0.30477	0.19336	0.00298	0.00322	0.02453	0.00056	0.26610	0.00273
1.00000	0.17859	0.00283	0.05695	0.08586	0.01628	0.38860	0.07434	0.02719	0.16048	0.00889
1.00000	0.00033	0.00015	0.00027	0.00016	0.00150	0.00056	0.00010	0.97703	0.00504	0.01486
1.00000	0.12812	0.00222	0.00904	0.04673	0.00128	0.03560	0.73777	0.00173	0.02879	0.00872
1.00000	0.87680	0.00185	0.06880	0.00355	0.00614	0.00075	0.02986	0.00434	0.00154	0.00638
1.00000	0.00393	0.00918	0.01061	0.76241	0.00200	0.03129	0.02482	0.00193	0.05640	0.09743
1.00000	0.00066	0.00041	0.00051	0.00094	0.75526	0.00051	0.00181	0.00403	0.05155	0.18431
1.00000	0.00206	0.00333	0.97278	0.00260	0.00456	0.00060	0.00734	0.00053	0.00159	0.00461
1.00000	0.02972	0.02255	0.01912	0.01375	0.52029	0.02057	0.10555	0.02483	0.07704	0.16658
1.00000	0.04079	0.01487	0.00761	0.20981	0.00039	0.61133	0.00267	0.00634	0.09122	0.01496
1.00000	0.01171	0.83087	0.04353	0.00772	0.02013	0.01289	0.05552	0.00292	0.00433	0.01038
1.00000	0.02457	0.05169	0.09305	0.04675	0.09672	0.02704	0.00248	0.47752	0.04264	0.13753
1.00000	0.00404	0.01559	0.21230	0.03607	0.03342	0.02434	0.11112	0.02206	0.51445	0.02661
1.00000	0.71613	0.00379	0.11250	0.01487	0.03279	0.00419	0.10300	0.00177	0.00693	0.00403
1.00000	0.00087	0.93518	0.00465	0.00401	0.01544	0.00307	0.00288	0.02693	0.00211	0.00486
1.00000	0.01669	0.00667	0.07059	0.05769	0.76682	0.00661	0.01524	0.01534	0.02063	0.02372
1.00000	0.00282	0.00106	0.00252	0.02830	0.74484	0.00557	0.01246	0.12276	0.00932	0.07036
1.00000	0.02588	0.01510	0.00290	0.00150	0.01191	0.81070	0.00293	0.00345	0.08852	0.03712
1.00000	0.03180	0.01064	0.00489	0.01267	0.03976	0.47521	0.01917	0.16491	0.17927	0.06168
1.00000	0.00422	0.00057	0.00299	0.00175	0.06196	0.00539	0.00696	0.00804	0.03587	0.87224
1.00000	0.77768	0.00693	0.05318	0.01583	0.01410	0.00301	0.04605	0.00752	0.02371	0.05199
1.00000	0.00147	0.00035	0.98465	0.00273	0.00022	0.00032	0.00928	0.00006	0.00065	0.00028
1.00000	0.00472	0.81074	0.01244	0.04987	0.01922	0.00410	0.00768	0.01850	0.03211	0.04064
1.00000	0.01826	0.00172	0.01956	0.03609	0.79204	0.00174	0.08285	0.01280	0.00874	0.02620
1.00000	0.86270	0.00322	0.03964	0.02036	0.00175	0.00321	0.02179	0.01380	0.01833	0.01522
1.00000	0.00213	0.00046	0.00077	0.00121	0.00175	0.00134	0.00099	0.91668	0.00074	0.07392
1.00000	0.00822	0.04896	0.14896	0.02907	0.12031	0.03740	0.13577	0.02888	0.32622	0.11620
1.00000	0.11077	0.01455	0.00695	0.16062	0.05707	0.27058	0.03647	0.05560	0.11160	0.17579
0.00000	0.02047	0.27457	0.01923	0.00874	0.05394	0.11769	0.00401	0.14719	0.10053	0.25364
1.00000	0.00413	0.01635	0.01416	0.00528	0.10432	0.00565	0.00306	0.01857	0.15075	0.67773
1.00000	0.15160	0.00339	0.00549	0.15500	0.01311	0.37599	0.04120	0.01030	0.21102	0.03290
0.00000	0.04847	0.04851	0.00859	0.27234	0.01842	0.16275	0.04958	0.01338	0.25733	0.12063
1.00000	0.00156	0.00059	0.00396	0.00256	0.83367	0.00460	0.00493	0.04398	0.00451	0.09963
1.00000	0.00148	0.00269	0.00616	0.04768	0.03143	0.00287	0.00291	0.69786	0.00550	0.20141
1.00000	0.00250	0.86642	0.00953	0.01329	0.04010	0.00349	0.00104	0.05535	0.00128	0.00699
1.00000	0.00630	0.00387	0.00147	0.00113	0.00950	0.00965	0.02061	0.84734	0.01508	0.08505
1.00000	0.00439	0.03182	0.05157	0.02340	0.00218	0.01944	0.00043	0.75027	0.01263	0.10386
1.00000	0.02210	0.02256	0.73060	0.12276	0.00114	0.00561	0.05785	0.01107	0.02406	0.00225
1.00000	0.00102	0.00076	0.99661	0.00045	0.00008	0.00011	0.00004	0.00053	0.00013	0.00027
1.00000	0.00572	0.95166	0.00873	0.00096	0.01291	0.00581	0.00063	0.01129	0.00015	0.00214
1.00000	0.00149	0.91776	0.02058	0.00202	0.04163	0.00143	0.00165	0.00744	0.00132	0.00470
1.00000	0.04290	0.00136	0.00258	0.00191	0.02560	0.02547	0.00255	0.00197	0.00714	0.88853
1.00000	0.01579	0.88060	0.00850	0.00138	0.02835	0.02691	0.00067	0.03373	0.00042	0.00364
1.00000	0.73978	0.00584	0.06099	0.00294	0.01464	0.02599	0.09182	0.02666	0.00342	0.02792
1.00000	0.00013	0.00009	0.00313	0.00204	0.00352	0.02071	0.00031	0.00061	0.96617	0.00328
1.00000	0.94368	0.00223	0.00341	0.00270	0.00012	0.00523	0.02745	0.00025	0.00719	0.00774
1.00000	0.00263	0.00034	0.00528	0.00671	0.90092	0.00823	0.03865	0.00907	0.01293	0.01525
1.00000	0.00487	0.05145	0.03155	0.06080	0.54530	0.00795	0.05600	0.00955	0.02523	0.20730
1.00000	0.23251	0.00113	0.63497	0.00945	0.00397	0.00454	0.09747	0.00046	0.01335	0.00215
1.00000	0.02498	0.00587	0.03691	0.77431	0.00696	0.05408	0.00613	0.01064	0.07084	0.00927
1.00000	0.00142	0.00107	0.00210	0.00508	0.00132	0.00075	0.00024	0.94887	0.00047	0.03867
1.00000	0.81478	0.00340	0.06171	0.04194	0.00381	0.01195	0.03089	0.00672	0.00833	0.01648
1.00000	0.00065	0.00018	0.00308	0.00052	0.00090	0.00137	0.99099	0.00023	0.00134	0.00073
1.00000	0.00143	0.00083	0.00438	0.01558	0.71537	0.01767	0.00295	0.01175	0.01589	0.21415
1.00000	0.00248	0.01192	0.01552	0.04607	0.00423	0.00292	0.00026	0.77243	0.02336	0.12081
1.00000	0.07063	0.02030	0.21098	0.14262	0.01692	0.00653	0.00598	0.03809	0.40811	0.07985
1.00000	0.00141	0.90977	0.01793	0.00130	0.03565	0.00354	0.00098	0.02115	0.00086	0.00740
1.00000	0.00737	0.22925	0.05264	0.41647	0.07157	0.05838	0.00243	0.01670	0.04722	0.09798
1.00000	0.00135	0.03246	0.02532	0.44826	0.00269	0.01485	0.00101	0.06095	0.36107	0.05204
1.00000	0.00367	0.00797	0.87610	0.01245	0.00604	0.00279	0.00565	0.00764	0.07610	0.00159
1.00000	0.00407	0.00910	0.95664	0.00094	0.00231	0.00230	0.01849	0.00113	0.00370	0.00132
1.00000	0.06036	0.00439	0.47475	0.09647	0.00111	0.03344	0.03428	0.05983	0.22134	0.01403
1.00000	0.92970	0.00019	0.00297	0.00655	0.00006	0.00173	0.05588	0.00041	0.00212	0.00039
1.00000	0.00425	0.00180	0.90776	0.01639	0.00676	0.00589	0.02077	0.00326	0.01478	0.01833
1.00000	0.01167	0.00972	0.00400	0.87867	0.00024	0.08266	0.00410	0.00079	0.00719	0.00094
1.00000	0.00516	0.00311	0.04751	0.05247	0.01410	0.16491	0.06192	0.03534	0.60598	0.00950
1.00000	0.05048	0.00275	0.08942	0.00197	0.00528	0.00309	0.84344	0.00161	0.00091	0.00105
1.00000	0.00229	0.00391	0.01288	0.00761	0.03719	0.02039	0.00128	0.00960	0.03699	0.86787
0.00000	0.01896	0.16563	0.05790	0.12394	0.06750	0.05063	0.00265	0.26094	0.04001	0.21183
1.00000	0.00228	0.01483	0.16669	0.08626	0.13523	0.05670	0.46272	0.00685	0.00865	0.05977
1.00000	0.04796	0.00315	0.00320	0.08483	0.00078	0.04904	0.00139	0.00460	0.78174	0.02331
1.00000	0.03473	0.00071	0.00916	0.03024	0.00237	0.83054	0.06549	0.00046	0.02519	0.00112
1.00000	0.02669	0.04134	0.23545	0.06313	0.24536	0.00552	0.16593	0.00314	0.17026	0.04320
1.00000	0.05788	0.00884	0.03742	0.00353	0.06062	0.00371	0.04207	0.02170	0.01925	0.74498
1.00000	0.00097	0.01068	0.00229	0.00090	0.00488	0.03115	0.00028	0.79491	0.00078	0.15316
1.00000	0.00970	0.11583	0.79053	0.05966	0.00054	0.00086	0.00974	0.00329	0.00908	0.00076
1.00000	0.00056	0.00095	0.00238	0.00168	0.00063	0.00203	0.00017	0.96426	0.00086	0.02649
1.00000	0.02244	0.00593	0.05361	0.00509	0.00442	0.01375	0.00883	0.02635	0.82701	0.03257
0.00000	0.01236	0.00436	0.00772	0.33630	0.00604	0.05744	0.00103	0.01534	0.44420	0.11522
1.00000	0.09363	0.00500	0.03584	0.08563	0.00799	0.58746	0.08112	0.00065	0.09716	0.00552
1.00000	0.48397	0.01209	0.07552	0.01303	0.01915	0.01404	0.21082	0.01529	0.11536	0.04073
0.00000	0.01038	0.08311	0.38403	0.10605	0.00266	0.00125	0.00237	0.30418	0.03142	0.07454
1.00000	0.00050	0.00123	0.00181	0.00322	0.74607	0.00507	0.00091	0.01728	0.02960	0.19431
1.00000	0.04206	0.00502	0.01007	0.00660	0.03101	0.00688	0.00503	0.01249	0.02116	0.85967
1.00000	0.00630	0.04279	0.10664	0.58086	0.04526	0.15581	0.00605	0.00507	0.03073	0.02049
1.00000	0.08458	0.00523	0.00608	0.21529	0.01500	0.52877	0.01891	0.00387	0.09737	0.02491
1.00000	0.01098	0.00129	0.00271	0.00710	0.83871	0.05631	0.01061	0.05169	0.00610	0.01450
1.00000	0.04546	0.00884	0.38498	0.40238	0.00226	0.02508	0.04559	0.02020	0.06224	0.00295
1.00000	0.96840	0.00049	0.01030	0.00607	0.00096	0.00246	0.00227	0.00060	0.00431	0.00413
1.00000	0.00245	0.01293	0.82497	0.13687	0.00036	0.00100	0.00664	0.00282	0.01093	0.00102
1.00000	0.04428	0.00481	0.27312	0.01536	0.08185	0.04028	0.03911	0.01396	0.00717	0.48005
1.00000	0.18986	0.00569	0.04712	0.56444	0.00288	0.05883	0.08027	0.00081	0.04650	0.00359
1.00000	0.00256	0.90407	0.01966	0.00048	0.03709	0.00467	0.00058	0.02865	0.00042	0.00183
1.00000	0.04584	0.00086	0.02642	0.00369	0.00057	0.06294	0.83915	0.00081	0.01508	0.00465
1.00000	0.00181	0.00038	0.00027	0.00641	0.07478	0.00649	0.00073	0.01676	0.02138	0.87099
1.00000	0.00038	0.83079	0.00875	0.00926	0.04734	0.00469	0.00557	0.07966	0.00307	0.01048
1.00000	0.00227	0.00074	0.00027	0.02075	0.04122	0.00210	0.00031	0.06001	0.01292	0.85941
1.00000	0.04025	0.00820	0.02588	0.84856	0.00354	0.03072	0.00859	0.00040	0.02403	0.00983
0.00000	0.57692	0.00306	0.23750	0.05995	0.00171	0.01223	0.04105	0.03865	0.01890	0.01003
1.00000	0.00901	0.00428	0.04250	0.02398	0.67266	0.01213	0.06300	0.01842	0.01036	0.14365
1.00000	0.00134	0.01093	0.00030	0.00208	0.57911	0.02147	0.00092	0.04925	0.00597	0.32862
1.00000	0.02595	0.02821	0.07569	0.77654	0.00271	0.02897	0.00111	0.02716	0.03137	0.00229
1.00000	0.96343	0.00120	0.00122	0.00803	0.00143	0.00342	0.00169	0.00342	0.00197	0.01418
1.00000	0.01305	0.01477	0.04234	0.04236	0.63797	0.00618	0.06535	0.04769	0.06138	0.06890
1.00000	0.04451	0.00111	0.01448	0.00740	0.68236	0.04550	0.06749	0.01283	0.03341	0.09092
1.00000	0.00714	0.74643	0.04002	0.02034	0.00391	0.04354	0.00186	0.11374	0.00905	0.01397
1.00000	0.05194	0.02690	0.02527	0.33569	0.00422	0.07435	0.05758	0.09822	0.23496	0.09088
1.00000	0.50851	0.02428	0.12003	0.06310	0.00807	0.05525	0.11136	0.01366	0.06154	0.03420
1.00000	0.00183	0.00165	0.00439	0.00720	0.02118	0.01425	0.00124	0.00542	0.01330	0.92955
1.00000	0.00212	0.00362	0.00043	0.01206	0.09894	0.00535	0.00130	0.00190	0.04184	0.83244
1.00000	0.08329	0.12567	0.13495	0.00598	0.03825	0.09280	0.45217	0.01125	0.04260	0.01304
1.00000	0.00215	0.00146	0.06509	0.03501	0.00072	0.00258	0.00593	0.01797	0.86429	0.00480
1.00000	0.00387	0.01030	0.56515	0.28088	0.00795	0.01299	0.00654	0.03329	0.07762	0.00141
1.00000	0.09275	0.01854	0.00587	0.18255	0.09845	0.12091	0.01169	0.02600	0.08545	0.35779
1.00000	0.00307	0.25126	0.00683	0.00322	0.19856	0.01298	0.00156	0.31972	0.01184	0.19096
1.00000	0.09596	0.00282	0.04252	0.08042	0.00048	0.58766	0.07959	0.00292	0.10258	0.00504
1.00000	0.00643	0.00442	0.13102	0.19527	0.11337	0.00550	0.06517	0.25894	0.10060	0.11929
1.00000	0.00264	0.03796	0.01431	0.00235	0.00792	0.02035	0.00228	0.00558	0.82919	0.07742
1.00000	0.03501	0.00896	0.01754	0.04781	0.07193	0.00465	0.01391	0.12807	0.16796	0.50417
1.00000	0.00337	0.00212	0.77115	0.02055	0.04927	0.00559	0.01437	0.00260	0.08696	0.04402
1.00000	0.07732	0.03308	0.05458	0.00244	0.01919	0.69344	0.02878	0.01021	0.07117	0.00979
1.00000	0.00774	0.00076	0.83831	0.09019	0.00170	0.00079	0.04320	0.00239	0.00579	0.00912
1.00000	0.09775	0.02967	0.05634	0.46934	0.02573	0.08763	0.07091	0.05772	0.07974	0.02517
1.00000	0.01483	0.01291	0.02962	0.00209	0.02433	0.07316	0.03697	0.04906	0.70135	0.05567
1.00000	0.02008	0.00402	0.45885	0.13965	0.00140	0.01023	0.00983	0.00694	0.33863	0.01037
1.00000	0.00569	0.00512	0.09156	0.76682	0.00188	0.00756	0.00528	0.02077	0.09323	0.00209
1.00000	0.00181	0.00100	0.00446	0.00685	0.06976	0.00337	0.00275	0.01176	0.07223	0.82602
1.00000	0.00018	0.00007	0.02536	0.00005	0.00157	0.00089	0.96969	0.00122	0.00009	0.00087
1.00000	0.00107	0.01892	0.01694	0.00199	0.04192	0.00213	0.00016	0.81390	0.00206	0.10090
1.00000	0.95662	0.00024	0.00246	0.02570	0.00221	0.00157	0.00636	0.00035	0.00341	0.00107
1.00000	0.96395	0.00033	0.00707	0.01867	0.00015	0.00324	0.00514	0.00080	0.00041	0.00025
1.00000	0.00479	0.00619	0.05494	0.01016	0.05339	0.74832	0.02854	0.04079	0.01642	0.03645
1.00000	0.00951	0.00469	0.86215	0.01498	0.00027	0.00501	0.08266	0.00080	0.01889	0.00103
1.00000	0.00664	0.00479	0.08882	0.83826	0.00110	0.00525	0.00908	0.00449	0.04040	0.00117
1.00000	0.00814	0.00433	0.74337	0.03763	0.01696	0.01195	0.02090	0.03784	0.09664	0.02224
1.00000	0.05355	0.02782	0.00415	0.00219	0.00185	0.75464	0.00923	0.00130	0.12804	0.01723
1.00000	0.00285	0.88941	0.01057	0.00684	0.01611	0.02533	0.01955	0.01401	0.00242	0.01292
1.00000	0.71471	0.02381	0.10624	0.01314	0.00914	0.01007	0.09694	0.00250	0.00374	0.01971
1.00000	0.01466	0.01027	0.23124	0.24731	0.00288	0.00704	0.00514	0.35520	0.10894	0.01732
1.00000	0.01401	0.00851	0.03615	0.01804	0.02351	0.00630	0.01512	0.00215	0.84226	0.03394
0.00000	0.00132	0.01766	0.00888	0.01686	0.23736	0.00980	0.01248	0.03500	0.02066	0.63998
1.00000	0.07106	0.00603	0.01929	0.01644	0.47117	0.02199	0.06344	0.02249	0.04485	0.26323
1.00000	0.00262	0.00863	0.53769	0.10623	0.00290	0.00909	0.01231	0.01355	0.30585	0.00112
1.00000	0.00215	0.01419	0.90723	0.02628	0.00284	0.00084	0.01705	0.00088	0.02687	0.00167
1.00000	0.00980	0.00923	0.04129	0.37311	0.04404	0.02663	0.01383	0.01625	0.40335	0.06246
