1.00000	0.00033	0.96484	0.00181	0.00056	0.00181	0.02458	0.00113	0.00047	0.00071	0.00376
1.00000	0.00060	0.00036	0.00027	0.00246	0.00109	0.00112	0.00010	0.97581	0.00047	0.01772
1.00000	0.88866	0.00301	0.02156	0.00495	0.00173	0.03131	0.02281	0.00310	0.00957	0.01332
1.00000	0.05326	0.00222	0.00814	0.06563	0.01240	0.78706	0.01594	0.00173	0.03847	0.01516
1.00000	0.01441	0.00471	0.00102	0.00745	0.81305	0.01677	0.00409	0.03068	0.00610	0.10171
0.00000	0.00141	0.05802	0.03854	0.01215	0.17293	0.04893	0.00386	0.22607	0.00986	0.42824
1.00000	0.00829	0.00053	0.00026	0.00463	0.00027	0.96517	0.00427	0.00024	0.01409	0.00225
1.00000	0.15772	0.04238	0.42246	0.03131	0.10705	0.05770	0.16796	0.00573	0.00364	0.00405
0.00000	0.00047	0.00273	0.01947	0.01770	0.13456	0.01052	0.00312	0.12782	0.01819	0.66542
1.00000	0.02910	0.03596	0.01452	0.01523	0.33065	0.08267	0.01286	0.04319	0.05405	0.38175
1.00000	0.00204	0.81281	0.00614	0.02880	0.02461	0.00728	0.00191	0.08944	0.00920	0.01777
1.00000	0.00325	0.00017	0.89075	0.00028	0.01295	0.00039	0.08862	0.00195	0.00132	0.00032
1.00000	0.00426	0.06292	0.01046	0.00560	0.65570	0.04620	0.00278	0.01118	0.01196	0.18894
1.00000	0.00139	0.95178	0.00396	0.00486	0.00586	0.01428	0.00084	0.00661	0.00260	0.00783
1.00000	0.00871	0.68916	0.02154	0.01330	0.01242	0.03978	0.00215	0.15064	0.04732	0.01499
1.00000	0.00849	0.00945	0.13161	0.30732	0.08135	0.08323	0.03143	0.13041	0.04323	0.17348
1.00000	0.00146	0.92081	0.01022	0.00337	0.00341	0.00280	0.00066	0.04394	0.00182	0.01152
1.00000	0.03352	0.00166	0.01094	0.04924	0.00308	0.04552	0.83913	0.00079	0.01294	0.00319
1.00000	0.00012	0.00213	0.00050	0.00019	0.96316	0.00261	0.00093	0.00235	0.00198	0.02603
1.00000	0.00480	0.00254	0.01289	0.00380	0.08722	0.00325	0.00127	0.03459	0.02096	0.82869
1.00000	0.00644	0.00549	0.01568	0.81680	0.01416	0.07089	0.01195	0.00216	0.04829	0.00814
1.00000	0.00133	0.00095	0.00305	0.01457	0.69720	0.00077	0.00364	0.00745	0.07099	0.20005
1.00000	0.00010	0.00004	0.00013	0.00179	0.04786	0.00030	0.00027	0.00550	0.00171	0.94231
1.00000	0.06182	0.00224	0.10843	0.12316	0.01555	0.03926	0.02669	0.00641	0.56492	0.05151
1.00000	0.00044	0.00020	0.00078	0.00115	0.03018	0.00813	0.00092	0.01000	0.15443	0.79375
1.00000	0.67381	0.01707	0.06093	0.01535	0.01576	0.02653	0.16610	0.00537	0.01518	0.00390
1.00000	0.00705	0.00071	0.00131	0.00217	0.00811	0.01709	0.00060	0.79621	0.00593	0.16081
1.00000	0.06151	0.00154	0.01997	0.01632	0.00439	0.00224	0.83051	0.00521	0.04807	0.01025
1.00000	0.00799	0.05402	0.06892	0.01412	0.05804	0.25232	0.04221	0.01174	0.42048	0.07015
1.00000	0.02848	0.00013	0.02736	0.00090	0.00194	0.00404	0.93516	0.00025	0.00024	0.00150
1.00000	0.01851	0.49578	0.02940	0.01717	0.05275	0.01749	0.01107	0.11952	0.20249	0.03582
1.00000	0.01411	0.00199	0.01586	0.85885	0.00344	0.05680	0.00123	0.00105	0.04586	0.00080
1.00000	0.00387	0.84079	0.01189	0.00581	0.00142	0.01408	0.00750	0.01280	0.07148	0.03036
1.00000	0.02290	0.01658	0.06979	0.01679	0.46451	0.02519	0.12258	0.07433	0.08875	0.09858
1.00000	0.00117	0.00103	0.01288	0.00372	0.00282	0.00136	0.94532	0.01978	0.00144	0.01047
1.00000	0.01036	0.05626	0.65670	0.07082	0.01269	0.04309	0.08405	0.00314	0.04335	0.01952
1.00000	0.00084	0.03532	0.00854	0.02148	0.11306	0.16198	0.03656	0.02030	0.51437	0.08755
1.00000	0.77664	0.00449	0.04458	0.03067	0.03661	0.00481	0.04026	0.01879	0.00402	0.03914
0.00000	0.00899	0.11072	0.06795	0.00593	0.31471	0.13343	0.01019	0.02861	0.00198	0.31748
1.00000	0.00864	0.00657	0.53003	0.01937	0.00635	0.00382	0.02282	0.05366	0.18723	0.16152
1.00000	0.10856	0.00141	0.05639	0.60956	0.00326	0.08177	0.02268	0.01260	0.09942	0.00436
1.00000	0.00094	0.00098	0.89232	0.00426	0.00181	0.00347	0.03287	0.00547	0.05717	0.00072
1.00000	0.96548	0.00145	0.00839	0.00067	0.00049	0.00899	0.00714	0.00121	0.00562	0.00056
1.00000	0.00269	0.00276	0.05003	0.00923	0.11768	0.02319	0.01968	0.01879	0.00791	0.74804
1.00000	0.04234	0.00464	0.58420	0.22246	0.01034	0.01315	0.00939	0.00372	0.10829	0.00147
1.00000	0.00077	0.97264	0.00576	0.00355	0.00237	0.00249	0.00177	0.00186	0.00509	0.00369
1.00000	0.04812	0.01406	0.09564	0.66860	0.01054	0.01929	0.03643	0.05824	0.02211	0.02696
1.00000	0.00293	0.01010	0.03972	0.77049	0.00705	0.00899	0.00063	0.03895	0.10992	0.01122
0.00000	0.00037	0.00208	0.00200	0.45957	0.01095	0.03828	0.00023	0.00566	0.45510	0.02576
1.00000	0.02125	0.00563	0.05145	0.16950	0.01655	0.55677	0.06538	0.02537	0.07014	0.01796
1.00000	0.01204	0.01198	0.05770	0.00629	0.32320	0.02408	0.06597	0.03528	0.24547	0.21798
1.00000	0.04667	0.00077	0.00554	0.02163	0.00399	0.03177	0.86901	0.00080	0.00837	0.01145
1.00000	0.00409	0.07806	0.02538	0.03619	0.01083	0.00756	0.00024	0.71445	0.04086	0.08233
1.00000	0.02732	0.01529	0.01843	0.04986	0.01502	0.07322	0.01094	0.67269	0.00327	0.11397
1.00000	0.11924	0.00166	0.01628	0.06413	0.00347	0.74200	0.00608	0.00654	0.03461	0.00599
1.00000	0.00711	0.03437	0.01906	0.00317	0.11739	0.01359	0.00116	0.01127	0.01634	0.77652
1.00000	0.00051	0.00222	0.00478	0.00053	0.81652	0.00532	0.00191	0.00883	0.01126	0.14813
1.00000	0.00775	0.00213	0.03871	0.06238	0.64674	0.03468	0.01986	0.04549	0.01544	0.12682
1.00000	0.72151	0.00920	0.03189	0.01839	0.05311	0.01368	0.05086	0.04292	0.04085	0.01760
1.00000	0.01065	0.00130	0.03301	0.02068	0.05311	0.07335	0.00949	0.04026	0.43926	0.31888
1.00000	0.00641	0.01205	0.02756	0.04932	0.07298	0.49987	0.08826	0.00387	0.07595	0.16373
1.00000	0.47176	0.01101	0.05052	0.06032	0.04156	0.07725	0.07917	0.05888	0.00685	0.14269
1.00000	0.03405	0.00149	0.03423	0.00155	0.51302	0.05370	0.02336	0.01617	0.01465	0.30780
1.00000	0.00018	0.00032	0.00058	0.00139	0.02030	0.00372	0.00015	0.01861	0.00096	0.95378
1.00000	0.00100	0.00119	0.00271	0.04632	0.00256	0.00238	0.00073	0.93399	0.00116	0.00796
1.00000	0.00272	0.00467	0.00162	0.00263	0.01404	0.01058	0.00024	0.89663	0.00387	0.06300
1.00000	0.00889	0.00609	0.15089	0.01604	0.05365	0.01118	0.02112	0.08446	0.01974	0.62794
1.00000	0.00294	0.00697	0.00155	0.00841	0.00619	0.00528	0.00224	0.93301	0.02018	0.01322
1.00000	0.00040	0.00103	0.00038	0.01426	0.01894	0.00490	0.00059	0.07758	0.00396	0.87797
1.00000	0.03209	0.00671	0.18348	0.08429	0.06225	0.00590	0.56910	0.01741	0.01456	0.02420
1.00000	0.83230	0.00132	0.01296	0.04121	0.00218	0.03154	0.01995	0.00347	0.03754	0.01752
1.00000	0.06922	0.00298	0.00850	0.30350	0.00673	0.41406	0.05573	0.03538	0.02650	0.07739
1.00000	0.00493	0.00362	0.00576	0.04970	0.00341	0.86086	0.00291	0.00837	0.03056	0.02989
1.00000	0.02313	0.00452	0.14490	0.00805	0.06776	0.00702	0.64708	0.01165	0.02834	0.05754
1.00000	0.00580	0.00162	0.05176	0.00059	0.03467	0.03899	0.80770	0.00045	0.03869	0.01973
1.00000	0.01417	0.03502	0.08345	0.01487	0.07755	0.66249	0.01493	0.03349	0.05378	0.01025
1.00000	0.00226	0.00770	0.01471	0.02107	0.04989	0.01433	0.00062	0.45400	0.17288	0.26255
1.00000	0.33764	0.03433	0.04289	0.07916	0.02574	0.18737	0.01413	0.20538	0.00563	0.06773
1.00000	0.00183	0.00180	0.00036	0.00070	0.00482	0.00874	0.00387	0.92235	0.00547	0.05007
1.00000	0.01127	0.02172	0.00564	0.04876	0.03547	0.69421	0.00636	0.05934	0.08202	0.03520
1.00000	0.00094	0.00366	0.00182	0.00328	0.11722	0.00890	0.00043	0.03842	0.00763	0.81770
1.00000	0.00899	0.01049	0.02207	0.03380	0.64040	0.02298	0.04971	0.02835	0.01762	0.16559
1.00000	0.00751	0.00202	0.01563	0.01278	0.88704	0.01233	0.00203	0.01165	0.02611	0.02289
1.00000	0.00307	0.00031	0.00567	0.00042	0.12762	0.00102	0.00363	0.02006	0.00796	0.83024
1.00000	0.00079	0.00095	0.98409	0.00262	0.00016	0.00016	0.00658	0.00132	0.00217	0.00117
1.00000	0.92368	0.00101	0.03678	0.00489	0.00043	0.01204	0.00955	0.00156	0.00576	0.00429
1.00000	0.00446	0.00163	0.72382	0.05829	0.00749	0.00984	0.12628	0.00575	0.04483	0.01762
0.00000	0.00365	0.00117	0.00024	0.00081	0.05456	0.00288	0.00260	0.33705	0.00098	0.59605
1.00000	0.00088	0.92519	0.02442	0.00535	0.00322	0.01206	0.00221	0.01526	0.00111	0.01031
1.00000	0.02869	0.04571	0.03859	0.57597	0.00234	0.13053	0.03043	0.00621	0.11119	0.03032
1.00000	0.00627	0.00138	0.91769	0.00383	0.00483	0.00086	0.04923	0.00184	0.00355	0.01053
1.00000	0.72885	0.00363	0.08533	0.02009	0.03376	0.00680	0.03241	0.00582	0.00133	0.08199
1.00000	0.01632	0.00037	0.03643	0.00053	0.00472	0.00392	0.93117	0.00056	0.00042	0.00555
1.00000	0.00216	0.83169	0.01380	0.01059	0.00710	0.00394	0.00520	0.08501	0.01685	0.02367
1.00000	0.00062	0.00011	0.00200	0.00115	0.00086	0.00719	0.00333	0.95902	0.01033	0.01540
1.00000	0.00950	0.00483	0.01353	0.00511	0.06836	0.06449	0.01053	0.59527	0.03547	0.19292
0.00000	0.05997	0.00612	0.00758	0.03539	0.30217	0.04993	0.01987	0.26850	0.03659	0.21388
0.00000	0.00223	0.00148	0.00103	0.00091	0.12083	0.00648	0.00510	0.01118	0.09514	0.75563
1.00000	0.01331	0.00276	0.02969	0.01338	0.75683	0.00716	0.01784	0.04652	0.00977	0.10274
1.00000	0.01055	0.00037	0.00023	0.00385	0.00763	0.00632	0.00034	0.92055	0.00906	0.04110
1.00000	0.00150	0.09597	0.04995	0.01852	0.07062	0.07237	0.01216	0.42399	0.09410	0.16083
1.00000	0.00570	0.02119	0.06129	0.00344	0.30222	0.01189	0.50223	0.01933	0.00604	0.06667
1.00000	0.00023	0.00005	0.00424	0.02100	0.00017	0.00041	0.00005	0.00071	0.96287	0.01026
0.00000	0.03693	0.02171	0.09972	0.02067	0.46049	0.00790	0.07853	0.17965	0.02423	0.07018
1.00000	0.07002	0.00744	0.38207	0.17147	0.01734	0.02409	0.11328	0.00766	0.19796	0.00867
1.00000	0.03385	0.00167	0.01353	0.00416	0.00140	0.80297	0.00688	0.00178	0.13271	0.00104
1.00000	0.06794	0.00451	0.08490	0.00446	0.65330	0.07374	0.04650	0.00828	0.01587	0.04050
1.00000	0.07627	0.00863	0.05173	0.74101	0.01525	0.04808	0.01655	0.02539	0.01488	0.00222
1.00000	0.00077	0.00725	0.00624	0.00138	0.68072	0.01161	0.00112	0.00519	0.00165	0.28407
1.00000	0.00101	0.00026	0.00011	0.00121	0.00095	0.00231	0.00014	0.93475	0.00918	0.05009
0.00000	0.16783	0.02395	0.14530	0.09671	0.06203	0.08030	0.09047	0.13622	0.01417	0.18302
1.00000	0.00239	0.00023	0.00785	0.00559	0.00101	0.00022	0.00100	0.01021	0.93848	0.03303
1.00000	0.00079	0.00129	0.00278	0.00503	0.00733	0.00554	0.00262	0.00328	0.93398	0.03736
1.00000	0.00075	0.07633	0.00381	0.01074	0.00601	0.00985	0.00081	0.68545	0.04845	0.15780
1.00000	0.00582	0.81288	0.02181	0.01275	0.00545	0.03986	0.00478	0.01218	0.04867	0.03579
1.00000	0.06714	0.00199	0.07861	0.69180	0.00135	0.08711	0.03150	0.00904	0.02762	0.00382
1.00000	0.00516	0.00028	0.01824	0.00053	0.02232	0.00754	0.94021	0.00208	0.00113	0.00251
1.00000	0.00014	0.00003	0.00228	0.00025	0.03302	0.00049	0.00086	0.00584	0.03445	0.92267
1.00000	0.00055	0.86100	0.00830	0.00178	0.00554	0.00842	0.00211	0.06297	0.01636	0.03296
1.00000	0.00278	0.01158	0.00152	0.01900	0.01701	0.00746	0.00496	0.85591	0.00382	0.07595
1.00000	0.00177	0.00438	0.07487	0.00376	0.72913	0.00368	0.03702	0.01678	0.01625	0.11236
0.00000	0.02069	0.07117	0.13401	0.03935	0.41090	0.08151	0.08797	0.10592	0.01475	0.03374
1.00000	0.04321	0.04318	0.26624	0.39874	0.00251	0.06342	0.08926	0.04531	0.03942	0.00870
1.00000	0.81969	0.01069	0.00750	0.01042	0.00421	0.04583	0.06468	0.00766	0.02399	0.00533
1.00000	0.01001	0.07935	0.00359	0.04904	0.01403	0.41317	0.00262	0.13555	0.04550	0.24714
1.00000	0.02436	0.00100	0.05767	0.73075	0.00157	0.13812	0.01162	0.00476	0.02424	0.00590
1.00000	0.00776	0.00165	0.76520	0.01157	0.02542	0.00125	0.16654	0.00535	0.01210	0.00316
1.00000	0.00322	0.00400	0.22033	0.54331	0.01184	0.01197	0.00645	0.00212	0.19306	0.00369
1.00000	0.06287	0.00229	0.00507	0.19303	0.00306	0.69225	0.00757	0.00361	0.02482	0.00543
1.00000	0.00575	0.00328	0.00273	0.06688	0.00278	0.70379	0.00315	0.00118	0.20842	0.00204
1.00000	0.00061	0.00002	0.00005	0.00803	0.03664	0.00091	0.00037	0.00570	0.00713	0.94054
1.00000	0.04127	0.00512	0.12258	0.18097	0.03878	0.19656	0.04886	0.06907	0.14692	0.14987
1.00000	0.00238	0.00166	0.02737	0.00267	0.01178	0.01784	0.92357	0.00130	0.00868	0.00277
1.00000	0.00205	0.00316	0.00050	0.00220	0.89931	0.00443	0.00212	0.02162	0.00093	0.06366
1.00000	0.88318	0.00520	0.00727	0.03153	0.00217	0.03896	0.01768	0.00165	0.00402	0.00834
1.00000	0.01055	0.00225	0.04270	0.06176	0.01083	0.03280	0.00863	0.04411	0.61457	0.17179
1.00000	0.95134	0.00017	0.00184	0.00224	0.00146	0.02628	0.01009	0.00085	0.00375	0.00197
1.00000	0.00830	0.05626	0.01180	0.09804	0.01162	0.01872	0.01526	0.69510	0.01577	0.06912
1.00000	0.27925	0.01101	0.34559	0.17060	0.00373	0.06295	0.03437	0.01007	0.05638	0.02605
1.00000	0.01472	0.05184	0.00400	0.00646	0.05950	0.07750	0.00366	0.24768	0.41220	0.12244
1.00000	0.00772	0.00528	0.02117	0.27834	0.01388	0.06245	0.04469	0.03796	0.52251	0.00600
1.00000	0.14828	0.00898	0.05317	0.10282	0.01980	0.23023	0.01952	0.00779	0.36841	0.04098
1.00000	0.00146	0.00037	0.00033	0.00140	0.00320	0.00151	0.00108	0.97825	0.00151	0.01089
1.00000	0.01416	0.04872	0.43071	0.16984	0.01557	0.01040	0.00943	0.04339	0.23158	0.02619
1.00000	0.01526	0.00351	0.10290	0.01081	0.02741	0.02272	0.70171	0.04544	0.05073	0.01952
1.00000	0.90820	0.00127	0.00780	0.00970	0.00157	0.01143	0.04433	0.00927	0.00155	0.00488
1.00000	0.00879	0.03532	0.01014	0.02615	0.01754	0.66702	0.01979	0.00418	0.03959	0.17148
1.00000	0.06862	0.01372	0.02604	0.19545	0.00485	0.45804	0.00681	0.08241	0.13942	0.00463
1.00000	0.00400	0.00433	0.84390	0.01510	0.00580	0.00587	0.04694	0.01476	0.04245	0.01684
1.00000	0.03940	0.00154	0.00149	0.01620	0.01464	0.86972	0.02846	0.00614	0.01484	0.00757
1.00000	0.00307	0.67812	0.01317	0.07279	0.01253	0.04306	0.00840	0.02904	0.05393	0.08588
1.00000	0.00596	0.01363	0.03184	0.88164	0.00278	0.00790	0.00216	0.01448	0.03776	0.00184
1.00000	0.01727	0.02534	0.09788	0.00771	0.06610	0.00757	0.65003	0.05251	0.03779	0.03779
1.00000	0.04039	0.00190	0.10335	0.01175	0.65698	0.03347	0.04100	0.00491	0.00395	0.10230
1.00000	0.01454	0.08728	0.02184	0.05660	0.09363	0.00630	0.00979	0.59293	0.01766	0.09943
1.00000	0.00045	0.00048	0.00350	0.00016	0.97579	0.00477	0.00156	0.00213	0.00446	0.00669
1.00000	0.97464	0.00035	0.00219	0.00869	0.00162	0.00275	0.00343	0.00018	0.00233	0.00382
0.00000	0.01281	0.05223	0.30999	0.15020	0.00679	0.00428	0.00661	0.01923	0.43271	0.00513
1.00000	0.39796	0.02204	0.18984	0.01039	0.03792	0.03176	0.12394	0.07023	0.00559	0.11033
0.00000	0.05464	0.00699	0.31864	0.34582	0.00443	0.00565	0.02386	0.08095	0.13964	0.01939
1.00000	0.00261	0.00029	0.00098	0.00092	0.06265	0.00328	0.00536	0.01506	0.00241	0.90644
1.00000	0.00306	0.00314	0.81120	0.06845	0.01326	0.00666	0.00593	0.02749	0.05811	0.00270
1.00000	0.04603	0.01274	0.00477	0.05777	0.00354	0.77217	0.00391	0.00196	0.04414	0.05296
1.00000	0.23815	0.01915	0.45718	0.03582	0.00821	0.01057	0.11878	0.02531	0.03545	0.05138
0.00000	0.00569	0.00622	0.01707	0.00378	0.31680	0.08924	0.16412	0.01429	0.02761	0.35518
1.00000	0.00340	0.03109	0.01252	0.03015	0.08867	0.06081	0.00214	0.01813	0.11257	0.64054
1.00000	0.00028	0.00017	0.00026	0.00136	0.02147	0.00177	0.00026	0.01797	0.00031	0.95615
1.00000	0.04209	0.03026	0.15615	0.01206	0.06470	0.04082	0.55293	0.01606	0.05984	0.02508
1.00000	0.01778	0.00176	0.13566	0.02615	0.02288	0.00347	0.00668	0.00392	0.72322	0.05847
1.00000	0.11727	0.00230	0.74255	0.01434	0.01012	0.00562	0.00687	0.01872	0.07684	0.00537
1.00000	0.60632	0.00530	0.05357	0.03572	0.00514	0.10434	0.06757	0.02981	0.05004	0.04219
1.00000	0.00698	0.00309	0.00283	0.07747	0.00216	0.00433	0.00130	0.03674	0.82421	0.04089
1.00000	0.02895	0.02077	0.00405	0.01331	0.00201	0.84309	0.07338	0.00248	0.00958	0.00237
1.00000	0.00392	0.00225	0.01676	0.00470	0.79859	0.00263	0.00494	0.04529	0.00787	0.11304
1.00000	0.00238	0.00013	0.00555	0.00041	0.00184	0.01595	0.97128	0.00030	0.00025	0.00191
1.00000	0.02505	0.00091	0.04596	0.01528	0.58262	0.03208	0.01115	0.02136	0.01729	0.24831
1.00000	0.00240	0.00203	0.00054	0.00979	0.00082	0.00460	0.00034	0.97201	0.00288	0.00458
1.00000	0.05055	0.00404	0.02510	0.68337	0.00217	0.05893	0.00206	0.02063	0.08398	0.06917
1.00000	0.00021	0.00044	0.01109	0.00209	0.00163	0.01502	0.00105	0.00171	0.96004	0.00673
0.00000	0.01130	0.00128	0.28465	0.09482	0.01336	0.00241	0.00521	0.06227	0.50613	0.01856
1.00000	0.29861	0.01950	0.13645	0.01238	0.15102	0.01231	0.11770	0.10244	0.01599	0.13360
1.00000	0.02346	0.00482	0.03789	0.55376	0.04173	0.08697	0.01396	0.05534	0.12214	0.05993
1.00000	0.05416	0.00208	0.01814	0.00164	0.02333	0.09726	0.79616	0.00061	0.00364	0.00296
1.00000	0.00220	0.88546	0.00855	0.00115	0.00485	0.00322	0.00229	0.07692	0.00720	0.00816
1.00000	0.00940	0.00269	0.04886	0.78390	0.00191	0.02653	0.00096	0.01473	0.10801	0.00302
1.00000	0.12720	0.00389	0.05822	0.16242	0.02462	0.07044	0.01070	0.00776	0.44869	0.08605
1.00000	0.03253	0.00239	0.05727	0.11551	0.02319	0.00775	0.02341	0.00696	0.69501	0.03597
1.00000	0.00738	0.00112	0.00146	0.00123	0.00323	0.94569	0.02022	0.00047	0.01147	0.00773
0.00000	0.13644	0.00835	0.09946	0.26637	0.01349	0.08423	0.01356	0.01628	0.22293	0.13888
1.00000	0.02328	0.00510	0.06274	0.73362	0.00775	0.01937	0.01183	0.00657	0.11694	0.01279
1.00000	0.22948	0.01946	0.14605	0.36886	0.00300	0.13908	0.00592	0.02629	0.05205	0.00981
1.00000	0.00754	0.00064	0.01207	0.00540	0.59639	0.00428	0.03706	0.03334	0.04884	0.25444
1.00000	0.02935	0.07973	0.17740	0.51950	0.01604	0.02404	0.00457	0.00184	0.14368	0.00386
0.00000	0.01362	0.00508	0.47786	0.10233	0.07356	0.00945	0.13341	0.10423	0.02467	0.05579
1.00000	0.04136	0.01231	0.07465	0.14385	0.03589	0.06394	0.03351	0.00418	0.44226	0.14805
1.00000	0.03081	0.00087	0.09832	0.20543	0.03447	0.05918	0.00499	0.06121	0.47985	0.02488
1.00000	0.96184	0.00031	0.00115	0.00173	0.00085	0.02005	0.00946	0.00043	0.00113	0.00306
1.00000	0.03919	0.00268	0.00056	0.03656	0.00071	0.89408	0.00092	0.00153	0.02225	0.00152
1.00000	0.00756	0.00766	0.07788	0.88565	0.00044	0.01003	0.00068	0.00082	0.00830	0.00098
1.00000	0.02245	0.00660	0.02086	0.00679	0.68087	0.02115	0.03449	0.03549	0.06623	0.10508
1.00000	0.00320	0.02070	0.02794	0.00632	0.77142	0.07690	0.00954	0.01460	0.00380	0.06558
1.00000	0.00010	0.00005	0.00061	0.00045	0.00635	0.00058	0.00014	0.01152	0.02672	0.95348
1.00000	0.04967	0.00526	0.00512	0.00871	0.14298	0.11791	0.02569	0.13114	0.04421	0.46930
1.00000	0.00314	0.00228	0.24868	0.68917	0.00047	0.00714	0.00432	0.00293	0.03233	0.00955
1.00000	0.00468	0.00146	0.02904	0.00755	0.08204	0.00245	0.00144	0.05405	0.04466	0.77261
1.00000	0.00274	0.00440	0.03162	0.01316	0.01853	0.13284	0.01819	0.00127	0.53334	0.24392
1.00000	0.00007	0.00022	0.00014	0.00346	0.02863	0.00195	0.00037	0.02378	0.00741	0.93396
1.00000	0.00297	0.00116	0.00343	0.02953	0.03135	0.02093	0.00538	0.00658	0.75397	0.14470
1.00000	0.90948	0.00400	0.02240	0.01354	0.00207	0.01022	0.01720	0.00109	0.00556	0.01444
1.00000	0.00347	0.73148	0.07237	0.00951	0.03541	0.02196	0.00313	0.05030	0.05063	0.02175
0.00000	0.03766	0.00237	0.00271	0.30803	0.03159	0.04170	0.00021	0.02507	0.40426	0.14642
1.00000	0.86511	0.00033	0.00584	0.01897	0.00049	0.06297	0.02613	0.00071	0.01659	0.00287
1.00000	0.02051	0.00223	0.66177	0.03682	0.14757	0.00707	0.01578	0.01263	0.00620	0.08942
1.00000	0.00063	0.00023	0.00963	0.00316	0.06657	0.00140	0.00097	0.02346	0.16755	0.72639
1.00000	0.00029	0.00066	0.00025	0.00024	0.00426	0.00077	0.00020	0.94583	0.00033	0.04719
1.00000	0.00403	0.00381	0.02640	0.01574	0.01002	0.05137	0.08535	0.00239	0.78762	0.01325
1.00000	0.11523	0.01639	0.00908	0.01885	0.04572	0.11962	0.02046	0.50192	0.04611	0.10661
1.00000	0.97264	0.00094	0.01320	0.00137	0.00269	0.00055	0.00363	0.00061	0.00348	0.00087
1.00000	0.00043	0.00291	0.00292	0.01384	0.06370	0.00378	0.00053	0.13240	0.01081	0.76868
1.00000	0.04705	0.00082	0.25766	0.01080	0.01358	0.00550	0.62125	0.00185	0.01441	0.02708
1.00000	0.00055	0.03996	0.00395	0.01333	0.00603	0.00232	0.00013	0.81555	0.04624	0.07193
1.00000	0.00100	0.00046	0.00202	0.00041	0.82810	0.00501	0.00469	0.00396	0.00135	0.15300
1.00000	0.00747	0.00609	0.00673	0.02073	0.01480	0.00393	0.00093	0.69030	0.00757	0.24145
1.00000	0.03340	0.53865	0.09009	0.04116	0.03444	0.04580	0.01675	0.03960	0.13531	0.02480
1.00000	0.00024	0.00068	0.00041	0.01048	0.02655	0.00684	0.00019	0.01600	0.10794	0.83068
1.00000	0.05355	0.02965	0.51090	0.21166	0.00259	0.01430	0.03200	0.12305	0.01629	0.00600
1.00000	0.14968	0.02113	0.39549	0.18978	0.02861	0.03942	0.10389	0.00806	0.04247	0.02147
1.00000	0.00270	0.00754	0.76193	0.13548	0.00222	0.00231	0.02374	0.00138	0.06115	0.00154
1.00000	0.00213	0.92374	0.00446	0.00429	0.00196	0.01873	0.00754	0.00169	0.02142	0.01402
1.00000	0.00041	0.00364	0.01658	0.01842	0.03209	0.00219	0.00944	0.00299	0.90533	0.00891
1.00000	0.00373	0.00039	0.02242	0.90058	0.00220	0.00510	0.00016	0.00115	0.06078	0.00348
1.00000	0.00285	0.00162	0.06634	0.88117	0.00140	0.00558	0.00072	0.00094	0.01926	0.02011
1.00000	0.00151	0.00377	0.03971	0.87873	0.00218	0.00913	0.00008	0.00203	0.05730	0.00556
1.00000	0.01840	0.00058	0.00355	0.00456	0.01102	0.00506	0.00039	0.87365	0.00750	0.07528
1.00000	0.57471	0.00676	0.10038	0.06561	0.00936	0.08740	0.07015	0.05087	0.01022	0.02454
1.00000	0.16541	0.00823	0.06697	0.01089	0.09901	0.02548	0.09395	0.01414	0.13230	0.38362
1.00000	0.33825	0.01662	0.07605	0.00977	0.14647	0.01114	0.15960	0.10818	0.00909	0.12483
1.00000	0.01949	0.00435	0.01597	0.52883	0.00849	0.04582	0.00705	0.00827	0.25656	0.10517
1.00000	0.00065	0.89087	0.00728	0.00605	0.00131	0.00199	0.00173	0.05604	0.00825	0.02583
1.00000	0.00725	0.02609	0.03709	0.54031	0.00435	0.24345	0.00239	0.00856	0.09935	0.03115
1.00000	0.01042	0.05197	0.00488	0.02490	0.06507	0.03483	0.02075	0.67555	0.00341	0.10822
1.00000	0.03577	0.00016	0.00091	0.02133	0.00147	0.91303	0.00835	0.00084	0.01161	0.00652
1.00000	0.06915	0.21382	0.03103	0.03279	0.00965	0.51736	0.08932	0.00446	0.03076	0.00164
1.00000	0.01701	0.00323	0.02923	0.07535	0.00192	0.01494	0.00134	0.01389	0.72953	0.11355
1.00000	0.00650	0.01409	0.00830	0.03456	0.08335	0.00736	0.00039	0.67574	0.00923	0.16047
1.00000	0.01980	0.00485	0.01441	0.09801	0.00363	0.00942	0.00469	0.01480	0.78685	0.04353
1.00000	0.00040	0.08344	0.00240	0.00196	0.67812	0.00435	0.00524	0.07524	0.01234	0.13653
1.00000	0.03513	0.00466	0.00267	0.08718	0.01849	0.73140	0.01320	0.00298	0.09480	0.00949
1.00000	0.00597	0.00483	0.01929	0.00902	0.89047	0.00674	0.01293	0.00802	0.01686	0.02586
1.00000	0.00695	0.00365	0.75666	0.01884	0.05195	0.00620	0.10911	0.00433	0.03697	0.00535
1.00000	0.00067	0.00644	0.00118	0.01692	0.02505	0.00184	0.01683	0.06750	0.14525	0.71833
1.00000	0.00325	0.85340	0.00328	0.00368	0.00734	0.00191	0.00053	0.08949	0.00252	0.03460
1.00000	0.00221	0.01058	0.00934	0.00077	0.70458	0.05705	0.00463	0.00301	0.00137	0.20646
1.00000	0.00783	0.00638	0.01257	0.12772	0.00183	0.03361	0.00159	0.00275	0.79061	0.01512
1.00000	0.00010	0.00231	0.00027	0.00047	0.04492	0.00308	0.00133	0.01387	0.00973	0.92391
1.00000	0.07683	0.00139	0.01141	0.12775	0.00691	0.43466	0.00115	0.05363	0.24565	0.04063
0.00000	0.01963	0.08767	0.07325	0.15933	0.10095	0.18237	0.05474	0.18399	0.00728	0.13078
1.00000	0.00008	0.00004	0.00016	0.00053	0.00043	0.00034	0.00019	0.00100	0.99420	0.00305
1.00000	0.03715	0.00271	0.05447	0.21870	0.00276	0.01390	0.00828	0.00313	0.65505	0.00384
1.00000	0.84908	0.00407	0.01910	0.04016	0.01228	0.01275	0.02733	0.01144	0.01390	0.00989
1.00000	0.00473	0.04021	0.05209	0.07449	0.07614	0.35196	0.26808	0.01252	0.09303	0.02675
1.00000	0.10782	0.01233	0.52621	0.09925	0.03445	0.01245	0.09138	0.02413	0.07620	0.01577
1.00000	0.05897	0.00097	0.01429	0.02981	0.01611	0.28668	0.55013	0.00105	0.02937	0.01261
1.00000	0.10676	0.02915	0.11698	0.04577	0.02502	0.02248	0.00810	0.43516	0.12021	0.09038
1.00000	0.01292	0.01150	0.05323	0.58086	0.00630	0.09115	0.00243	0.07221	0.09767	0.07175
1.00000	0.00057	0.00006	0.00266	0.00122	0.02513	0.00053	0.00095	0.00776	0.00917	0.95194
1.00000	0.00495	0.00125	0.93403	0.02211	0.00103	0.00172	0.01501	0.00751	0.00937	0.00303
1.00000	0.00321	0.00110	0.00081	0.02067	0.00306	0.00657	0.00161	0.04117	0.90924	0.01257
1.00000	0.01796	0.00366	0.00134	0.00720	0.01959	0.75168	0.09711	0.00391	0.00743	0.09010
0.00000	0.08045	0.00744	0.25955	0.09000	0.07923	0.03218	0.09569	0.09791	0.10621	0.15134
1.00000	0.00042	0.00451	0.00097	0.00322	0.00915	0.00493	0.00024	0.04483	0.00325	0.92847
1.00000	0.00168	0.00711	0.94526	0.00544	0.00049	0.00084	0.01555	0.00977	0.00994	0.00390
1.00000	0.01121	0.00405	0.02931	0.00060	0.05401	0.00301	0.84802	0.01431	0.02490	0.01056
1.00000	0.00006	0.00039	0.00320	0.00125	0.05569	0.00060	0.00091	0.03779	0.00640	0.89370
1.00000	0.00924	0.01660	0.66464	0.09230	0.01538	0.01177	0.07623	0.07471	0.00478	0.03435
1.00000	0.91206	0.00333	0.00942	0.00545	0.00519	0.02722	0.01109	0.00146	0.01238	0.01241
1.00000	0.03271	0.07639	0.03943	0.00378	0.02367	0.30402	0.48717	0.00321	0.01389	0.01572
0.00000	0.01498	0.00396	0.05261	0.11403	0.01186	0.01211	0.00314	0.00987	0.76494	0.01251
1.00000	0.89595	0.00983	0.00775	0.00460	0.00142	0.03333	0.02184	0.00054	0.02395	0.00077
1.00000	0.21358	0.00778	0.06580	0.01003	0.01977	0.23121	0.43454	0.00654	0.00319	0.00758
1.00000	0.39019	0.00724	0.01008	0.10741	0.02555	0.23256	0.03398	0.10237	0.01645	0.07417
1.00000	0.02951	0.04522	0.06412	0.59472	0.00135	0.16647	0.02774	0.00745	0.05388	0.00955
1.00000	0.00115	0.00575	0.83280	0.05723	0.01070	0.01337	0.01229	0.02874	0.02036	0.01761
1.00000	0.00156	0.00067	0.00535	0.00107	0.00256	0.00077	0.98475	0.00059	0.00167	0.00101
1.00000	0.00512	0.03550	0.01870	0.03726	0.02607	0.09674	0.01344	0.16047	0.06992	0.53678
1.00000	0.00061	0.00207	0.00029	0.00712	0.00113	0.00786	0.00005	0.92634	0.00130	0.05324
1.00000	0.00110	0.00011	0.00787	0.00318	0.04150	0.00512	0.00844	0.06173	0.00327	0.86767
1.00000	0.61655	0.00347	0.02624	0.09335	0.00522	0.11736	0.00357	0.01836	0.04154	0.07434
1.00000	0.00287	0.00012	0.00197	0.00243	0.05083	0.00084	0.00072	0.12874	0.02626	0.78523
0.00000	0.10450	0.00413	0.09045	0.41470	0.01151	0.01607	0.00904	0.00425	0.28547	0.05989
1.00000	0.02343	0.00162	0.04947	0.01413	0.03235	0.01055	0.02896	0.01360	0.60195	0.22394
1.00000	0.00636	0.00323	0.21921	0.00534	0.17399	0.00433	0.55642	0.00497	0.00277	0.02339
1.00000	0.01494	0.00923	0.00240	0.00567	0.03423	0.00314	0.00107	0.83134	0.00530	0.09268
1.00000	0.13298	0.00164	0.00438	0.01783	0.00606	0.75691	0.03781	0.00258	0.02865	0.01115
1.00000	0.82855	0.00141	0.02033	0.00685	0.00065	0.06730	0.00840	0.01517	0.03279	0.01854
1.00000	0.00628	0.93515	0.00961	0.00230	0.00766	0.01409	0.00771	0.01004	0.00392	0.00324
0.00000	0.41231	0.00472	0.03904	0.23060	0.01095	0.15238	0.02700	0.03492	0.07238	0.01571
1.00000	0.02633	0.00136	0.68677	0.00815	0.09022	0.00376	0.02154	0.03592	0.05867	0.06728
1.00000	0.04269	0.00020	0.00098	0.00207	0.00034	0.87677	0.00178	0.00261	0.07202	0.00054
1.00000	0.00991	0.00719	0.02639	0.00826	0.64573	0.00745	0.02365	0.04400	0.00371	0.22371
1.00000	0.00464	0.01754	0.02582	0.01282	0.16848	0.00717	0.01086	0.67416	0.00594	0.07258
1.00000	0.00532	0.00483	0.35006	0.25667	0.01190	0.01181	0.05361	0.05361	0.21961	0.03259
1.00000	0.00067	0.00080	0.07733	0.02649	0.01134	0.00229	0.00446	0.00458	0.85622	0.01582
1.00000	0.00296	0.00006	0.00242	0.00049	0.00194	0.00943	0.96802	0.00008	0.00165	0.01294
1.00000	0.03224	0.00091	0.11109	0.01087	0.02295	0.00200	0.51056	0.00905	0.19689	0.10344
1.00000	0.00035	0.91964	0.04275	0.00548	0.00152	0.00458	0.00058	0.01496	0.00033	0.00981
0.00000	0.51215	0.00115	0.16217	0.15804	0.00557	0.05735	0.03475	0.00778	0.04559	0.01545
1.00000	0.00016	0.00022	0.00042	0.00386	0.00028	0.00024	0.00005	0.98588	0.00343	0.00547
1.00000	0.03191	0.01057	0.64163	0.00884	0.10909	0.01253	0.07057	0.05321	0.01090	0.05075
0.00000	0.09384	0.00068	0.22121	0.40109	0.02242	0.01805	0.01568	0.00277	0.22016	0.00411
1.00000	0.13989	0.00539	0.07185	0.12563	0.01379	0.36570	0.04890	0.04395	0.10675	0.07814
1.00000	0.00060	0.00049	0.00180	0.01020	0.00098	0.00125	0.00049	0.94461	0.01534	0.02426
1.00000	0.14741	0.00065	0.01112	0.10702	0.00447	0.16121	0.44349	0.00344	0.03132	0.08987
1.00000	0.87805	0.00115	0.03367	0.02899	0.00218	0.01470	0.02007	0.01015	0.00359	0.00746
1.00000	0.02060	0.00055	0.01101	0.66179	0.01118	0.08941	0.01039	0.00072	0.13721	0.05714
1.00000	0.00042	0.00096	0.00057	0.00132	0.77469	0.00128	0.00115	0.03119	0.01600	0.17241
1.00000	0.00318	0.00187	0.91683	0.01815	0.01505	0.00696	0.02921	0.00186	0.00346	0.00344
1.00000	0.03429	0.00874	0.01496	0.00459	0.47406	0.05009	0.08587	0.02379	0.13853	0.16509
1.00000	0.03926	0.01037	0.03494	0.13735	0.00133	0.57355	0.00243	0.02417	0.15493	0.02167
1.00000	0.00245	0.77247	0.02430	0.02646	0.01129	0.03089	0.08618	0.00687	0.02363	0.01546
1.00000	0.00145	0.07219	0.02324	0.04092	0.13043	0.03275	0.00456	0.44123	0.01381	0.23942
1.00000	0.04441	0.00883	0.30849	0.05042	0.02295	0.01721	0.04399	0.00968	0.46705	0.02697
1.00000	0.65080	0.00503	0.08818	0.05143	0.01272	0.04237	0.11044	0.01767	0.01069	0.01068
1.00000	0.00105	0.93482	0.00252	0.00424	0.00176	0.01509	0.00349	0.00251	0.02096	0.01357
1.00000	0.01395	0.00575	0.06401	0.00492	0.82949	0.01317	0.02090	0.00536	0.00153	0.04092
1.00000	0.00918	0.00241	0.02272	0.01433	0.61365	0.00641	0.02183	0.17921	0.01505	0.11521
1.00000	0.07429	0.00178	0.00428	0.03080	0.01387	0.76006	0.01240	0.00564	0.07354	0.02333
1.00000	0.00437	0.01509	0.02046	0.05718	0.01683	0.47947	0.00902	0.17443	0.16276	0.06041
1.00000	0.00015	0.00018	0.00068	0.00148	0.06903	0.00213	0.00897	0.01057	0.02121	0.88560
1.00000	0.68583	0.00100	0.10727	0.05592	0.00968	0.02861	0.02733	0.00665	0.03826	0.03946
1.00000	0.00237	0.00014	0.88756	0.00151	0.00121	0.00102	0.09450	0.00057	0.01053	0.00059
1.00000	0.00183	0.66961	0.00809	0.06463	0.02877	0.02447	0.01051	0.06341	0.07925	0.04942
1.00000	0.00701	0.00109	0.04475	0.00505	0.81344	0.00298	0.02036	0.05756	0.00388	0.04389
1.00000	0.81108	0.00630	0.02637	0.00917	0.00910	0.00484	0.04346	0.03858	0.03634	0.01476
1.00000	0.00565	0.00058	0.00081	0.00084	0.00147	0.01366	0.00065	0.96929	0.00099	0.00605
1.00000	0.01774	0.01941	0.07791	0.08106	0.07095	0.03355	0.06690	0.06072	0.41788	0.15388
1.00000	0.10940	0.00298	0.00161	0.19468	0.02875	0.26564	0.02730	0.03907	0.11142	0.21916
0.00000	0.01631	0.15172	0.01423	0.03822	0.04233	0.17473	0.00386	0.13698	0.17203	0.24959
1.00000	0.00253	0.02266	0.04040	0.00420	0.07647	0.02088	0.00234	0.00772	0.04679	0.77602
1.00000	0.04927	0.00184	0.00708	0.24227	0.02467	0.45044	0.01887	0.00295	0.18980	0.01280
0.00000	0.01929	0.02994	0.01065	0.18178	0.04468	0.17303	0.03070	0.08074	0.27874	0.15044
1.00000	0.00024	0.00079	0.00515	0.00048	0.93185	0.00644	0.00200	0.00871	0.00265	0.04170
1.00000	0.00099	0.00216	0.00251	0.05472	0.06948	0.00447	0.01235	0.69053	0.00945	0.15333
1.00000	0.00189	0.84290	0.00889	0.01990	0.00750	0.00207	0.00057	0.08674	0.00177	0.02776
1.00000	0.01561	0.00362	0.00879	0.00714	0.04018	0.01211	0.00281	0.76543	0.03715	0.10715
1.00000	0.00593	0.05356	0.03326	0.04084	0.00783	0.01164	0.00063	0.71939	0.08914	0.03779
1.00000	0.04318	0.04391	0.42821	0.29658	0.01785	0.01708	0.04092	0.00788	0.10076	0.00363
1.00000	0.00037	0.00022	0.96213	0.00479	0.00042	0.00100	0.01460	0.01028	0.00267	0.00353
1.00000	0.00049	0.91152	0.03970	0.00705	0.00530	0.00237	0.00055	0.01423	0.00027	0.01852
1.00000	0.00058	0.89487	0.00706	0.00232	0.00878	0.00096	0.00079	0.05735	0.00132	0.02597
1.00000	0.00366	0.00011	0.00776	0.00049	0.07638	0.00201	0.00129	0.00220	0.00824	0.89786
1.00000	0.00089	0.91328	0.04073	0.00259	0.00705	0.01688	0.00129	0.01305	0.00102	0.00321
1.00000	0.64424	0.03671	0.06267	0.02179	0.01382	0.02311	0.08392	0.02702	0.00326	0.08347
1.00000	0.00004	0.00006	0.00063	0.00208	0.00008	0.00044	0.00018	0.00011	0.99568	0.00071
1.00000	0.86647	0.00111	0.00738	0.00170	0.00212	0.04560	0.04467	0.00611	0.01279	0.01205
1.00000	0.00107	0.00019	0.00212	0.00013	0.98447	0.00451	0.00232	0.00229	0.00133	0.00157
1.00000	0.00668	0.04287	0.00744	0.04842	0.50254	0.01724	0.00954	0.02576	0.05864	0.28085
1.00000	0.07442	0.00342	0.65108	0.05533	0.05712	0.00859	0.11457	0.00590	0.01991	0.00965
1.00000	0.01137	0.00149	0.02216	0.82233	0.00254	0.03440	0.00118	0.00616	0.04709	0.05129
1.00000	0.00038	0.00070	0.00051	0.00135	0.00030	0.00092	0.00003	0.99226	0.00133	0.00221
1.00000	0.78237	0.00161	0.01549	0.01667	0.01485	0.01950	0.11919	0.00827	0.00414	0.01791
1.00000	0.00642	0.00030	0.00299	0.00032	0.00135	0.04388	0.94092	0.00019	0.00116	0.00248
1.00000	0.00120	0.00374	0.00239	0.00101	0.82665	0.00352	0.00086	0.00612	0.03830	0.11621
1.00000	0.00091	0.02369	0.00266	0.13053	0.02504	0.01256	0.00055	0.78280	0.01142	0.00984
1.00000	0.05609	0.01786	0.20694	0.19450	0.01151	0.00325	0.00366	0.01463	0.44773	0.04382
1.00000	0.00237	0.90709	0.03631	0.00106	0.00180	0.01141	0.00127	0.01568	0.00746	0.01555
1.00000	0.01157	0.06919	0.05880	0.37468	0.04656	0.05611	0.00537	0.01357	0.20350	0.16064
1.00000	0.00090	0.00198	0.01383	0.50416	0.00573	0.00600	0.00028	0.00758	0.44235	0.01719
1.00000	0.01818	0.00846	0.81810	0.05240	0.00473	0.01780	0.01352	0.00107	0.06473	0.00101
1.00000	0.00938	0.02075	0.76714	0.02206	0.00499	0.02290	0.10817	0.00024	0.04335	0.00103
0.00000	0.01364	0.00212	0.35734	0.09676	0.00432	0.02747	0.00495	0.01202	0.46218	0.01921
1.00000	0.89617	0.00075	0.01478	0.03345	0.00625	0.02412	0.01008	0.00081	0.00889	0.00472
1.00000	0.00747	0.00156	0.76366	0.00545	0.07659	0.01654	0.10238	0.00452	0.00745	0.01438
1.00000	0.00854	0.00403	0.00701	0.95020	0.00056	0.01598	0.00614	0.00324	0.00304	0.00125
1.00000	0.01266	0.00310	0.06827	0.07201	0.01582	0.14852	0.02037	0.02014	0.59504	0.04406
1.00000	0.03958	0.00510	0.04320	0.01373	0.00483	0.01290	0.86801	0.00870	0.00254	0.00142
1.00000	0.00072	0.00346	0.00125	0.00129	0.02551	0.00661	0.00050	0.04888	0.02347	0.88831
0.00000	0.00483	0.09803	0.04557	0.16500	0.01652	0.08149	0.00499	0.16771	0.17315	0.24272
1.00000	0.01236	0.01697	0.06722	0.05338	0.14173	0.02400	0.57848	0.01419	0.01086	0.08081
1.00000	0.01724	0.00177	0.00429	0.05338	0.00095	0.06191	0.00055	0.01602	0.77244	0.07144
1.00000	0.05049	0.00199	0.01036	0.04103	0.00139	0.80893	0.01896	0.00030	0.06576	0.00080
0.00000	0.01372	0.00851	0.12140	0.07116	0.24117	0.02565	0.13775	0.00446	0.32783	0.04835
1.00000	0.00176	0.00048	0.01878	0.00091	0.03361	0.01301	0.00484	0.02424	0.00281	0.89957
1.00000	0.00080	0.01217	0.00272	0.00204	0.00565	0.02578	0.00387	0.68196	0.00194	0.26307
1.00000	0.02098	0.22777	0.53929	0.05338	0.00846	0.01756	0.02556	0.00185	0.10130	0.00385
1.00000	0.00013	0.00067	0.00041	0.00078	0.00112	0.00178	0.00074	0.98345	0.00035	0.01057
1.00000	0.00605	0.00049	0.03606	0.00411	0.00155	0.00103	0.00129	0.02516	0.88432	0.03994
0.00000	0.00276	0.00118	0.02442	0.30169	0.02230	0.04493	0.00114	0.01298	0.54913	0.03947
1.00000	0.04957	0.00112	0.02954	0.10996	0.01012	0.57606	0.12337	0.00185	0.09549	0.00292
1.00000	0.57451	0.00780	0.14564	0.00940	0.01919	0.05693	0.06884	0.01504	0.06400	0.03863
1.00000	0.04893	0.07456	0.26465	0.07198	0.02089	0.00293	0.00113	0.36378	0.08099	0.07016
1.00000	0.00057	0.00068	0.00114	0.00063	0.75323	0.00333	0.00211	0.00098	0.00707	0.23026
1.00000	0.00671	0.00019	0.00880	0.00105	0.02541	0.00095	0.00210	0.02484	0.00992	0.92002
1.00000	0.02580	0.02209	0.04897	0.59149	0.05739	0.18703	0.01020	0.00718	0.03828	0.01157
1.00000	0.06965	0.00030	0.00514	0.05928	0.00446	0.74179	0.00468	0.00135	0.10972	0.00363
1.00000	0.01138	0.00540	0.00879	0.00171	0.83637	0.03246	0.00361	0.03172	0.01440	0.05416
1.00000	0.02556	0.03239	0.25238	0.39002	0.00573	0.02616	0.10744	0.00169	0.15106	0.00758
1.00000	0.80969	0.00030	0.01786	0.07298	0.00172	0.03074	0.00804	0.00318	0.03601	0.01948
1.00000	0.01450	0.00370	0.63643	0.26740	0.01153	0.00444	0.00769	0.01469	0.03574	0.00388
1.00000	0.01784	0.01083	0.27514	0.00450	0.14387	0.00891	0.04235	0.03464	0.00497	0.45695
1.00000	0.13525	0.00413	0.03323	0.61478	0.01550	0.13831	0.01708	0.00685	0.02804	0.00684
1.00000	0.00025	0.92426	0.03961	0.00074	0.01274	0.00422	0.00044	0.00881	0.00042	0.00851
1.00000	0.02999	0.00048	0.02983	0.01820	0.00218	0.15643	0.73288	0.01270	0.00365	0.01366
1.00000	0.00012	0.00010	0.00016	0.00470	0.04531	0.00105	0.00037	0.01178	0.00159	0.93481
1.00000	0.00298	0.83329	0.00502	0.02306	0.01640	0.00743	0.00210	0.04365	0.00335	0.06273
1.00000	0.00088	0.00038	0.00055	0.01042	0.04961	0.00131	0.00018	0.10281	0.03086	0.80298
1.00000	0.04795	0.00307	0.01873	0.80538	0.00150	0.07090	0.01431	0.00913	0.02677	0.00226
0.00000	0.41450	0.00924	0.19123	0.19147	0.01370	0.10091	0.01465	0.01862	0.04022	0.00547
1.00000	0.00553	0.00826	0.01739	0.00201	0.72019	0.00411	0.03425	0.00806	0.00334	0.19686
1.00000	0.00333	0.00828	0.00566	0.00082	0.60545	0.00948	0.00261	0.03414	0.00498	0.32526
1.00000	0.01802	0.01405	0.02846	0.84049	0.00305	0.05287	0.00155	0.01391	0.02244	0.00516
1.00000	0.74756	0.00170	0.00734	0.00643	0.04265	0.07922	0.00517	0.01040	0.00960	0.08992
1.00000	0.01368	0.04361	0.05216	0.01589	0.62656	0.03177	0.08995	0.02516	0.01611	0.08510
1.00000	0.04286	0.00309	0.00806	0.00071	0.77497	0.01289	0.06230	0.01129	0.00713	0.07670
1.00000	0.01130	0.73525	0.04334	0.00480	0.00424	0.09287	0.00331	0.04686	0.02375	0.03429
1.00000	0.05618	0.00319	0.00725	0.38608	0.00874	0.15495	0.00416	0.04279	0.23410	0.10255
1.00000	0.51158	0.00891	0.08976	0.04567	0.03656	0.06230	0.07934	0.04282	0.08657	0.03651
1.00000	0.00029	0.00114	0.00427	0.00331	0.01458	0.00543	0.00169	0.02059	0.01766	0.93104
1.00000	0.00013	0.00015	0.00005	0.00060	0.09762	0.00100	0.00067	0.00661	0.02273	0.87045
1.00000	0.02041	0.06570	0.09256	0.01143	0.01713	0.15339	0.59196	0.00181	0.03451	0.01110
1.00000	0.00293	0.00244	0.05415	0.03761	0.00547	0.00934	0.00680	0.00064	0.88016	0.00045
1.00000	0.00778	0.02893	0.45318	0.23367	0.03851	0.01658	0.03149	0.11384	0.03887	0.03715
1.00000	0.03718	0.01622	0.00353	0.15456	0.04512	0.14577	0.02457	0.06978	0.14136	0.36191
1.00000	0.00965	0.21044	0.01364	0.02236	0.15417	0.03678	0.00174	0.37892	0.01512	0.15717
1.00000	0.05345	0.00315	0.07947	0.17155	0.00654	0.61056	0.02054	0.00169	0.04097	0.01208
1.00000	0.00589	0.01301	0.07311	0.18300	0.13146	0.02075	0.06534	0.31114	0.08536	0.11094
1.00000	0.00251	0.00650	0.00291	0.01320	0.00961	0.02545	0.00191	0.00396	0.89923	0.03472
1.00000	0.01533	0.02105	0.05146	0.01227	0.05949	0.02822	0.02091	0.06450	0.21586	0.51091
1.00000	0.00306	0.00449	0.80227	0.04457	0.01652	0.00291	0.01909	0.00449	0.05409	0.04851
1.00000	0.02343	0.00615	0.03402	0.00759	0.02745	0.77775	0.04361	0.01000	0.05008	0.01992
1.00000	0.00163	0.00074	0.85280	0.03437	0.02669	0.00086	0.06027	0.00096	0.00166	0.02001
1.00000	0.05323	0.00598	0.02999	0.59921	0.00610	0.13202	0.04579	0.04017	0.06497	0.02256
1.00000	0.02261	0.00095	0.08027	0.01460	0.00992	0.03075	0.02363	0.00557	0.73911	0.07261
1.00000	0.00325	0.00249	0.40509	0.22005	0.00769	0.01691	0.00262	0.00505	0.28931	0.04755
1.00000	0.00381	0.00436	0.02833	0.75752	0.00341	0.00634	0.00035	0.00594	0.17880	0.01113
1.00000	0.00053	0.00119	0.00721	0.00307	0.09679	0.00385	0.00047	0.02958	0.09817	0.75914
1.00000	0.00065	0.00025	0.01406	0.00030	0.00381	0.00330	0.97603	0.00032	0.00084	0.00044
1.00000	0.00074	0.01282	0.00107	0.01926	0.01124	0.00271	0.00056	0.88428	0.00560	0.06171
1.00000	0.89045	0.02136	0.01581	0.00565	0.00676	0.02620	0.02633	0.00125	0.00478	0.00142
1.00000	0.94852	0.00630	0.00366	0.00791	0.01032	0.01030	0.00360	0.00234	0.00370	0.00334
1.00000	0.01027	0.00245	0.01578	0.02631	0.08085	0.81735	0.00881	0.00925	0.01022	0.01871
1.00000	0.03205	0.00703	0.76430	0.01073	0.00244	0.00929	0.13633	0.00122	0.02723	0.00938
1.00000	0.00332	0.01712	0.13981	0.79735	0.00144	0.00278	0.00564	0.00211	0.02768	0.00274
1.00000	0.01037	0.00934	0.58095	0.03296	0.02455	0.02743	0.01403	0.04078	0.16689	0.09270
1.00000	0.00583	0.00128	0.00906	0.00285	0.02910	0.77376	0.00856	0.00516	0.12475	0.03966
1.00000	0.00135	0.89064	0.00930	0.00426	0.00727	0.01654	0.02017	0.00305	0.03468	0.01275
1.00000	0.57985	0.02659	0.14762	0.00762	0.01746	0.00340	0.13897	0.02200	0.02456	0.03193
1.00000	0.01141	0.04000	0.16549	0.25038	0.00188	0.00494	0.00431	0.43012	0.06003	0.03144
1.00000	0.00958	0.00011	0.03218	0.00174	0.00276	0.00985	0.00298	0.00053	0.93512	0.00515
0.00000	0.00139	0.01195	0.00423	0.02311	0.20008	0.00623	0.00219	0.03109	0.00505	0.71468
1.00000	0.04491	0.01967	0.02267	0.00864	0.53901	0.01123	0.02298	0.04703	0.02191	0.26195
1.00000	0.01306	0.00388	0.40446	0.16481	0.00306	0.00493	0.00411	0.00704	0.39329	0.00136
1.00000	0.00747	0.02265	0.84903	0.00832	0.00899	0.00311	0.02626	0.00013	0.06018	0.01384
1.00000	0.00877	0.02560	0.05487	0.27649	0.06540	0.03176	0.01640	0.03710	0.45618	0.02743
