1.00000	0.01813	0.87404	0.01439	0.01133	0.00503	0.01711	0.00765	0.01995	0.00550	0.02688
1.00000	0.00014	0.00322	0.00019	0.00082	0.00232	0.00011	0.00022	0.97891	0.00057	0.01352
1.00000	0.83516	0.00090	0.01702	0.02829	0.00109	0.03381	0.02777	0.00576	0.00724	0.04296
1.00000	0.02268	0.00136	0.02213	0.02945	0.01056	0.80275	0.02243	0.01854	0.01969	0.05042
1.00000	0.00102	0.00268	0.01637	0.00139	0.67206	0.00871	0.01265	0.15316	0.00138	0.13057
1.00000	0.00214	0.05895	0.01578	0.00573	0.07519	0.06847	0.04399	0.45115	0.03404	0.24456
1.00000	0.00239	0.00634	0.02678	0.01083	0.00030	0.92220	0.01932	0.00279	0.00234	0.00671
1.00000	0.08626	0.04029	0.54064	0.02981	0.14684	0.00998	0.13414	0.00569	0.00341	0.00294
0.00000	0.00157	0.01651	0.01572	0.00259	0.01746	0.01589	0.00422	0.15980	0.02885	0.73740
1.00000	0.11527	0.01325	0.00923	0.01305	0.27233	0.10271	0.06275	0.08802	0.05065	0.27274
1.00000	0.01041	0.76728	0.02074	0.01933	0.00268	0.01320	0.01855	0.09424	0.02177	0.03180
1.00000	0.01039	0.00091	0.86067	0.00179	0.00078	0.03998	0.07607	0.00113	0.00599	0.00228
1.00000	0.00209	0.05015	0.01539	0.00528	0.50061	0.06195	0.02858	0.01809	0.04817	0.26969
1.00000	0.02787	0.78968	0.00914	0.00539	0.00660	0.00546	0.00920	0.06883	0.01770	0.06012
1.00000	0.00078	0.74496	0.00964	0.05323	0.01844	0.00970	0.00150	0.11520	0.04493	0.00162
1.00000	0.04920	0.00315	0.15874	0.28716	0.06387	0.09948	0.04106	0.08920	0.04352	0.16462
1.00000	0.00446	0.85481	0.00244	0.00171	0.00271	0.00321	0.00627	0.06573	0.00826	0.05040
1.00000	0.02084	0.00214	0.01628	0.00671	0.00043	0.10645	0.83002	0.00100	0.01314	0.00299
1.00000	0.00023	0.00316	0.01290	0.00019	0.91276	0.00304	0.00568	0.00898	0.00093	0.05215
1.00000	0.00239	0.00046	0.00280	0.00251	0.04307	0.00624	0.00413	0.09724	0.01271	0.82844
1.00000	0.02336	0.00468	0.05311	0.83367	0.00177	0.03774	0.02388	0.00190	0.00697	0.01292
1.00000	0.00162	0.00093	0.00375	0.00412	0.57621	0.00448	0.02191	0.03756	0.02658	0.32284
1.00000	0.00004	0.00015	0.00026	0.00030	0.00712	0.00132	0.00037	0.06160	0.00120	0.92765
1.00000	0.07624	0.01351	0.15548	0.12818	0.00603	0.02910	0.01148	0.02493	0.46603	0.08903
1.00000	0.00060	0.00064	0.00253	0.00312	0.02590	0.00632	0.00203	0.05621	0.02782	0.87481
1.00000	0.56833	0.00227	0.14238	0.04722	0.00625	0.07409	0.10739	0.00459	0.01887	0.02861
1.00000	0.00344	0.00096	0.00519	0.01337	0.00231	0.00109	0.00091	0.80489	0.00925	0.15859
1.00000	0.01782	0.00021	0.00885	0.00106	0.00220	0.00664	0.90770	0.00105	0.05326	0.00122
1.00000	0.02275	0.04335	0.13003	0.01146	0.07581	0.24011	0.08933	0.03781	0.32642	0.02293
1.00000	0.00158	0.00008	0.00667	0.00024	0.00206	0.00047	0.98669	0.00034	0.00018	0.00170
1.00000	0.01290	0.59109	0.04755	0.05857	0.02274	0.02612	0.01311	0.12927	0.06780	0.03085
1.00000	0.00781	0.00189	0.01093	0.89498	0.00018	0.06434	0.00280	0.00037	0.01633	0.00039
1.00000	0.00385	0.88272	0.02833	0.02503	0.00037	0.00987	0.01555	0.02476	0.00231	0.00722
1.00000	0.03120	0.00838	0.02025	0.01236	0.32140	0.03720	0.14057	0.09833	0.20070	0.12961
1.00000	0.00077	0.00007	0.01212	0.00116	0.00198	0.00248	0.97897	0.00082	0.00046	0.00116
1.00000	0.00474	0.06225	0.74980	0.02155	0.00356	0.01045	0.09531	0.00827	0.02349	0.02059
1.00000	0.00363	0.00801	0.00593	0.01216	0.12968	0.31654	0.05301	0.04460	0.36036	0.06610
1.00000	0.78476	0.00152	0.04921	0.02364	0.00640	0.00965	0.08639	0.00619	0.00067	0.03156
1.00000	0.00405	0.07151	0.02166	0.00492	0.42531	0.03331	0.01829	0.07108	0.00480	0.34507
1.00000	0.02503	0.01075	0.48281	0.09080	0.01321	0.05145	0.07678	0.02348	0.18360	0.04209
1.00000	0.08215	0.00566	0.03990	0.58702	0.00083	0.15039	0.03680	0.00829	0.08526	0.00371
1.00000	0.01213	0.00540	0.89812	0.01602	0.00313	0.01034	0.03585	0.00400	0.01223	0.00279
1.00000	0.92248	0.00063	0.00294	0.02623	0.00019	0.00732	0.03175	0.00510	0.00267	0.00068
1.00000	0.00167	0.00068	0.03545	0.00207	0.13859	0.02638	0.00636	0.06637	0.03132	0.69111
1.00000	0.03633	0.01575	0.61842	0.17784	0.00177	0.03877	0.02494	0.00193	0.08221	0.00203
1.00000	0.02791	0.85778	0.01849	0.01733	0.00670	0.00774	0.00710	0.02488	0.00862	0.02342
1.00000	0.00514	0.01982	0.08384	0.74207	0.00177	0.00474	0.01473	0.04026	0.08013	0.00750
1.00000	0.00259	0.00789	0.05370	0.79319	0.00592	0.03989	0.00499	0.05001	0.01145	0.03036
0.00000	0.00081	0.00269	0.04088	0.53409	0.00080	0.12290	0.00261	0.00476	0.26820	0.02226
1.00000	0.03116	0.00240	0.04113	0.12248	0.01602	0.56539	0.05753	0.01164	0.12415	0.02810
0.00000	0.05719	0.02526	0.04861	0.00376	0.15965	0.06016	0.11201	0.08827	0.24620	0.19889
1.00000	0.03732	0.00450	0.00198	0.01154	0.00137	0.06789	0.86494	0.00417	0.00410	0.00219
1.00000	0.00723	0.03533	0.01078	0.03551	0.00148	0.02112	0.00171	0.84129	0.00934	0.03622
1.00000	0.06357	0.00415	0.02972	0.00971	0.04206	0.01450	0.00270	0.76999	0.00735	0.05624
1.00000	0.06414	0.01060	0.01585	0.04948	0.00183	0.78853	0.01375	0.00758	0.02703	0.02122
1.00000	0.00421	0.00877	0.03939	0.00162	0.09697	0.03469	0.00384	0.05293	0.01337	0.74420
1.00000	0.00371	0.00611	0.03414	0.00213	0.75921	0.00691	0.01649	0.01668	0.01462	0.14001
1.00000	0.01582	0.01075	0.06439	0.01197	0.53369	0.06015	0.04051	0.17031	0.01741	0.07499
1.00000	0.63481	0.01744	0.09293	0.04889	0.02786	0.04029	0.03835	0.01174	0.02914	0.05856
1.00000	0.01970	0.01568	0.01532	0.03532	0.03050	0.09639	0.05238	0.01681	0.46605	0.25185
1.00000	0.01707	0.00077	0.00226	0.03133	0.02552	0.66570	0.09803	0.00398	0.00616	0.14918
1.00000	0.42603	0.02025	0.03265	0.02764	0.01630	0.17293	0.02458	0.10114	0.00795	0.17053
1.00000	0.01010	0.00196	0.02888	0.00138	0.48373	0.12244	0.07691	0.01240	0.00628	0.25593
1.00000	0.00143	0.00023	0.00898	0.00073	0.06097	0.00295	0.00089	0.11002	0.00336	0.81045
1.00000	0.00040	0.00922	0.00251	0.02719	0.00032	0.00345	0.00030	0.94869	0.00256	0.00534
1.00000	0.00531	0.00090	0.00332	0.00244	0.01836	0.01960	0.00272	0.90563	0.00153	0.04020
1.00000	0.12585	0.00338	0.08595	0.02044	0.01984	0.00965	0.05975	0.16348	0.00571	0.50594
1.00000	0.00475	0.00626	0.00336	0.03601	0.00165	0.00292	0.00050	0.87426	0.03569	0.03461
1.00000	0.00029	0.00090	0.00142	0.00155	0.01693	0.00228	0.00067	0.14074	0.00066	0.83456
1.00000	0.04897	0.00314	0.15907	0.01145	0.01970	0.01501	0.66998	0.01365	0.04698	0.01204
1.00000	0.76096	0.00220	0.09152	0.05801	0.00117	0.02294	0.03706	0.01230	0.01205	0.00179
1.00000	0.07129	0.00387	0.01297	0.21024	0.01379	0.57635	0.05249	0.04501	0.00681	0.00716
1.00000	0.00137	0.00836	0.01619	0.00419	0.00555	0.85349	0.00625	0.03535	0.03549	0.03376
1.00000	0.02331	0.00159	0.08693	0.00557	0.02253	0.02820	0.79534	0.00297	0.01072	0.02286
1.00000	0.03442	0.00065	0.00956	0.00023	0.00284	0.15066	0.78031	0.00274	0.00958	0.00901
1.00000	0.02922	0.03973	0.05372	0.00310	0.00862	0.69591	0.00850	0.06664	0.07828	0.01629
0.00000	0.00355	0.01247	0.01184	0.03568	0.01859	0.00690	0.00198	0.40470	0.02215	0.48213
0.00000	0.28637	0.02341	0.03347	0.10725	0.01592	0.16380	0.01974	0.30224	0.00286	0.04496
1.00000	0.00094	0.00024	0.00011	0.00007	0.00105	0.00082	0.00288	0.96445	0.00096	0.02849
1.00000	0.00883	0.00689	0.00398	0.02361	0.02924	0.73853	0.03915	0.09129	0.02205	0.03643
1.00000	0.00141	0.01074	0.00657	0.00371	0.09846	0.00674	0.00221	0.08213	0.00390	0.78412
1.00000	0.00749	0.02112	0.02222	0.02006	0.53207	0.04558	0.11093	0.04889	0.04577	0.14587
1.00000	0.00151	0.00368	0.04381	0.00218	0.69651	0.06123	0.02664	0.13191	0.00088	0.03166
1.00000	0.00111	0.00005	0.00531	0.00035	0.07262	0.00274	0.00119	0.05903	0.00361	0.85399
1.00000	0.00099	0.00055	0.94773	0.02177	0.00013	0.00103	0.00380	0.02143	0.00216	0.00042
1.00000	0.89515	0.00038	0.00919	0.01703	0.00289	0.00726	0.01015	0.00367	0.05122	0.00307
1.00000	0.01024	0.00052	0.66230	0.01189	0.01434	0.07317	0.12101	0.00861	0.09153	0.00640
0.00000	0.00149	0.00034	0.00014	0.00057	0.01724	0.00134	0.00035	0.47555	0.00055	0.50244
1.00000	0.00407	0.78135	0.00233	0.00209	0.00208	0.01009	0.00937	0.11910	0.00340	0.06612
1.00000	0.00793	0.02879	0.01674	0.67916	0.00197	0.14377	0.02383	0.00845	0.04265	0.04672
1.00000	0.00505	0.02563	0.86241	0.00880	0.00790	0.01403	0.04240	0.00368	0.02518	0.00490
1.00000	0.65609	0.03849	0.11100	0.03953	0.00342	0.03727	0.05746	0.03299	0.00107	0.02269
1.00000	0.03675	0.01000	0.01778	0.00059	0.00964	0.01599	0.90371	0.00107	0.00356	0.00089
1.00000	0.00417	0.86353	0.02539	0.02734	0.00092	0.00123	0.00499	0.06240	0.00280	0.00723
1.00000	0.00141	0.00033	0.00039	0.00057	0.00114	0.00020	0.00229	0.98911	0.00078	0.00378
1.00000	0.01196	0.01060	0.01144	0.00364	0.07114	0.01442	0.01246	0.67506	0.01381	0.17545
1.00000	0.16200	0.02845	0.01713	0.00392	0.18269	0.08594	0.09715	0.22597	0.00736	0.18939
0.00000	0.00126	0.00025	0.00266	0.00327	0.08313	0.00514	0.01245	0.01238	0.05229	0.82717
1.00000	0.02903	0.00550	0.07449	0.00201	0.75162	0.01010	0.08157	0.02065	0.00458	0.02046
1.00000	0.00436	0.00151	0.00040	0.00076	0.00078	0.00136	0.00035	0.95591	0.00028	0.03429
1.00000	0.00149	0.06916	0.01811	0.01056	0.06225	0.08340	0.03483	0.58080	0.01940	0.12000
1.00000	0.00673	0.00221	0.07454	0.00846	0.25028	0.02055	0.57134	0.03120	0.00106	0.03362
1.00000	0.00060	0.00085	0.01714	0.03541	0.00020	0.00315	0.00056	0.00256	0.92742	0.01210
0.00000	0.01417	0.01455	0.02736	0.01601	0.38281	0.01121	0.15266	0.20870	0.02257	0.14995
1.00000	0.12028	0.01636	0.36783	0.09785	0.00403	0.03252	0.11690	0.00113	0.23210	0.01099
1.00000	0.00563	0.00297	0.00823	0.01393	0.00047	0.92532	0.00404	0.00270	0.02829	0.00841
1.00000	0.05977	0.02163	0.03853	0.00527	0.56162	0.09767	0.11090	0.02329	0.02329	0.05803
1.00000	0.02040	0.02486	0.01938	0.85352	0.00146	0.04019	0.02512	0.00794	0.00513	0.00200
1.00000	0.00137	0.00068	0.00540	0.00102	0.65595	0.07284	0.00735	0.03228	0.00119	0.22192
1.00000	0.00042	0.00006	0.00074	0.00037	0.00025	0.00141	0.00030	0.98532	0.00011	0.01103
0.00000	0.25342	0.01191	0.15242	0.04854	0.12101	0.09860	0.06441	0.13015	0.02781	0.09173
1.00000	0.00852	0.00104	0.05058	0.05582	0.00295	0.00319	0.00373	0.00449	0.80853	0.06116
1.00000	0.00295	0.00319	0.00659	0.01801	0.01568	0.03515	0.00414	0.02533	0.78675	0.10220
1.00000	0.00248	0.03601	0.00072	0.00662	0.00778	0.00518	0.00095	0.90163	0.01808	0.02055
1.00000	0.01599	0.66130	0.01757	0.01274	0.02698	0.03444	0.00653	0.11422	0.01852	0.09170
1.00000	0.03059	0.00069	0.02469	0.82416	0.00125	0.08412	0.01836	0.00738	0.00490	0.00385
1.00000	0.00432	0.00016	0.02462	0.00024	0.00159	0.01554	0.95062	0.00152	0.00037	0.00103
1.00000	0.00064	0.00012	0.01291	0.00182	0.04194	0.00259	0.00129	0.01498	0.00810	0.91562
1.00000	0.00785	0.82541	0.00973	0.00426	0.00453	0.00357	0.01006	0.05162	0.01880	0.06418
1.00000	0.00089	0.01786	0.00135	0.01080	0.01318	0.00279	0.00052	0.84471	0.00744	0.10046
1.00000	0.00471	0.00101	0.06674	0.00742	0.55863	0.02303	0.17108	0.03741	0.00349	0.12648
0.00000	0.03740	0.01623	0.13809	0.05723	0.25744	0.01867	0.19426	0.24029	0.00366	0.03672
1.00000	0.02339	0.01220	0.30932	0.49967	0.00712	0.02452	0.07260	0.01449	0.03307	0.00361
1.00000	0.84172	0.00300	0.01498	0.00758	0.02193	0.02229	0.03098	0.05287	0.00376	0.00087
1.00000	0.01086	0.07024	0.00428	0.06426	0.00788	0.39354	0.01017	0.21694	0.06110	0.16072
1.00000	0.03387	0.00120	0.02993	0.76739	0.00030	0.11605	0.01955	0.01374	0.00976	0.00821
1.00000	0.03969	0.00180	0.65231	0.02694	0.04471	0.01279	0.20194	0.00440	0.00738	0.00803
1.00000	0.01011	0.00660	0.11171	0.76624	0.00525	0.02416	0.00920	0.00293	0.06069	0.00312
1.00000	0.02431	0.02885	0.03615	0.18684	0.00563	0.59410	0.03917	0.04466	0.02997	0.01032
1.00000	0.00346	0.00060	0.01956	0.15128	0.00046	0.74656	0.03694	0.00047	0.03108	0.00959
1.00000	0.00004	0.00004	0.00055	0.00050	0.01108	0.00347	0.00014	0.03872	0.00097	0.94450
0.00000	0.03015	0.00934	0.15550	0.17882	0.06303	0.17020	0.08663	0.04557	0.10797	0.15279
1.00000	0.00071	0.00023	0.00799	0.00060	0.00111	0.00576	0.98176	0.00063	0.00021	0.00100
1.00000	0.00200	0.00021	0.00092	0.00078	0.79619	0.00146	0.01876	0.06934	0.00130	0.10903
1.00000	0.85107	0.00101	0.02279	0.05838	0.00049	0.03526	0.01155	0.01048	0.00562	0.00335
1.00000	0.00845	0.00349	0.00766	0.02718	0.01966	0.04724	0.04583	0.01474	0.63930	0.18645
1.00000	0.93514	0.00254	0.00746	0.00573	0.00311	0.00541	0.01945	0.01936	0.00151	0.00029
1.00000	0.00400	0.00708	0.04705	0.07844	0.01711	0.00544	0.00784	0.71555	0.02085	0.09664
1.00000	0.10298	0.07060	0.31820	0.22742	0.02829	0.12585	0.06977	0.01562	0.02451	0.01675
1.00000	0.04728	0.01659	0.00880	0.00587	0.03684	0.05528	0.09906	0.19504	0.43505	0.10019
1.00000	0.01072	0.00492	0.04988	0.21784	0.00583	0.13650	0.19447	0.00956	0.36309	0.00718
0.00000	0.08215	0.01955	0.09920	0.16409	0.00349	0.32213	0.07037	0.00556	0.22628	0.00719
1.00000	0.00063	0.00019	0.00032	0.00243	0.00054	0.00034	0.00226	0.96519	0.00043	0.02766
1.00000	0.00965	0.07895	0.35898	0.11942	0.00336	0.06892	0.05026	0.04228	0.23593	0.03225
1.00000	0.00170	0.00202	0.04360	0.00478	0.00804	0.05280	0.86469	0.00266	0.01527	0.00445
1.00000	0.88099	0.00088	0.00434	0.00241	0.00235	0.03930	0.03744	0.03090	0.00081	0.00058
1.00000	0.00966	0.02042	0.02303	0.00747	0.03116	0.65468	0.04436	0.01756	0.05346	0.13820
1.00000	0.03271	0.00207	0.01124	0.20954	0.00253	0.54599	0.01617	0.08454	0.08079	0.01442
1.00000	0.01280	0.00233	0.84827	0.01137	0.00672	0.00657	0.03070	0.01467	0.06506	0.00150
1.00000	0.00544	0.00789	0.00551	0.00936	0.00532	0.89886	0.05042	0.00618	0.00942	0.00160
1.00000	0.00780	0.60801	0.05673	0.04334	0.01242	0.02880	0.00698	0.07380	0.06257	0.09955
1.00000	0.00355	0.00310	0.03427	0.88356	0.00073	0.02578	0.02619	0.00170	0.01825	0.00288
1.00000	0.03301	0.00492	0.03891	0.01909	0.07119	0.00806	0.77532	0.03015	0.01014	0.00920
1.00000	0.09132	0.00876	0.06801	0.00639	0.55420	0.07099	0.12166	0.03315	0.00582	0.03971
1.00000	0.00470	0.01578	0.01129	0.05006	0.01231	0.01390	0.00062	0.80919	0.00441	0.07775
1.00000	0.01160	0.00273	0.00995	0.00121	0.87224	0.02839	0.00952	0.02985	0.00144	0.03308
1.00000	0.87062	0.00280	0.01445	0.06847	0.00115	0.00673	0.01063	0.00388	0.00476	0.01651
0.00000	0.00417	0.01771	0.24906	0.26559	0.00067	0.01338	0.01538	0.00551	0.42553	0.00302
1.00000	0.32562	0.01061	0.17293	0.02922	0.02902	0.01376	0.24471	0.07352	0.00831	0.09231
0.00000	0.02492	0.04291	0.39133	0.24312	0.00070	0.00906	0.00781	0.16431	0.09842	0.01741
1.00000	0.00369	0.00005	0.00078	0.00127	0.03133	0.00658	0.00380	0.03250	0.00109	0.91892
1.00000	0.01552	0.00672	0.82002	0.06184	0.00342	0.00798	0.01391	0.04479	0.01972	0.00607
1.00000	0.00844	0.00240	0.01374	0.05310	0.00101	0.81941	0.01751	0.01315	0.03510	0.03613
1.00000	0.26190	0.00118	0.48800	0.00350	0.00497	0.05239	0.13649	0.00914	0.02781	0.01462
0.00000	0.00890	0.00846	0.03976	0.00533	0.38900	0.04849	0.21293	0.04105	0.08204	0.16404
1.00000	0.00105	0.02423	0.00351	0.01175	0.05842	0.01858	0.00562	0.03031	0.05688	0.78966
1.00000	0.00035	0.00027	0.01057	0.00029	0.02027	0.00608	0.00040	0.10135	0.00075	0.85967
1.00000	0.03372	0.00613	0.12331	0.02316	0.05873	0.01637	0.66141	0.03182	0.03284	0.01251
1.00000	0.00413	0.00214	0.13889	0.07258	0.00480	0.05694	0.00937	0.01664	0.64210	0.05241
1.00000	0.13497	0.00429	0.70683	0.05265	0.00480	0.00430	0.01308	0.02540	0.05233	0.00136
1.00000	0.58976	0.00208	0.10248	0.02042	0.00644	0.02812	0.14534	0.03021	0.02238	0.05275
1.00000	0.00246	0.01652	0.01429	0.06086	0.00233	0.01772	0.01524	0.06468	0.77120	0.03469
1.00000	0.02446	0.01539	0.01121	0.00536	0.00090	0.89647	0.03386	0.00230	0.00939	0.00066
1.00000	0.00458	0.00147	0.00613	0.01132	0.62583	0.00726	0.03948	0.08719	0.00189	0.21486
1.00000	0.02685	0.00041	0.00634	0.00017	0.00429	0.00604	0.95307	0.00112	0.00020	0.00151
1.00000	0.02425	0.01209	0.06877	0.00422	0.44765	0.02220	0.05555	0.01293	0.04474	0.30761
1.00000	0.00161	0.00026	0.00145	0.00193	0.00005	0.00097	0.00084	0.94995	0.01492	0.02802
1.00000	0.04260	0.04314	0.01277	0.62935	0.00386	0.04557	0.01330	0.02570	0.06775	0.11596
1.00000	0.00968	0.00036	0.00744	0.01266	0.01172	0.01181	0.00504	0.00075	0.92858	0.01195
0.00000	0.00228	0.00468	0.34865	0.15569	0.00262	0.00349	0.00274	0.08534	0.37794	0.01657
1.00000	0.32952	0.00982	0.12059	0.02823	0.03913	0.01506	0.18442	0.20400	0.01626	0.05297
1.00000	0.03958	0.01564	0.03743	0.65857	0.00628	0.05285	0.01270	0.02714	0.08552	0.06430
1.00000	0.00620	0.00219	0.00497	0.00200	0.00078	0.03961	0.93455	0.00077	0.00671	0.00223
1.00000	0.00198	0.90339	0.02102	0.01290	0.00461	0.00170	0.01025	0.03698	0.00231	0.00486
1.00000	0.00204	0.00406	0.03968	0.80631	0.00062	0.02894	0.00773	0.00543	0.09702	0.00817
0.00000	0.17814	0.00155	0.12946	0.30276	0.00591	0.01721	0.03622	0.03271	0.24160	0.05445
1.00000	0.01916	0.00173	0.10142	0.11283	0.02052	0.06103	0.10124	0.03043	0.49722	0.05441
1.00000	0.00649	0.00393	0.04087	0.00121	0.00185	0.87842	0.02813	0.00211	0.00658	0.03041
0.00000	0.17121	0.02626	0.11015	0.21353	0.03061	0.07622	0.06105	0.07432	0.14535	0.09129
1.00000	0.10622	0.01595	0.05660	0.66844	0.00775	0.01437	0.00968	0.00263	0.11310	0.00526
1.00000	0.27904	0.01991	0.14277	0.39013	0.00023	0.04802	0.04357	0.06737	0.00830	0.00065
1.00000	0.00366	0.00146	0.02940	0.00613	0.40726	0.01871	0.12255	0.03018	0.06300	0.31765
1.00000	0.02395	0.02891	0.12732	0.49674	0.00045	0.10779	0.01193	0.00382	0.19671	0.00238
0.00000	0.00731	0.00847	0.46903	0.11527	0.05930	0.01337	0.15410	0.14296	0.01913	0.01104
0.00000	0.08866	0.02027	0.15312	0.20866	0.03485	0.13222	0.07326	0.05027	0.18616	0.05253
1.00000	0.00935	0.01034	0.12893	0.23229	0.00845	0.07110	0.04618	0.04541	0.37927	0.06868
1.00000	0.96095	0.00015	0.00875	0.00251	0.00007	0.00275	0.02320	0.00046	0.00089	0.00027
1.00000	0.00438	0.00188	0.01753	0.03751	0.00064	0.91184	0.00999	0.00278	0.00053	0.01292
1.00000	0.00617	0.00161	0.02757	0.91870	0.00009	0.02301	0.00048	0.00117	0.02075	0.00044
1.00000	0.03584	0.01452	0.12169	0.00298	0.52620	0.12213	0.07997	0.04486	0.02727	0.02456
1.00000	0.01317	0.09418	0.07554	0.00750	0.50814	0.08965	0.04870	0.05730	0.04413	0.06170
1.00000	0.00027	0.00006	0.00016	0.00080	0.00188	0.00046	0.00031	0.04636	0.00190	0.94780
1.00000	0.01033	0.00090	0.00444	0.03623	0.12328	0.17343	0.06977	0.14757	0.00564	0.42841
1.00000	0.00346	0.01096	0.18108	0.75879	0.00038	0.00786	0.00896	0.00442	0.02082	0.00327
1.00000	0.00523	0.00226	0.03560	0.01354	0.06564	0.00373	0.05491	0.09850	0.04791	0.67267
0.00000	0.00764	0.00848	0.01117	0.01231	0.00688	0.36463	0.04665	0.00244	0.34392	0.19589
1.00000	0.00008	0.00016	0.00083	0.00024	0.03968	0.00083	0.00043	0.04022	0.00236	0.91517
1.00000	0.01025	0.00580	0.01292	0.06288	0.03901	0.11168	0.06595	0.03422	0.56479	0.09248
1.00000	0.81937	0.00291	0.05775	0.03659	0.00130	0.04249	0.02096	0.00670	0.00582	0.00613
1.00000	0.00729	0.86394	0.04975	0.01264	0.00319	0.00559	0.00912	0.03396	0.00469	0.00985
1.00000	0.00304	0.00412	0.01616	0.55107	0.00371	0.04580	0.02000	0.03657	0.13611	0.18341
1.00000	0.91983	0.00289	0.00694	0.00577	0.00006	0.04087	0.01668	0.00293	0.00331	0.00071
1.00000	0.05999	0.03218	0.51839	0.01499	0.16066	0.02464	0.03438	0.07424	0.00246	0.07807
1.00000	0.00042	0.00058	0.00132	0.01229	0.02213	0.00630	0.00057	0.12054	0.01958	0.81626
1.00000	0.00013	0.00038	0.00023	0.00013	0.00800	0.00072	0.00052	0.92578	0.00034	0.06377
1.00000	0.01113	0.00155	0.03118	0.03536	0.00320	0.11417	0.25016	0.00333	0.51747	0.03245
1.00000	0.12070	0.00585	0.00750	0.00981	0.04032	0.07107	0.01814	0.62207	0.01382	0.09072
1.00000	0.98546	0.00016	0.00111	0.00200	0.00012	0.00063	0.00336	0.00029	0.00626	0.00061
1.00000	0.00042	0.01890	0.00151	0.00792	0.06155	0.00293	0.00375	0.10284	0.01604	0.78414
1.00000	0.05475	0.00199	0.11033	0.00617	0.02010	0.00910	0.76998	0.00294	0.02187	0.00278
1.00000	0.00501	0.03192	0.00323	0.02050	0.00070	0.00628	0.00096	0.90460	0.00477	0.02203
1.00000	0.00774	0.00276	0.00725	0.00363	0.78334	0.04552	0.06471	0.03460	0.00234	0.04810
1.00000	0.00351	0.00551	0.00038	0.00149	0.00604	0.00328	0.00445	0.77339	0.00108	0.20088
1.00000	0.02661	0.65753	0.04372	0.07585	0.02525	0.02348	0.01763	0.04411	0.05479	0.03103
1.00000	0.00047	0.00083	0.00179	0.00180	0.02036	0.04601	0.00059	0.02522	0.05124	0.85169
1.00000	0.01507	0.00632	0.60523	0.18433	0.00243	0.00411	0.04988	0.12818	0.00384	0.00060
1.00000	0.19413	0.03809	0.38506	0.15699	0.00995	0.03241	0.07828	0.06785	0.00905	0.02819
1.00000	0.00404	0.00226	0.82118	0.10537	0.00024	0.00596	0.03323	0.00678	0.01960	0.00134
1.00000	0.02504	0.87112	0.01932	0.01882	0.00347	0.01754	0.01015	0.00626	0.00952	0.01877
1.00000	0.00177	0.00273	0.08075	0.05808	0.00398	0.01240	0.00660	0.00248	0.79407	0.03714
1.00000	0.00147	0.00197	0.02712	0.87536	0.00134	0.01703	0.00253	0.02216	0.03288	0.01814
1.00000	0.01151	0.02780	0.03860	0.81768	0.00063	0.01226	0.00878	0.01017	0.06605	0.00652
1.00000	0.00085	0.00250	0.00861	0.95714	0.00044	0.00799	0.00254	0.00157	0.01632	0.00206
1.00000	0.00938	0.00065	0.00117	0.00043	0.00192	0.00611	0.00232	0.95366	0.00031	0.02404
1.00000	0.45577	0.00116	0.06857	0.22132	0.00400	0.01895	0.09311	0.12359	0.00553	0.00800
1.00000	0.16206	0.04402	0.05663	0.01225	0.06103	0.04022	0.09417	0.07282	0.21821	0.23859
1.00000	0.44134	0.01107	0.10842	0.00332	0.01495	0.01601	0.13639	0.16915	0.01069	0.08867
1.00000	0.03237	0.00733	0.00973	0.45651	0.00657	0.08062	0.03548	0.00490	0.27001	0.09649
1.00000	0.00430	0.89100	0.01695	0.00445	0.00161	0.01110	0.00389	0.02608	0.01329	0.02732
1.00000	0.00284	0.01451	0.00479	0.58923	0.01207	0.30872	0.00896	0.02597	0.02864	0.00427
1.00000	0.01220	0.00610	0.02264	0.00866	0.01713	0.06069	0.01717	0.83749	0.00244	0.01550
1.00000	0.00526	0.00451	0.00102	0.03947	0.00451	0.85332	0.08306	0.00145	0.00498	0.00242
0.00000	0.05576	0.44441	0.04186	0.02825	0.00186	0.32451	0.07668	0.00597	0.01049	0.01021
1.00000	0.01160	0.00158	0.05247	0.06241	0.00309	0.01004	0.00380	0.01505	0.78968	0.05029
1.00000	0.01963	0.00872	0.01475	0.04404	0.03348	0.04751	0.00108	0.67958	0.00765	0.14356
1.00000	0.00977	0.00435	0.04593	0.09461	0.00694	0.04077	0.02500	0.05714	0.65440	0.06109
1.00000	0.00691	0.12140	0.01093	0.00526	0.50003	0.01140	0.09600	0.02674	0.01049	0.21084
1.00000	0.02092	0.02148	0.03531	0.05767	0.00319	0.79855	0.01542	0.00460	0.03251	0.01035
1.00000	0.02758	0.00330	0.01768	0.01152	0.76551	0.08573	0.03898	0.01615	0.00483	0.02873
1.00000	0.01750	0.00768	0.77390	0.01180	0.03302	0.01603	0.07161	0.00172	0.06560	0.00114
1.00000	0.00547	0.03756	0.00133	0.01787	0.03534	0.00864	0.01626	0.07940	0.05520	0.74295
1.00000	0.00163	0.90632	0.01107	0.00503	0.00236	0.00299	0.00343	0.05012	0.00713	0.00993
1.00000	0.00099	0.00397	0.01442	0.00142	0.55800	0.07990	0.00423	0.02964	0.00078	0.30666
1.00000	0.00216	0.00957	0.06252	0.12572	0.00656	0.08037	0.00482	0.01669	0.56536	0.12623
1.00000	0.00024	0.00013	0.00112	0.00276	0.03009	0.00288	0.00062	0.05559	0.00256	0.90400
1.00000	0.06872	0.01461	0.00947	0.05079	0.00449	0.57634	0.00597	0.11425	0.11572	0.03964
0.00000	0.03815	0.03289	0.02155	0.21119	0.19013	0.09246	0.08127	0.19711	0.02217	0.11309
1.00000	0.00490	0.00059	0.00469	0.00677	0.00096	0.00714	0.00243	0.00060	0.94896	0.02296
1.00000	0.05493	0.00516	0.09899	0.27201	0.00132	0.02169	0.01701	0.00407	0.52328	0.00154
1.00000	0.85548	0.00053	0.02357	0.01544	0.00221	0.00566	0.04287	0.00317	0.00841	0.04265
1.00000	0.00612	0.00346	0.01031	0.10101	0.07025	0.50015	0.26589	0.00909	0.02030	0.01343
1.00000	0.02858	0.01052	0.53286	0.17561	0.01427	0.02911	0.09572	0.02065	0.08772	0.00496
1.00000	0.04361	0.00101	0.00072	0.00952	0.00171	0.19431	0.72868	0.00158	0.01332	0.00553
1.00000	0.04291	0.01778	0.06927	0.06045	0.00131	0.01978	0.00591	0.67495	0.07715	0.03048
1.00000	0.00778	0.01185	0.00791	0.66312	0.01326	0.03159	0.01293	0.06711	0.04175	0.14270
1.00000	0.00014	0.00005	0.00121	0.00118	0.01073	0.00510	0.00328	0.05230	0.00175	0.92425
1.00000	0.00102	0.00084	0.92493	0.01097	0.00395	0.00419	0.02394	0.00164	0.02800	0.00053
1.00000	0.00513	0.00638	0.01612	0.06588	0.00272	0.05950	0.00404	0.00685	0.79904	0.03434
1.00000	0.00817	0.01810	0.01006	0.01239	0.01895	0.60073	0.16449	0.01618	0.00521	0.14573
0.00000	0.04865	0.01534	0.10117	0.17095	0.05811	0.02994	0.15484	0.23236	0.11977	0.06888
1.00000	0.00025	0.00371	0.00094	0.00166	0.01126	0.01916	0.00044	0.08913	0.01031	0.86315
1.00000	0.00307	0.00040	0.92298	0.01389	0.00015	0.00073	0.00615	0.04968	0.00274	0.00021
1.00000	0.01099	0.00062	0.04689	0.00294	0.00307	0.00502	0.91004	0.00056	0.01558	0.00428
1.00000	0.00039	0.00016	0.00192	0.00273	0.04660	0.00092	0.00088	0.10029	0.00524	0.84089
1.00000	0.00093	0.01028	0.80032	0.01192	0.03016	0.01168	0.01971	0.09241	0.00569	0.01690
1.00000	0.92578	0.00045	0.01277	0.00390	0.00008	0.01720	0.01590	0.01055	0.00718	0.00620
1.00000	0.03386	0.08249	0.02456	0.03723	0.03118	0.06924	0.64053	0.00620	0.01762	0.05709
0.00000	0.01305	0.00204	0.12560	0.12381	0.00824	0.02521	0.03037	0.00748	0.58293	0.08127
1.00000	0.89879	0.00231	0.01376	0.00869	0.00412	0.02367	0.02986	0.01119	0.00712	0.00048
1.00000	0.10657	0.05482	0.06861	0.00531	0.00235	0.17398	0.55670	0.00250	0.02574	0.00341
1.00000	0.38507	0.00489	0.03830	0.06471	0.02989	0.27145	0.01671	0.14818	0.01152	0.02928
1.00000	0.02147	0.00890	0.01287	0.74130	0.00191	0.13206	0.06345	0.00551	0.00993	0.00259
1.00000	0.00082	0.00483	0.86371	0.03194	0.00100	0.00727	0.04555	0.03771	0.00413	0.00303
1.00000	0.00120	0.00081	0.00222	0.00033	0.00270	0.00042	0.98899	0.00060	0.00255	0.00019
1.00000	0.00764	0.05486	0.02984	0.05447	0.03428	0.10856	0.01099	0.24458	0.04183	0.41294
1.00000	0.00061	0.00059	0.00149	0.00268	0.00110	0.00185	0.00018	0.92833	0.00020	0.06298
1.00000	0.00024	0.00008	0.01687	0.00107	0.01844	0.00519	0.00582	0.09970	0.00111	0.85148
1.00000	0.77621	0.00366	0.03352	0.03624	0.00122	0.05283	0.01330	0.06102	0.00954	0.01244
1.00000	0.00349	0.00133	0.00951	0.00603	0.00781	0.01646	0.00466	0.14940	0.00411	0.79719
0.00000	0.27514	0.02552	0.03972	0.38029	0.00668	0.04817	0.04546	0.00526	0.16862	0.00515
1.00000	0.01722	0.00243	0.09414	0.01478	0.05065	0.03268	0.10540	0.01961	0.41400	0.24909
1.00000	0.01938	0.00152	0.08510	0.00137	0.03168	0.00245	0.84148	0.00863	0.00135	0.00705
1.00000	0.00592	0.00032	0.00091	0.00693	0.03026	0.00139	0.00379	0.88152	0.00239	0.06656
1.00000	0.17955	0.00976	0.00711	0.04860	0.00436	0.64839	0.05958	0.00817	0.01707	0.01738
1.00000	0.90598	0.00122	0.01243	0.00841	0.00032	0.01791	0.03387	0.00543	0.01059	0.00384
1.00000	0.00095	0.94541	0.00497	0.00776	0.00172	0.00174	0.00695	0.02718	0.00020	0.00312
0.00000	0.20008	0.01396	0.04510	0.38733	0.00398	0.22691	0.01776	0.05613	0.02965	0.01909
1.00000	0.01918	0.02454	0.72126	0.02188	0.05741	0.02488	0.02839	0.06636	0.01827	0.01782
1.00000	0.01237	0.00226	0.00638	0.00781	0.00060	0.88854	0.01164	0.00194	0.05419	0.01427
1.00000	0.02710	0.00361	0.02825	0.00619	0.57075	0.01703	0.06603	0.16885	0.01052	0.10167
1.00000	0.00227	0.00553	0.02700	0.00655	0.04927	0.00324	0.01417	0.81418	0.00063	0.07716
1.00000	0.01664	0.01303	0.55179	0.22254	0.00185	0.01949	0.03497	0.05786	0.04994	0.03189
1.00000	0.00437	0.00233	0.13577	0.09558	0.00356	0.03134	0.01443	0.00225	0.69240	0.01797
1.00000	0.00188	0.00043	0.00244	0.00050	0.00044	0.03076	0.95867	0.00027	0.00380	0.00079
1.00000	0.09122	0.00113	0.07845	0.00388	0.02628	0.00837	0.64596	0.01987	0.09187	0.03297
1.00000	0.00154	0.88436	0.00619	0.00095	0.00065	0.01078	0.00579	0.04485	0.00071	0.04420
0.00000	0.44388	0.04335	0.20853	0.08137	0.04670	0.04184	0.01979	0.02441	0.07825	0.01186
1.00000	0.00026	0.00051	0.00029	0.00053	0.00016	0.00090	0.00004	0.99118	0.00100	0.00514
1.00000	0.02348	0.00870	0.64998	0.01207	0.07809	0.02147	0.03623	0.11146	0.03987	0.01866
0.00000	0.19965	0.00281	0.22923	0.22307	0.00112	0.00975	0.01224	0.00298	0.31599	0.00316
1.00000	0.13336	0.00768	0.04020	0.03706	0.00521	0.54050	0.09859	0.01225	0.09537	0.02978
1.00000	0.00067	0.00030	0.00038	0.00125	0.00123	0.00530	0.00054	0.95974	0.00167	0.02893
1.00000	0.09579	0.00070	0.01416	0.01401	0.00145	0.09691	0.72330	0.00579	0.00484	0.04305
1.00000	0.73745	0.00381	0.09497	0.03824	0.02135	0.01367	0.06905	0.00217	0.00890	0.01039
1.00000	0.00947	0.00216	0.02055	0.66427	0.00454	0.09761	0.02727	0.00200	0.08171	0.09041
1.00000	0.00049	0.00035	0.00138	0.00049	0.71237	0.00277	0.00447	0.03582	0.00072	0.24114
1.00000	0.01101	0.01971	0.91530	0.00225	0.00640	0.00618	0.01153	0.01694	0.01027	0.00040
1.00000	0.04678	0.00343	0.01376	0.01505	0.32804	0.06407	0.24118	0.06482	0.04469	0.17818
1.00000	0.01070	0.01530	0.01946	0.25010	0.00076	0.61446	0.02656	0.00544	0.02828	0.02893
1.00000	0.02926	0.61809	0.02633	0.01337	0.00798	0.02305	0.18473	0.02016	0.01229	0.06473
1.00000	0.00279	0.01148	0.02980	0.01235	0.14453	0.03295	0.02190	0.65472	0.00631	0.08317
1.00000	0.01376	0.01378	0.18087	0.07800	0.01685	0.08949	0.05696	0.04348	0.49445	0.01235
1.00000	0.68252	0.00404	0.07207	0.07604	0.01366	0.01110	0.12453	0.00134	0.01232	0.00236
1.00000	0.01817	0.84489	0.02427	0.02094	0.00565	0.00414	0.00618	0.01970	0.01894	0.03710
1.00000	0.01469	0.04749	0.05150	0.00776	0.71556	0.03792	0.00749	0.03002	0.00869	0.07889
1.00000	0.01458	0.00190	0.00488	0.00971	0.69447	0.01222	0.07622	0.14496	0.00331	0.03775
1.00000	0.05998	0.00381	0.01619	0.02415	0.00565	0.74352	0.01561	0.01599	0.08011	0.03498
1.00000	0.00445	0.00358	0.00582	0.02909	0.02476	0.49605	0.02512	0.20799	0.16048	0.04264
1.00000	0.00012	0.00005	0.00979	0.00019	0.02123	0.00199	0.02492	0.04009	0.00246	0.89917
1.00000	0.72675	0.00808	0.10404	0.02120	0.00417	0.00925	0.08306	0.01417	0.00903	0.02024
1.00000	0.00313	0.00044	0.96063	0.00280	0.00068	0.00175	0.01984	0.00057	0.00936	0.00080
1.00000	0.01487	0.65014	0.02573	0.05526	0.00367	0.02894	0.02013	0.07702	0.04816	0.07609
1.00000	0.00867	0.00245	0.07104	0.00229	0.69880	0.00742	0.14483	0.02690	0.01565	0.02193
1.00000	0.91718	0.00044	0.01072	0.00739	0.01879	0.00742	0.00979	0.01954	0.00574	0.00300
1.00000	0.00185	0.00060	0.00158	0.00063	0.00158	0.00075	0.00170	0.96065	0.00232	0.02834
1.00000	0.03056	0.05432	0.12930	0.03348	0.04794	0.05507	0.20280	0.05350	0.29232	0.10071
0.00000	0.04698	0.00899	0.00373	0.14571	0.02809	0.27342	0.03856	0.06941	0.08566	0.29946
0.00000	0.00709	0.17778	0.03728	0.05809	0.00782	0.10284	0.01080	0.29806	0.10117	0.19908
1.00000	0.00311	0.00137	0.01127	0.00106	0.01806	0.02302	0.01136	0.04727	0.04238	0.84109
1.00000	0.06302	0.00240	0.02348	0.24042	0.01085	0.40091	0.11430	0.00956	0.11478	0.02027
0.00000	0.03177	0.05354	0.01925	0.18944	0.01311	0.17956	0.20924	0.07464	0.11343	0.11602
1.00000	0.00104	0.00023	0.00699	0.00058	0.89805	0.00287	0.00830	0.01957	0.00172	0.06065
1.00000	0.00027	0.00081	0.00751	0.02208	0.03452	0.00250	0.03097	0.78750	0.00063	0.11320
1.00000	0.00946	0.77301	0.01982	0.00752	0.00353	0.00967	0.00455	0.11669	0.01644	0.03930
1.00000	0.00599	0.00152	0.00105	0.00130	0.01049	0.02547	0.00970	0.86700	0.00783	0.06965
1.00000	0.00149	0.03034	0.03187	0.02923	0.00082	0.01327	0.00164	0.84958	0.01860	0.02317
1.00000	0.02451	0.11668	0.51981	0.13607	0.00696	0.06304	0.07334	0.04142	0.01240	0.00579
1.00000	0.00019	0.00027	0.98955	0.00271	0.00015	0.00267	0.00098	0.00094	0.00190	0.00064
1.00000	0.00362	0.83026	0.00472	0.00301	0.00096	0.00280	0.00330	0.09242	0.00127	0.05764
1.00000	0.00142	0.92108	0.00291	0.00116	0.00317	0.00245	0.00236	0.05345	0.00190	0.01010
1.00000	0.00290	0.00024	0.00187	0.00070	0.03662	0.03804	0.00516	0.03765	0.01029	0.86653
1.00000	0.00613	0.81456	0.00416	0.00430	0.00324	0.00509	0.00351	0.09655	0.00171	0.06076
1.00000	0.57931	0.02504	0.09281	0.01469	0.01182	0.06449	0.08115	0.09424	0.02546	0.01099
1.00000	0.00037	0.00071	0.02554	0.00685	0.00043	0.01232	0.00820	0.00160	0.93162	0.01237
1.00000	0.92449	0.00042	0.01333	0.00369	0.00051	0.02893	0.01978	0.00361	0.00343	0.00179
1.00000	0.00345	0.00077	0.00249	0.00053	0.95594	0.01247	0.01006	0.01045	0.00028	0.00356
1.00000	0.04184	0.07847	0.01938	0.02305	0.48851	0.01078	0.02270	0.02953	0.06536	0.22036
1.00000	0.10122	0.00240	0.58073	0.07108	0.02134	0.02872	0.15907	0.01228	0.01937	0.00379
1.00000	0.04125	0.01643	0.01235	0.84641	0.00277	0.02938	0.00886	0.00152	0.03161	0.00942
1.00000	0.00251	0.00468	0.00294	0.00308	0.00020	0.00297	0.00056	0.97490	0.00126	0.00689
1.00000	0.65508	0.01948	0.08676	0.03923	0.00144	0.01553	0.11836	0.00957	0.01009	0.04446
1.00000	0.00055	0.00096	0.01186	0.00053	0.00156	0.02035	0.95885	0.00029	0.00438	0.00066
1.00000	0.00069	0.00043	0.00418	0.00230	0.76936	0.02174	0.00769	0.07420	0.00875	0.11065
1.00000	0.00039	0.01390	0.01566	0.06525	0.00236	0.00134	0.00023	0.86247	0.00510	0.03330
1.00000	0.05067	0.03554	0.19662	0.09419	0.01658	0.01715	0.00767	0.03896	0.43599	0.10662
1.00000	0.00202	0.83094	0.00475	0.00427	0.00726	0.00429	0.01314	0.06437	0.01429	0.05466
1.00000	0.01150	0.15817	0.03167	0.39505	0.00842	0.10326	0.00465	0.00945	0.14177	0.13607
1.00000	0.01532	0.02103	0.06489	0.53662	0.00139	0.02237	0.00388	0.07283	0.22542	0.03626
1.00000	0.01967	0.05058	0.76166	0.01752	0.00146	0.00939	0.02759	0.01264	0.09666	0.00283
1.00000	0.03033	0.00255	0.77033	0.00744	0.01360	0.00829	0.11372	0.00449	0.04419	0.00507
0.00000	0.03219	0.02192	0.34071	0.13834	0.00397	0.02829	0.05396	0.02391	0.35013	0.00658
1.00000	0.92065	0.00092	0.03080	0.00955	0.00024	0.01628	0.01841	0.00095	0.00160	0.00059
1.00000	0.00536	0.00074	0.82963	0.02565	0.00836	0.02040	0.04582	0.01526	0.02130	0.02747
1.00000	0.00311	0.00447	0.00384	0.91484	0.00091	0.05512	0.00131	0.00122	0.00217	0.01302
0.00000	0.01021	0.00589	0.06912	0.09839	0.00748	0.30067	0.16715	0.01859	0.27692	0.04558
1.00000	0.03054	0.00099	0.02211	0.00154	0.00894	0.00907	0.91649	0.00288	0.00243	0.00500
1.00000	0.00221	0.00235	0.00622	0.00141	0.00566	0.00476	0.00061	0.07557	0.00761	0.89362
0.00000	0.00286	0.07107	0.01710	0.08260	0.01026	0.11270	0.00353	0.41981	0.08191	0.19818
1.00000	0.00212	0.00450	0.13738	0.03499	0.07802	0.04534	0.67392	0.00951	0.00446	0.00977
1.00000	0.00911	0.00527	0.03627	0.07366	0.00093	0.06165	0.00277	0.01060	0.74937	0.05037
1.00000	0.00178	0.00054	0.00650	0.07974	0.00293	0.86925	0.02500	0.00050	0.01343	0.00032
0.00000	0.03905	0.02126	0.17770	0.02523	0.13479	0.06640	0.29286	0.00519	0.19805	0.03948
1.00000	0.00566	0.00043	0.02379	0.00212	0.09626	0.02415	0.02227	0.03519	0.00318	0.78695
1.00000	0.00170	0.00934	0.00144	0.00544	0.00640	0.00692	0.00052	0.85004	0.00473	0.11348
1.00000	0.02692	0.20418	0.52427	0.02923	0.00087	0.00720	0.13476	0.00997	0.05511	0.00748
1.00000	0.00010	0.00030	0.00027	0.00074	0.00074	0.00036	0.00018	0.95532	0.00048	0.04152
1.00000	0.02562	0.00228	0.11030	0.02808	0.00425	0.00130	0.01217	0.02872	0.77247	0.01481
1.00000	0.00233	0.00333	0.02554	0.34874	0.01024	0.21498	0.00554	0.02503	0.22909	0.13518
1.00000	0.08512	0.00413	0.01498	0.12788	0.01393	0.64972	0.05365	0.01102	0.02614	0.01343
1.00000	0.43392	0.01065	0.10355	0.02303	0.01112	0.02301	0.20350	0.11042	0.01642	0.06439
1.00000	0.02391	0.18444	0.13143	0.09056	0.01260	0.01028	0.00144	0.39001	0.10523	0.05010
1.00000	0.00037	0.00132	0.00750	0.00019	0.77593	0.01813	0.00191	0.01318	0.00173	0.17973
1.00000	0.01048	0.00006	0.01560	0.00611	0.01978	0.00348	0.01505	0.06635	0.00212	0.86097
1.00000	0.00944	0.09317	0.13234	0.55643	0.00932	0.10071	0.05449	0.00512	0.02858	0.01041
1.00000	0.09462	0.01645	0.03867	0.11095	0.00271	0.64741	0.00704	0.01353	0.05524	0.01337
1.00000	0.00150	0.00255	0.01199	0.00718	0.76370	0.08289	0.01423	0.09529	0.00074	0.01992
1.00000	0.06498	0.01127	0.27456	0.38405	0.00074	0.03080	0.11445	0.00336	0.09995	0.01583
1.00000	0.85172	0.00017	0.04459	0.04459	0.00044	0.01300	0.01007	0.03030	0.00304	0.00208
1.00000	0.00371	0.00989	0.84628	0.09176	0.00053	0.00127	0.03516	0.00292	0.00595	0.00254
1.00000	0.09280	0.01039	0.30747	0.00952	0.07732	0.00876	0.07843	0.06263	0.02138	0.33129
1.00000	0.19446	0.00741	0.03920	0.55916	0.00254	0.10658	0.03408	0.03157	0.02263	0.00237
1.00000	0.00302	0.88804	0.00533	0.00089	0.00134	0.00223	0.00172	0.03484	0.00304	0.05955
1.00000	0.03438	0.00100	0.03072	0.00426	0.00452	0.14204	0.77007	0.00328	0.00610	0.00363
1.00000	0.00029	0.00005	0.00084	0.00111	0.01447	0.00469	0.00088	0.09010	0.00046	0.88712
1.00000	0.00830	0.72458	0.02598	0.02789	0.00758	0.00983	0.01323	0.06730	0.02584	0.08945
1.00000	0.00399	0.00039	0.00035	0.01308	0.00888	0.00752	0.00164	0.13113	0.00487	0.82815
1.00000	0.03553	0.00160	0.01388	0.86378	0.00028	0.06766	0.00557	0.00155	0.00848	0.00168
0.00000	0.38767	0.04234	0.24451	0.18082	0.00179	0.03239	0.02456	0.07383	0.00593	0.00617
1.00000	0.04047	0.00053	0.06432	0.00870	0.60789	0.01544	0.08269	0.08041	0.00506	0.09450
1.00000	0.00323	0.00121	0.00241	0.00090	0.55682	0.05671	0.00174	0.12697	0.00351	0.24650
1.00000	0.00375	0.02111	0.01856	0.83108	0.00037	0.05091	0.00838	0.04411	0.02019	0.00152
1.00000	0.73046	0.01121	0.06004	0.01386	0.00098	0.06266	0.01562	0.08040	0.00168	0.02309
1.00000	0.06413	0.02554	0.04308	0.03260	0.55593	0.04394	0.02025	0.05285	0.01471	0.14698
1.00000	0.03342	0.00259	0.00418	0.00082	0.75028	0.02743	0.04488	0.02246	0.00515	0.10879
1.00000	0.00075	0.83735	0.01755	0.01205	0.00153	0.01876	0.01578	0.06527	0.00871	0.02224
1.00000	0.05386	0.00390	0.01403	0.53794	0.01315	0.12418	0.04895	0.05398	0.10094	0.04908
1.00000	0.42009	0.00115	0.11552	0.06045	0.00910	0.08799	0.11974	0.05281	0.07806	0.05509
1.00000	0.00131	0.00120	0.01331	0.00396	0.07034	0.00953	0.01170	0.09260	0.02419	0.77184
1.00000	0.00081	0.00109	0.00019	0.00036	0.08222	0.00051	0.00374	0.00473	0.01069	0.89566
1.00000	0.01186	0.05254	0.05016	0.00709	0.01229	0.15247	0.66487	0.00444	0.01952	0.02476
1.00000	0.00910	0.00230	0.15076	0.08138	0.00076	0.01746	0.02405	0.00284	0.69911	0.01224
1.00000	0.00676	0.02101	0.64681	0.15472	0.03485	0.03417	0.00426	0.05158	0.03901	0.00683
1.00000	0.01683	0.01254	0.00665	0.09656	0.03328	0.25923	0.02259	0.09423	0.05296	0.40515
1.00000	0.00296	0.09390	0.00539	0.01368	0.18642	0.01069	0.00801	0.49346	0.02122	0.16428
1.00000	0.04608	0.00445	0.02689	0.20530	0.00355	0.64162	0.04923	0.00167	0.01880	0.00242
1.00000	0.01034	0.00418	0.11407	0.10969	0.05231	0.01004	0.12168	0.39076	0.04808	0.13886
1.00000	0.01071	0.03477	0.01545	0.02239	0.01707	0.08983	0.01920	0.02983	0.71613	0.04464
1.00000	0.00489	0.03669	0.00572	0.03393	0.03039	0.00881	0.01148	0.08533	0.18086	0.60190
1.00000	0.00420	0.00464	0.74104	0.01928	0.00579	0.04421	0.04506	0.02038	0.10104	0.01436
1.00000	0.06417	0.01232	0.03056	0.00059	0.00655	0.65768	0.10096	0.01621	0.05512	0.05585
1.00000	0.00333	0.00089	0.87807	0.02420	0.00342	0.00366	0.01277	0.05087	0.01037	0.01241
1.00000	0.11798	0.01025	0.00781	0.56515	0.01339	0.18910	0.00838	0.02051	0.02802	0.03941
1.00000	0.02377	0.00849	0.02328	0.00454	0.01182	0.05794	0.11797	0.03738	0.68296	0.03185
1.00000	0.03910	0.00186	0.42692	0.09505	0.00408	0.03095	0.03097	0.00221	0.32938	0.03949
1.00000	0.00184	0.00240	0.04740	0.79752	0.00033	0.02033	0.02283	0.01475	0.08224	0.01037
1.00000	0.00058	0.00313	0.01923	0.00310	0.03003	0.00945	0.00229	0.08116	0.01404	0.83699
1.00000	0.00027	0.00017	0.02599	0.00019	0.00051	0.00161	0.97037	0.00046	0.00013	0.00030
1.00000	0.00106	0.04944	0.00059	0.00754	0.00731	0.00230	0.00013	0.85010	0.00455	0.07698
1.00000	0.89048	0.00296	0.02662	0.01137	0.00193	0.00263	0.05570	0.00603	0.00205	0.00022
1.00000	0.80841	0.00051	0.02012	0.04098	0.00177	0.07879	0.00965	0.01068	0.00214	0.02694
1.00000	0.02845	0.00247	0.01160	0.01168	0.01098	0.83367	0.03124	0.04335	0.02068	0.00588
1.00000	0.00791	0.00915	0.74440	0.01238	0.00041	0.00240	0.18932	0.00110	0.03200	0.00093
1.00000	0.00400	0.01002	0.10819	0.81378	0.00039	0.03340	0.00785	0.01496	0.00673	0.00068
1.00000	0.01199	0.00175	0.72405	0.02096	0.02705	0.01473	0.01492	0.02231	0.07780	0.08444
1.00000	0.00270	0.00598	0.01254	0.00225	0.00452	0.80483	0.01827	0.00394	0.05248	0.09249
1.00000	0.02797	0.82088	0.01179	0.01895	0.00922	0.02415	0.01226	0.02420	0.01011	0.04046
1.00000	0.71986	0.00440	0.06825	0.00228	0.01257	0.00724	0.15279	0.02179	0.00528	0.00554
1.00000	0.04376	0.05076	0.15946	0.14228	0.00277	0.01830	0.01168	0.46058	0.10429	0.00611
1.00000	0.00323	0.01075	0.03869	0.04825	0.00174	0.01072	0.03414	0.00271	0.83267	0.01710
0.00000	0.00227	0.00734	0.00378	0.00393	0.09576	0.01188	0.02113	0.04480	0.02378	0.78534
1.00000	0.07536	0.00093	0.01661	0.00404	0.52603	0.06455	0.07130	0.02208	0.00605	0.21305
1.00000	0.00208	0.00868	0.58027	0.12188	0.00027	0.00438	0.01507	0.00303	0.26201	0.00232
1.00000	0.01568	0.01720	0.83408	0.02333	0.00236	0.00114	0.06679	0.00326	0.03201	0.00415
1.00000	0.00800	0.01537	0.05557	0.27956	0.02842	0.08224	0.01738	0.07989	0.33876	0.09481
