1.00000	0.00128	0.95179	0.00586	0.00945	0.00174	0.01183	0.00257	0.00427	0.00356	0.00766
1.00000	0.00017	0.00021	0.00046	0.00292	0.00920	0.00040	0.00011	0.98137	0.00009	0.00508
1.00000	0.94250	0.00100	0.00419	0.01242	0.00142	0.00515	0.02462	0.00434	0.00268	0.00167
1.00000	0.04286	0.01611	0.00093	0.00941	0.00208	0.87359	0.00243	0.00296	0.02610	0.02352
1.00000	0.00072	0.00156	0.00293	0.01335	0.84618	0.05264	0.00203	0.06092	0.00106	0.01861
1.00000	0.00492	0.04719	0.00482	0.02318	0.18589	0.06369	0.00346	0.34396	0.00822	0.31468
1.00000	0.00837	0.00377	0.00115	0.01485	0.00035	0.91967	0.02364	0.00298	0.00994	0.01528
1.00000	0.16300	0.00548	0.40714	0.05468	0.11397	0.05061	0.19589	0.00321	0.00452	0.00151
0.00000	0.00018	0.00196	0.03163	0.02337	0.17476	0.01110	0.01221	0.12298	0.00570	0.61612
1.00000	0.06789	0.01103	0.01411	0.03099	0.27493	0.06067	0.02141	0.08798	0.11199	0.31899
1.00000	0.00356	0.94796	0.00160	0.01482	0.00116	0.00052	0.00509	0.01625	0.00643	0.00262
1.00000	0.00154	0.00016	0.99156	0.00054	0.00309	0.00044	0.00187	0.00049	0.00026	0.00004
1.00000	0.00112	0.04535	0.00732	0.01978	0.73101	0.02086	0.01754	0.01667	0.00194	0.13839
1.00000	0.00195	0.95721	0.00262	0.00166	0.00121	0.00239	0.00685	0.01278	0.00352	0.00982
1.00000	0.00366	0.76711	0.00559	0.05312	0.00800	0.03459	0.00813	0.08571	0.01954	0.01456
1.00000	0.02048	0.02326	0.08253	0.33718	0.10917	0.13951	0.02946	0.05689	0.03022	0.17131
1.00000	0.00187	0.95491	0.02309	0.00151	0.00101	0.00253	0.00344	0.00913	0.00106	0.00144
1.00000	0.02788	0.00195	0.01184	0.00972	0.01244	0.03700	0.89237	0.00246	0.00373	0.00061
1.00000	0.00006	0.00056	0.00078	0.00089	0.95992	0.00333	0.00126	0.00071	0.00066	0.03182
1.00000	0.00059	0.00060	0.01512	0.01351	0.19642	0.00838	0.02139	0.07965	0.01863	0.64573
1.00000	0.02841	0.00076	0.00809	0.91843	0.01270	0.01645	0.00361	0.00371	0.00430	0.00353
1.00000	0.00096	0.00051	0.00039	0.00520	0.81941	0.00162	0.01563	0.00355	0.00659	0.14613
1.00000	0.00008	0.00006	0.00013	0.00020	0.02368	0.03263	0.00152	0.00182	0.00070	0.93919
1.00000	0.12924	0.01413	0.05613	0.29264	0.02498	0.02643	0.00837	0.01018	0.38613	0.05178
1.00000	0.00128	0.00016	0.00220	0.00263	0.06406	0.00577	0.00713	0.00446	0.10851	0.80380
1.00000	0.69266	0.00180	0.07070	0.05492	0.00594	0.05190	0.09768	0.00289	0.01019	0.01131
1.00000	0.00332	0.00051	0.00126	0.00989	0.01715	0.00222	0.00051	0.80745	0.00669	0.15101
1.00000	0.17318	0.00038	0.07803	0.01365	0.00569	0.02118	0.63540	0.00093	0.04412	0.02743
1.00000	0.05372	0.03358	0.05884	0.01785	0.12858	0.25613	0.06892	0.02312	0.30682	0.05243
1.00000	0.03662	0.00001	0.00804	0.00156	0.00191	0.00081	0.94945	0.00030	0.00032	0.00097
1.00000	0.00917	0.58671	0.03459	0.05707	0.04810	0.03045	0.00699	0.07686	0.10683	0.04322
1.00000	0.01576	0.00148	0.00385	0.92542	0.00042	0.01218	0.00526	0.00037	0.03236	0.00290
1.00000	0.00333	0.93130	0.01282	0.01879	0.00102	0.00212	0.00796	0.00521	0.01372	0.00373
1.00000	0.05213	0.00563	0.02304	0.03125	0.56052	0.06284	0.04979	0.07540	0.07344	0.06595
1.00000	0.00349	0.00019	0.02410	0.00045	0.00745	0.00648	0.91554	0.00102	0.00087	0.04040
1.00000	0.00218	0.11035	0.74110	0.02677	0.00392	0.00575	0.07141	0.00414	0.00613	0.02824
1.00000	0.01652	0.01261	0.01731	0.02305	0.15262	0.22558	0.02404	0.03881	0.41166	0.07780
1.00000	0.87416	0.00121	0.02599	0.03476	0.00372	0.01186	0.02801	0.01239	0.00280	0.00511
1.00000	0.00151	0.12920	0.03484	0.00662	0.39900	0.04869	0.01771	0.06465	0.00112	0.29665
1.00000	0.01646	0.00143	0.45729	0.03531	0.00575	0.07609	0.02102	0.03638	0.26751	0.08276
1.00000	0.13390	0.00038	0.01655	0.68681	0.00178	0.07396	0.02008	0.00102	0.06350	0.00201
1.00000	0.00052	0.00157	0.98740	0.00211	0.00014	0.00065	0.00194	0.00091	0.00451	0.00024
1.00000	0.98700	0.00012	0.00074	0.00113	0.00034	0.00608	0.00262	0.00055	0.00117	0.00025
1.00000	0.00381	0.00123	0.09551	0.00325	0.11478	0.04091	0.02925	0.03970	0.00558	0.66598
1.00000	0.08490	0.01327	0.59037	0.16045	0.05539	0.03368	0.01524	0.00198	0.04337	0.00134
1.00000	0.00085	0.95434	0.00319	0.02649	0.00184	0.00083	0.00287	0.00423	0.00259	0.00277
1.00000	0.00522	0.00864	0.08167	0.76776	0.00341	0.03880	0.00474	0.06584	0.01901	0.00491
1.00000	0.00454	0.01198	0.04157	0.81399	0.01002	0.00702	0.00195	0.07362	0.03255	0.00277
0.00000	0.00131	0.00126	0.01061	0.58869	0.00145	0.04606	0.00039	0.00192	0.30933	0.03899
1.00000	0.04797	0.00744	0.00862	0.15501	0.01120	0.66715	0.03309	0.00834	0.05253	0.00865
1.00000	0.02217	0.01313	0.03726	0.01033	0.37751	0.09450	0.12888	0.03866	0.14564	0.13192
1.00000	0.02490	0.00128	0.00379	0.01403	0.00475	0.03564	0.90491	0.00251	0.00123	0.00697
1.00000	0.00248	0.10451	0.02819	0.01656	0.00171	0.00570	0.00244	0.79123	0.00178	0.04541
1.00000	0.07161	0.00926	0.01378	0.01375	0.03318	0.01890	0.03317	0.74671	0.00579	0.05385
1.00000	0.04254	0.00270	0.00812	0.11262	0.00171	0.79366	0.01523	0.00091	0.02137	0.00115
1.00000	0.00182	0.03785	0.02919	0.00219	0.16154	0.01759	0.02816	0.02506	0.00903	0.68757
1.00000	0.00025	0.00485	0.01333	0.00062	0.87835	0.00873	0.01967	0.03924	0.00081	0.03415
1.00000	0.00194	0.02662	0.03080	0.00478	0.69575	0.00608	0.05862	0.11395	0.00404	0.05743
1.00000	0.81754	0.01093	0.01679	0.06698	0.01080	0.01550	0.03820	0.00348	0.00709	0.01267
1.00000	0.07549	0.00195	0.00382	0.05509	0.07096	0.06318	0.00951	0.02074	0.39297	0.30630
1.00000	0.00434	0.00092	0.01570	0.04584	0.05995	0.55135	0.13491	0.00711	0.01695	0.16293
1.00000	0.53624	0.00408	0.02017	0.01944	0.00515	0.17702	0.00919	0.14445	0.00577	0.07851
1.00000	0.00746	0.00310	0.00179	0.02692	0.53047	0.17278	0.02579	0.03840	0.04487	0.14843
1.00000	0.00017	0.00028	0.00270	0.00164	0.02546	0.00327	0.00032	0.01695	0.00084	0.94837
1.00000	0.00594	0.00131	0.00261	0.04453	0.00231	0.00122	0.00343	0.92232	0.00026	0.01607
1.00000	0.00441	0.00061	0.00198	0.00036	0.04661	0.00354	0.00109	0.93497	0.00070	0.00571
1.00000	0.09038	0.00800	0.04132	0.02112	0.07481	0.05337	0.08177	0.18502	0.00942	0.43479
1.00000	0.00422	0.00176	0.00635	0.04208	0.02141	0.00361	0.00102	0.85666	0.02729	0.03559
1.00000	0.00017	0.00234	0.00071	0.02894	0.02740	0.03164	0.00122	0.03665	0.00278	0.86814
1.00000	0.13023	0.00463	0.10941	0.02834	0.03026	0.00455	0.64284	0.02059	0.02300	0.00614
1.00000	0.82599	0.01848	0.01109	0.01619	0.00402	0.01141	0.10276	0.00576	0.00362	0.00068
1.00000	0.05986	0.00115	0.02873	0.22058	0.02388	0.46227	0.13700	0.02774	0.00356	0.03524
1.00000	0.00566	0.04580	0.00068	0.01041	0.00251	0.82124	0.00681	0.02798	0.06001	0.01889
1.00000	0.05409	0.00194	0.11333	0.00967	0.01100	0.03794	0.73258	0.00493	0.00720	0.02733
1.00000	0.00649	0.00106	0.08397	0.00077	0.01342	0.07177	0.80914	0.00446	0.00556	0.00336
1.00000	0.00880	0.08541	0.03250	0.00502	0.04204	0.76808	0.00848	0.03086	0.00743	0.01138
1.00000	0.00728	0.02758	0.02199	0.06909	0.03517	0.01091	0.00386	0.42270	0.08213	0.31928
1.00000	0.35702	0.03104	0.04543	0.08752	0.04786	0.20875	0.00959	0.18971	0.00227	0.02082
1.00000	0.00268	0.00050	0.00067	0.00061	0.00360	0.00274	0.00018	0.98543	0.00033	0.00326
1.00000	0.01330	0.00787	0.02748	0.00892	0.05515	0.76763	0.00265	0.08628	0.01613	0.01460
1.00000	0.00030	0.00425	0.00166	0.00770	0.05166	0.03669	0.00106	0.04515	0.00290	0.84862
1.00000	0.00104	0.00564	0.00800	0.04673	0.50520	0.02914	0.19216	0.04541	0.05948	0.10719
1.00000	0.00898	0.00265	0.04398	0.00987	0.81556	0.02978	0.04412	0.02437	0.00478	0.01591
1.00000	0.00087	0.00005	0.00489	0.00113	0.10534	0.00101	0.01251	0.02805	0.00434	0.84181
1.00000	0.00102	0.00051	0.98509	0.00851	0.00012	0.00014	0.00121	0.00245	0.00089	0.00006
1.00000	0.94958	0.00028	0.00214	0.03234	0.00028	0.00191	0.01073	0.00035	0.00174	0.00064
1.00000	0.03271	0.01168	0.71692	0.05764	0.01710	0.02172	0.09695	0.00804	0.01797	0.01926
0.00000	0.00082	0.00237	0.00076	0.00788	0.08203	0.00979	0.01301	0.31549	0.00390	0.56396
1.00000	0.00098	0.91801	0.02655	0.01046	0.00177	0.00548	0.00472	0.01977	0.00034	0.01192
1.00000	0.01606	0.06910	0.03550	0.55494	0.00464	0.19586	0.04452	0.01049	0.02310	0.04578
1.00000	0.00177	0.00025	0.92608	0.00386	0.00910	0.00510	0.00618	0.00144	0.04119	0.00504
1.00000	0.78482	0.00161	0.02878	0.04867	0.00953	0.03656	0.02162	0.04914	0.00277	0.01650
1.00000	0.02118	0.00067	0.04412	0.00128	0.00144	0.04911	0.87536	0.00517	0.00107	0.00060
1.00000	0.00179	0.88795	0.01475	0.01539	0.00352	0.00249	0.00704	0.04360	0.01187	0.01159
1.00000	0.00386	0.00032	0.00317	0.00366	0.00439	0.00108	0.00020	0.96985	0.00178	0.01169
1.00000	0.01303	0.01849	0.01206	0.00154	0.16680	0.02119	0.01609	0.67839	0.02615	0.04625
1.00000	0.20623	0.00583	0.01220	0.06544	0.22174	0.05989	0.03134	0.26646	0.01720	0.11368
0.00000	0.00153	0.00195	0.00173	0.00728	0.14928	0.01000	0.01848	0.01426	0.12928	0.66622
1.00000	0.02234	0.00115	0.01704	0.00868	0.76632	0.00745	0.05609	0.04977	0.00955	0.06160
1.00000	0.00233	0.00004	0.00093	0.00086	0.00465	0.00079	0.00013	0.97752	0.00039	0.01236
1.00000	0.00337	0.11159	0.03145	0.01060	0.12178	0.04714	0.01294	0.49393	0.01017	0.15704
1.00000	0.00303	0.00015	0.05445	0.00181	0.34720	0.00812	0.53318	0.04459	0.00020	0.00727
1.00000	0.00041	0.00007	0.00207	0.00407	0.00019	0.00142	0.00013	0.00024	0.98942	0.00198
0.00000	0.00622	0.00938	0.08997	0.01748	0.42448	0.02839	0.13935	0.15268	0.00458	0.12747
1.00000	0.16767	0.00521	0.33011	0.23643	0.03515	0.03570	0.09220	0.00179	0.09180	0.00395
1.00000	0.03053	0.00152	0.00299	0.01936	0.00677	0.82409	0.00212	0.00698	0.10499	0.00065
1.00000	0.03621	0.00477	0.06605	0.01202	0.58699	0.14120	0.03722	0.06143	0.03618	0.01793
1.00000	0.05878	0.00204	0.00722	0.88041	0.00115	0.03464	0.00135	0.00792	0.00536	0.00114
1.00000	0.00133	0.00576	0.00400	0.00405	0.61587	0.01757	0.01528	0.00326	0.00183	0.33104
1.00000	0.00203	0.00006	0.00038	0.00084	0.00057	0.00043	0.00032	0.97850	0.00175	0.01512
0.00000	0.25813	0.00680	0.14159	0.17018	0.04685	0.06504	0.12761	0.06536	0.03346	0.08498
1.00000	0.02059	0.00242	0.02494	0.08968	0.01073	0.03580	0.00239	0.00275	0.75049	0.06022
1.00000	0.00098	0.00187	0.02045	0.04691	0.05636	0.01395	0.01658	0.03864	0.78040	0.02387
1.00000	0.00218	0.08370	0.00133	0.00392	0.01586	0.00404	0.00056	0.82981	0.00916	0.04946
1.00000	0.01379	0.81004	0.03500	0.01662	0.00374	0.03932	0.00184	0.02019	0.00270	0.05676
1.00000	0.03041	0.00189	0.01208	0.85690	0.00044	0.06429	0.00354	0.00187	0.02029	0.00829
1.00000	0.01155	0.00008	0.01523	0.00014	0.00322	0.00791	0.95627	0.00048	0.00025	0.00486
1.00000	0.00091	0.00007	0.00077	0.00396	0.13672	0.01196	0.00196	0.00483	0.00820	0.83061
1.00000	0.00164	0.94072	0.00652	0.00450	0.00250	0.00201	0.01618	0.00750	0.00202	0.01643
1.00000	0.00057	0.01714	0.01054	0.01419	0.06461	0.00412	0.00147	0.81520	0.00065	0.07151
1.00000	0.00077	0.00076	0.02817	0.00750	0.66158	0.02495	0.11654	0.02494	0.00571	0.12910
0.00000	0.01828	0.01535	0.20563	0.07153	0.27913	0.07151	0.16539	0.11573	0.03268	0.02477
1.00000	0.02313	0.04869	0.25470	0.48700	0.01997	0.03359	0.06645	0.01296	0.04491	0.00861
1.00000	0.84465	0.00244	0.03255	0.00435	0.01081	0.06532	0.01162	0.01475	0.00701	0.00650
1.00000	0.00721	0.03788	0.00815	0.06655	0.01769	0.46938	0.00990	0.14469	0.05037	0.18818
1.00000	0.01014	0.00047	0.00802	0.86530	0.00211	0.08640	0.00913	0.00120	0.01146	0.00577
1.00000	0.04916	0.00218	0.78550	0.01388	0.06242	0.00633	0.04152	0.00376	0.02054	0.01471
1.00000	0.00853	0.00715	0.09545	0.70035	0.00186	0.05010	0.00684	0.00302	0.12464	0.00207
1.00000	0.04286	0.02786	0.02574	0.32210	0.00572	0.54658	0.01223	0.00307	0.01039	0.00346
1.00000	0.00112	0.00039	0.00650	0.15951	0.00101	0.77600	0.00052	0.00066	0.05144	0.00286
1.00000	0.00003	0.00003	0.00010	0.00256	0.00540	0.00179	0.00029	0.00134	0.00277	0.98569
1.00000	0.11747	0.02656	0.03168	0.17071	0.05149	0.24715	0.07193	0.08799	0.08701	0.10800
1.00000	0.02595	0.00049	0.00930	0.00187	0.02699	0.00224	0.92459	0.00098	0.00132	0.00627
1.00000	0.00062	0.00012	0.00202	0.00218	0.85687	0.00788	0.00663	0.04298	0.00117	0.07952
1.00000	0.90135	0.00029	0.04061	0.01643	0.00064	0.01668	0.02175	0.00093	0.00074	0.00058
1.00000	0.01829	0.00481	0.00837	0.10028	0.02830	0.06351	0.00723	0.04265	0.43654	0.29002
1.00000	0.96694	0.00015	0.00671	0.00463	0.00177	0.00566	0.00868	0.00221	0.00146	0.00177
1.00000	0.01838	0.01599	0.04534	0.07577	0.01993	0.07021	0.01243	0.63763	0.01103	0.09328
1.00000	0.16239	0.01543	0.37197	0.13018	0.03277	0.10694	0.06800	0.05566	0.02346	0.03319
1.00000	0.01885	0.00626	0.01807	0.01320	0.08143	0.05119	0.03195	0.24910	0.27871	0.25124
1.00000	0.01802	0.00806	0.03187	0.32001	0.00784	0.11703	0.05651	0.00968	0.42893	0.00205
0.00000	0.16833	0.00080	0.03162	0.18578	0.01182	0.32503	0.07531	0.00203	0.19717	0.00212
1.00000	0.00039	0.00101	0.00095	0.00165	0.00207	0.00042	0.00012	0.98892	0.00026	0.00419
0.00000	0.01134	0.04905	0.33396	0.34699	0.00124	0.08781	0.00661	0.04376	0.11156	0.00766
1.00000	0.00267	0.00399	0.09172	0.01099	0.01301	0.01977	0.78054	0.00627	0.04008	0.03096
1.00000	0.92209	0.00081	0.01548	0.00463	0.00220	0.02806	0.01539	0.00603	0.00379	0.00152
1.00000	0.00870	0.04129	0.01223	0.03870	0.02289	0.62351	0.13697	0.00363	0.01423	0.09786
1.00000	0.02212	0.01961	0.01681	0.12926	0.00197	0.69198	0.04433	0.02756	0.04109	0.00526
1.00000	0.00959	0.00102	0.88393	0.06030	0.00543	0.00457	0.00439	0.01944	0.00694	0.00439
1.00000	0.00540	0.00238	0.00174	0.01094	0.01117	0.94053	0.01849	0.00253	0.00566	0.00116
1.00000	0.01353	0.64471	0.04514	0.07862	0.03569	0.01642	0.02700	0.07616	0.02020	0.04255
1.00000	0.00181	0.00103	0.01996	0.89877	0.00157	0.02832	0.00491	0.01314	0.01914	0.01134
1.00000	0.01150	0.00154	0.09582	0.03909	0.02569	0.01979	0.63986	0.02806	0.03625	0.10239
1.00000	0.09584	0.00108	0.17589	0.00603	0.45612	0.09222	0.11556	0.01487	0.01287	0.02951
1.00000	0.01942	0.11072	0.04393	0.05622	0.01595	0.00193	0.00414	0.66980	0.00266	0.07524
1.00000	0.00209	0.00107	0.01431	0.00071	0.90946	0.00795	0.00363	0.01352	0.00394	0.04332
1.00000	0.92203	0.00084	0.00682	0.01076	0.00108	0.01496	0.03893	0.00149	0.00141	0.00168
0.00000	0.08931	0.02845	0.28838	0.25508	0.00758	0.01949	0.00355	0.00176	0.30435	0.00205
1.00000	0.46833	0.00338	0.13830	0.02463	0.02143	0.01300	0.14165	0.12347	0.00579	0.06003
0.00000	0.07297	0.00883	0.35472	0.27412	0.00098	0.01884	0.04885	0.15372	0.02815	0.03881
1.00000	0.01061	0.00037	0.00859	0.00542	0.09754	0.05120	0.00827	0.00735	0.00788	0.80278
1.00000	0.00357	0.00100	0.90741	0.01114	0.00347	0.00447	0.01362	0.00650	0.04773	0.00109
1.00000	0.00516	0.00226	0.00121	0.16059	0.00633	0.72134	0.02366	0.00537	0.04652	0.02756
0.00000	0.44237	0.00789	0.39914	0.00937	0.00228	0.01928	0.04518	0.01225	0.01395	0.04829
0.00000	0.03252	0.00548	0.02162	0.00203	0.39975	0.04665	0.21834	0.04758	0.04082	0.18522
1.00000	0.00057	0.00351	0.00857	0.09187	0.07965	0.01892	0.00831	0.03984	0.09909	0.64966
1.00000	0.00018	0.00030	0.00154	0.00449	0.02509	0.00344	0.00078	0.03437	0.00034	0.92948
1.00000	0.03809	0.00755	0.13143	0.04427	0.01429	0.01803	0.58661	0.06209	0.04000	0.05762
1.00000	0.00751	0.00171	0.04275	0.09554	0.01426	0.04639	0.01223	0.00863	0.75028	0.02070
1.00000	0.08023	0.00122	0.83573	0.05144	0.00322	0.00187	0.00209	0.00687	0.00837	0.00894
1.00000	0.73546	0.00461	0.05556	0.02223	0.01810	0.02990	0.07509	0.02380	0.00775	0.02750
1.00000	0.02123	0.01377	0.03004	0.08028	0.00279	0.06027	0.00356	0.02118	0.75327	0.01360
1.00000	0.04943	0.00803	0.00842	0.01772	0.01852	0.82851	0.06048	0.00066	0.00797	0.00025
1.00000	0.00651	0.00176	0.00489	0.02985	0.73124	0.02319	0.01355	0.01691	0.02816	0.14393
1.00000	0.01363	0.00043	0.01115	0.00044	0.01021	0.01669	0.93669	0.00288	0.00012	0.00777
1.00000	0.01119	0.00564	0.01509	0.00305	0.73365	0.00542	0.02402	0.00663	0.00845	0.18688
1.00000	0.00206	0.00028	0.00038	0.01312	0.00189	0.00130	0.00022	0.97717	0.00024	0.00335
1.00000	0.02958	0.00397	0.03413	0.63967	0.00174	0.07198	0.02350	0.04776	0.02866	0.11901
1.00000	0.01265	0.00133	0.02291	0.02986	0.03256	0.05321	0.00241	0.00879	0.77305	0.06323
1.00000	0.02471	0.00379	0.43939	0.10523	0.01082	0.00589	0.00118	0.01528	0.37805	0.01565
1.00000	0.38771	0.00999	0.06524	0.01133	0.10714	0.05798	0.15906	0.06163	0.00538	0.13455
1.00000	0.00846	0.01070	0.02328	0.45359	0.07532	0.16418	0.02045	0.07014	0.14090	0.03299
1.00000	0.02799	0.00135	0.02138	0.00316	0.00445	0.01611	0.92067	0.00063	0.00307	0.00120
1.00000	0.00041	0.92598	0.00260	0.00367	0.00310	0.00217	0.00528	0.03504	0.01855	0.00321
1.00000	0.00226	0.00613	0.00743	0.87427	0.00076	0.04160	0.00084	0.00334	0.05851	0.00484
0.00000	0.21515	0.00046	0.10309	0.38411	0.00432	0.08267	0.00622	0.00492	0.18624	0.01282
1.00000	0.01232	0.00344	0.05790	0.08282	0.01931	0.04968	0.07453	0.02103	0.62814	0.05083
1.00000	0.01384	0.00355	0.00365	0.00413	0.00351	0.84264	0.08882	0.00215	0.01433	0.02337
0.00000	0.16215	0.00307	0.19582	0.14421	0.02033	0.07042	0.04743	0.11294	0.06675	0.17689
1.00000	0.05983	0.00327	0.05655	0.77387	0.00480	0.01656	0.01221	0.00208	0.05252	0.01832
1.00000	0.33967	0.00657	0.06825	0.50204	0.00039	0.04439	0.02123	0.00985	0.00674	0.00086
1.00000	0.00134	0.00108	0.00242	0.04667	0.64853	0.01166	0.06742	0.07012	0.00999	0.14075
1.00000	0.02476	0.01965	0.15873	0.59027	0.00459	0.05614	0.00848	0.03668	0.08059	0.02012
0.00000	0.00478	0.01013	0.40838	0.15217	0.11796	0.02869	0.11050	0.07613	0.04896	0.04229
1.00000	0.09776	0.00810	0.09976	0.15898	0.08458	0.11165	0.01843	0.03507	0.29961	0.08606
1.00000	0.03549	0.00073	0.03132	0.24697	0.02476	0.08261	0.00742	0.04063	0.50305	0.02703
1.00000	0.98083	0.00007	0.00163	0.00082	0.00092	0.00755	0.00588	0.00019	0.00114	0.00098
1.00000	0.00625	0.00415	0.00144	0.12000	0.00041	0.83617	0.01020	0.00672	0.00572	0.00896
1.00000	0.00293	0.00076	0.02937	0.94423	0.00015	0.00355	0.00953	0.00027	0.00834	0.00087
1.00000	0.02205	0.00051	0.02509	0.02262	0.61792	0.07272	0.06604	0.03512	0.06371	0.07422
1.00000	0.00324	0.06409	0.05522	0.02179	0.61884	0.04523	0.06064	0.01432	0.00329	0.11334
1.00000	0.00026	0.00010	0.00040	0.00455	0.03673	0.00859	0.00265	0.01692	0.01138	0.91841
1.00000	0.08470	0.01142	0.00550	0.01137	0.15752	0.16565	0.01278	0.14632	0.03769	0.36706
1.00000	0.00254	0.00073	0.11202	0.82788	0.00018	0.00452	0.01647	0.00176	0.03032	0.00358
1.00000	0.00281	0.00054	0.04680	0.01876	0.09495	0.01317	0.00725	0.12013	0.11673	0.57887
1.00000	0.01603	0.00400	0.00949	0.02949	0.04215	0.21540	0.02875	0.00407	0.48454	0.16608
1.00000	0.00005	0.00084	0.00037	0.00333	0.02727	0.00779	0.00555	0.00461	0.00089	0.94929
1.00000	0.01019	0.00382	0.00339	0.03933	0.01670	0.13993	0.01829	0.00353	0.67367	0.09113
1.00000	0.95885	0.00031	0.00402	0.00277	0.00118	0.00231	0.02600	0.00173	0.00232	0.00051
1.00000	0.00309	0.84198	0.05645	0.00759	0.00956	0.00304	0.04856	0.00330	0.01433	0.01211
1.00000	0.00619	0.00085	0.00631	0.60587	0.00499	0.01746	0.00067	0.02353	0.26671	0.06743
1.00000	0.96387	0.00005	0.00789	0.00729	0.00014	0.01068	0.00722	0.00032	0.00211	0.00043
1.00000	0.00551	0.02055	0.72440	0.00651	0.15287	0.00622	0.00734	0.01725	0.00224	0.05711
1.00000	0.00373	0.00378	0.00066	0.03786	0.07446	0.00587	0.00246	0.09860	0.06825	0.70433
1.00000	0.00034	0.00039	0.00141	0.00097	0.00454	0.00130	0.00014	0.91760	0.00073	0.07258
1.00000	0.00979	0.01189	0.06357	0.05089	0.02618	0.10472	0.22321	0.00441	0.49456	0.01079
1.00000	0.13550	0.00280	0.00599	0.02136	0.07598	0.02205	0.03824	0.59168	0.01344	0.09295
1.00000	0.98777	0.00019	0.00179	0.00472	0.00005	0.00193	0.00180	0.00023	0.00098	0.00053
1.00000	0.00380	0.01147	0.00082	0.04478	0.06552	0.00938	0.00288	0.09421	0.01067	0.75646
1.00000	0.03964	0.00070	0.23741	0.00634	0.06070	0.00421	0.62031	0.00495	0.00593	0.01980
1.00000	0.00185	0.07842	0.00262	0.00479	0.00277	0.00141	0.00199	0.88870	0.00465	0.01279
1.00000	0.02845	0.00076	0.00057	0.01173	0.84801	0.01169	0.02126	0.01109	0.01184	0.05460
1.00000	0.00642	0.00126	0.00217	0.02745	0.00305	0.00397	0.00286	0.89791	0.00065	0.05425
1.00000	0.01401	0.64256	0.09304	0.03826	0.01197	0.01532	0.01199	0.04466	0.09712	0.03106
1.00000	0.00040	0.00160	0.00094	0.01936	0.03369	0.02865	0.00159	0.00770	0.03869	0.86739
1.00000	0.03446	0.01238	0.53842	0.30268	0.00340	0.01401	0.03155	0.06079	0.00113	0.00118
1.00000	0.16006	0.01104	0.44941	0.16576	0.01901	0.02144	0.03534	0.07028	0.05217	0.01551
1.00000	0.00055	0.00381	0.78753	0.16712	0.00251	0.00076	0.01315	0.00057	0.02122	0.00279
1.00000	0.00310	0.95299	0.00402	0.00434	0.00816	0.00434	0.00930	0.00632	0.00358	0.00387
1.00000	0.00050	0.00309	0.05700	0.06942	0.01974	0.00585	0.00498	0.00137	0.82312	0.01494
1.00000	0.00353	0.00034	0.00701	0.92580	0.00132	0.00840	0.00076	0.00777	0.01952	0.02557
1.00000	0.01175	0.00075	0.01134	0.88611	0.02664	0.03708	0.00198	0.00315	0.01570	0.00549
1.00000	0.00112	0.00044	0.01930	0.93018	0.00037	0.01039	0.00010	0.00049	0.03737	0.00024
1.00000	0.00737	0.00008	0.00145	0.00282	0.00172	0.00134	0.00037	0.96671	0.00063	0.01752
1.00000	0.61784	0.00881	0.03622	0.15502	0.00883	0.06034	0.07212	0.02614	0.01133	0.00337
1.00000	0.29526	0.00134	0.02534	0.05394	0.09507	0.05853	0.03205	0.04627	0.06791	0.32430
1.00000	0.53609	0.02123	0.08988	0.00315	0.09267	0.03801	0.09597	0.05782	0.01211	0.05307
1.00000	0.01835	0.00144	0.01271	0.62379	0.01451	0.07408	0.01372	0.00501	0.17461	0.06178
1.00000	0.00112	0.95125	0.00981	0.01376	0.00016	0.00115	0.00699	0.00883	0.00245	0.00449
1.00000	0.00777	0.00308	0.00478	0.67497	0.00062	0.24533	0.00579	0.00533	0.05054	0.00179
1.00000	0.00288	0.00946	0.00356	0.00573	0.01512	0.03374	0.02088	0.89715	0.00114	0.01036
1.00000	0.01251	0.00405	0.00196	0.15987	0.00116	0.73878	0.05651	0.00267	0.00818	0.01430
0.00000	0.05415	0.41055	0.04257	0.02522	0.01019	0.33014	0.09678	0.00841	0.01384	0.00816
1.00000	0.04356	0.00287	0.01025	0.02784	0.01506	0.02925	0.00314	0.09158	0.68713	0.08931
1.00000	0.00795	0.02004	0.03155	0.01724	0.02772	0.00660	0.00328	0.78041	0.00116	0.10406
1.00000	0.00363	0.00122	0.00640	0.08631	0.00237	0.08154	0.00061	0.01833	0.78141	0.01819
1.00000	0.00123	0.05062	0.00438	0.00452	0.75392	0.00171	0.03792	0.02207	0.00639	0.11724
1.00000	0.08298	0.01378	0.00186	0.04860	0.00408	0.79676	0.03543	0.00126	0.01290	0.00235
1.00000	0.02029	0.00732	0.04306	0.00711	0.80127	0.01474	0.01361	0.06915	0.00369	0.01975
1.00000	0.03299	0.00221	0.88842	0.01335	0.02977	0.00655	0.00946	0.00295	0.01183	0.00247
1.00000	0.00610	0.02759	0.00042	0.03466	0.07710	0.00786	0.01162	0.10023	0.08773	0.64670
1.00000	0.00169	0.94872	0.00414	0.00293	0.00147	0.00202	0.00409	0.02255	0.01030	0.00209
1.00000	0.00185	0.02325	0.02478	0.00106	0.64035	0.08583	0.00639	0.01136	0.00125	0.20388
1.00000	0.01369	0.01458	0.04981	0.19138	0.00224	0.06026	0.00350	0.00533	0.57534	0.08387
1.00000	0.00139	0.00080	0.00123	0.00842	0.04506	0.00871	0.00417	0.01399	0.00360	0.91263
1.00000	0.05176	0.00567	0.00517	0.08834	0.00636	0.62865	0.01094	0.03906	0.12746	0.03660
0.00000	0.02961	0.07423	0.02512	0.27418	0.10501	0.14194	0.03397	0.19475	0.00984	0.11135
1.00000	0.01197	0.00103	0.00829	0.00642	0.01031	0.03052	0.00083	0.00563	0.90194	0.02306
0.00000	0.02234	0.00200	0.06203	0.48499	0.00527	0.02415	0.03999	0.00390	0.35284	0.00249
1.00000	0.86940	0.00728	0.01421	0.03332	0.00281	0.01194	0.05207	0.00261	0.00142	0.00495
1.00000	0.00920	0.00220	0.00616	0.14730	0.09206	0.35889	0.30672	0.01679	0.04547	0.01521
1.00000	0.15836	0.00687	0.48432	0.05073	0.07446	0.04731	0.03165	0.01787	0.10275	0.02570
1.00000	0.04584	0.00261	0.00774	0.01472	0.01080	0.08718	0.81840	0.00098	0.00414	0.00759
1.00000	0.08851	0.02738	0.06591	0.08995	0.03432	0.01056	0.02665	0.59109	0.02882	0.03681
1.00000	0.01660	0.06231	0.01490	0.64778	0.01866	0.07985	0.00229	0.04221	0.04326	0.07215
1.00000	0.00016	0.00017	0.00107	0.01510	0.10141	0.00543	0.00293	0.00861	0.02056	0.84456
1.00000	0.00161	0.00102	0.85961	0.06728	0.00242	0.00988	0.01431	0.00421	0.03742	0.00224
1.00000	0.01217	0.00372	0.01867	0.06401	0.00570	0.04518	0.00365	0.02318	0.81353	0.01019
1.00000	0.01026	0.01935	0.00887	0.00768	0.04378	0.64666	0.16780	0.00370	0.00721	0.08469
0.00000	0.08841	0.00560	0.22306	0.09702	0.11375	0.04043	0.08615	0.10458	0.10080	0.14020
1.00000	0.00055	0.00427	0.00083	0.00440	0.03540	0.03309	0.00122	0.04947	0.00170	0.86908
1.00000	0.00364	0.00016	0.96332	0.00650	0.00015	0.00259	0.00515	0.01648	0.00150	0.00051
1.00000	0.00219	0.00082	0.13448	0.00284	0.00840	0.00362	0.78312	0.00362	0.05773	0.00318
1.00000	0.00127	0.00031	0.00160	0.00282	0.16079	0.00590	0.00689	0.05049	0.00185	0.76809
1.00000	0.00250	0.02107	0.82128	0.03232	0.00753	0.01039	0.01839	0.05506	0.01586	0.01561
1.00000	0.99190	0.00006	0.00172	0.00291	0.00004	0.00121	0.00110	0.00027	0.00064	0.00016
1.00000	0.05782	0.05605	0.05054	0.01041	0.03918	0.13295	0.62131	0.00262	0.00607	0.02304
0.00000	0.00213	0.00084	0.06232	0.24951	0.01381	0.02041	0.00874	0.00953	0.59997	0.03273
1.00000	0.92657	0.00066	0.00313	0.00591	0.00226	0.04063	0.00796	0.00136	0.01053	0.00098
1.00000	0.14709	0.00643	0.07503	0.04951	0.00526	0.23342	0.45515	0.00313	0.02257	0.00240
1.00000	0.48142	0.00268	0.01342	0.06484	0.01456	0.25029	0.02429	0.11174	0.00352	0.03324
1.00000	0.01407	0.01723	0.02106	0.69590	0.00418	0.12671	0.06617	0.00413	0.02972	0.02083
1.00000	0.00084	0.00352	0.93603	0.03817	0.00030	0.00174	0.00787	0.00823	0.00212	0.00117
1.00000	0.01075	0.00291	0.02053	0.00053	0.00311	0.00357	0.92841	0.00132	0.02509	0.00379
1.00000	0.00316	0.03092	0.00813	0.08638	0.06657	0.09541	0.01656	0.12030	0.02324	0.54933
1.00000	0.00186	0.00127	0.00041	0.00421	0.00299	0.00360	0.00028	0.97755	0.00018	0.00765
1.00000	0.00052	0.00020	0.01593	0.00164	0.09849	0.00538	0.00632	0.05777	0.00502	0.80873
1.00000	0.69739	0.01460	0.00407	0.04866	0.00455	0.14995	0.02630	0.02820	0.00910	0.01717
1.00000	0.02161	0.00090	0.00705	0.03186	0.04279	0.01335	0.00592	0.09443	0.01362	0.76845
0.00000	0.31009	0.00114	0.05550	0.45140	0.01717	0.04472	0.02518	0.00244	0.08229	0.01007
1.00000	0.04338	0.00131	0.04698	0.01764	0.05609	0.05534	0.01296	0.03233	0.57768	0.15628
1.00000	0.00118	0.00055	0.18676	0.00052	0.12138	0.00351	0.65089	0.01225	0.00086	0.02211
1.00000	0.01398	0.00072	0.00102	0.00358	0.03065	0.00663	0.00142	0.89352	0.01936	0.02912
1.00000	0.10857	0.00198	0.00519	0.13034	0.00359	0.67504	0.03870	0.00540	0.02804	0.00315
1.00000	0.88883	0.00146	0.01324	0.00225	0.00111	0.04792	0.03179	0.00280	0.00973	0.00087
1.00000	0.00033	0.98082	0.00233	0.00329	0.00073	0.00068	0.00450	0.00255	0.00068	0.00409
0.00000	0.49356	0.02346	0.02916	0.22787	0.00708	0.11042	0.02569	0.02251	0.02988	0.03037
1.00000	0.03831	0.00364	0.71248	0.00474	0.07855	0.04432	0.03668	0.01814	0.01935	0.04378
1.00000	0.01258	0.00113	0.00334	0.02624	0.00802	0.79773	0.01597	0.00047	0.13336	0.00116
1.00000	0.01491	0.00238	0.02320	0.00703	0.59425	0.02882	0.07104	0.09938	0.02985	0.12915
1.00000	0.00067	0.00679	0.03604	0.01596	0.13762	0.00557	0.00850	0.74686	0.00085	0.04113
1.00000	0.05229	0.00189	0.41380	0.28598	0.00242	0.05143	0.00995	0.04544	0.13352	0.00327
1.00000	0.00771	0.00102	0.04818	0.09566	0.03189	0.04779	0.00743	0.00597	0.73123	0.02313
1.00000	0.01340	0.00020	0.00264	0.00054	0.00080	0.00665	0.95622	0.00034	0.01736	0.00186
1.00000	0.12191	0.00065	0.05063	0.01709	0.10309	0.00612	0.50851	0.01735	0.09000	0.08465
1.00000	0.00072	0.94377	0.01609	0.01220	0.00067	0.00226	0.00366	0.01747	0.00049	0.00266
0.00000	0.57571	0.00583	0.16733	0.07995	0.00237	0.05345	0.01036	0.05905	0.03211	0.01383
1.00000	0.00038	0.00021	0.00010	0.00144	0.00047	0.00019	0.00008	0.99498	0.00071	0.00144
1.00000	0.02091	0.00740	0.62614	0.03011	0.10997	0.04380	0.04520	0.09990	0.00722	0.00934
0.00000	0.25713	0.00123	0.13389	0.25625	0.00921	0.03481	0.02049	0.00503	0.26336	0.01858
1.00000	0.15246	0.00556	0.01841	0.04866	0.00789	0.50034	0.04999	0.00689	0.17492	0.03487
1.00000	0.00226	0.00035	0.00112	0.00214	0.00185	0.00753	0.00013	0.95011	0.01907	0.01543
1.00000	0.09994	0.00019	0.01607	0.07914	0.00764	0.06149	0.70134	0.01539	0.00319	0.01561
1.00000	0.87671	0.00217	0.00856	0.01379	0.00083	0.03005	0.05553	0.00134	0.00950	0.00153
1.00000	0.00545	0.00127	0.00591	0.68432	0.01118	0.18127	0.01171	0.00511	0.05865	0.03514
1.00000	0.00013	0.00011	0.00046	0.00162	0.87336	0.00869	0.00257	0.00285	0.00165	0.10858
1.00000	0.00133	0.00107	0.94675	0.00266	0.04111	0.00078	0.00129	0.00114	0.00374	0.00014
1.00000	0.05451	0.00111	0.00347	0.00905	0.50812	0.04985	0.10840	0.04891	0.12555	0.09105
1.00000	0.00300	0.00181	0.00878	0.29834	0.00381	0.65750	0.00469	0.00233	0.01668	0.00304
1.00000	0.00828	0.83774	0.00680	0.00538	0.00166	0.00975	0.11873	0.00255	0.00686	0.00225
1.00000	0.00407	0.06116	0.05975	0.04929	0.17212	0.07096	0.03137	0.40562	0.01164	0.13402
1.00000	0.03181	0.00287	0.19077	0.07143	0.07658	0.04316	0.02183	0.03512	0.51165	0.01478
1.00000	0.72091	0.00256	0.09839	0.05178	0.04907	0.01285	0.04669	0.00513	0.00786	0.00477
1.00000	0.00213	0.94938	0.00495	0.00341	0.00501	0.00472	0.00431	0.00392	0.01539	0.00679
1.00000	0.01069	0.00503	0.05242	0.01091	0.72919	0.01338	0.08560	0.05765	0.02289	0.01225
1.00000	0.00103	0.00044	0.00995	0.00526	0.75272	0.01193	0.00428	0.14638	0.00459	0.06341
1.00000	0.07033	0.00647	0.00289	0.01678	0.01360	0.80790	0.01298	0.01017	0.03543	0.02345
1.00000	0.00820	0.02399	0.00260	0.05295	0.05959	0.32040	0.00400	0.28613	0.19052	0.05160
1.00000	0.00187	0.00018	0.00583	0.00404	0.02670	0.00223	0.01639	0.04340	0.00437	0.89499
1.00000	0.79440	0.00050	0.03783	0.01922	0.01258	0.05265	0.01547	0.02088	0.00724	0.03923
1.00000	0.00084	0.00005	0.99021	0.00220	0.00018	0.00015	0.00482	0.00008	0.00142	0.00005
1.00000	0.00871	0.79138	0.00472	0.04769	0.02161	0.00533	0.04842	0.01429	0.04450	0.01336
1.00000	0.00556	0.00025	0.01991	0.00119	0.84702	0.00653	0.04454	0.01299	0.01604	0.04597
1.00000	0.92821	0.00046	0.00313	0.00767	0.00459	0.01150	0.00554	0.00419	0.00759	0.02713
1.00000	0.00832	0.00032	0.00079	0.00185	0.00304	0.00046	0.00016	0.98124	0.00024	0.00358
1.00000	0.05780	0.00666	0.10998	0.05503	0.09459	0.06243	0.20412	0.07828	0.21275	0.11837
0.00000	0.07482	0.00545	0.00215	0.21829	0.02127	0.24678	0.03792	0.05284	0.08610	0.25439
0.00000	0.07119	0.21068	0.04383	0.08190	0.03072	0.17587	0.00551	0.17158	0.10291	0.10582
1.00000	0.00537	0.00828	0.02696	0.00452	0.08597	0.03963	0.02994	0.00778	0.04120	0.75035
1.00000	0.11949	0.00486	0.00691	0.30100	0.02824	0.34129	0.03504	0.00835	0.13185	0.02298
0.00000	0.02947	0.07262	0.01543	0.31873	0.01670	0.11337	0.17418	0.01373	0.16014	0.08563
1.00000	0.00082	0.00063	0.00436	0.00071	0.90987	0.01552	0.00661	0.01099	0.00115	0.04933
1.00000	0.00149	0.00045	0.02585	0.01238	0.15395	0.00157	0.03131	0.72933	0.00327	0.04040
1.00000	0.00945	0.89198	0.00419	0.02092	0.00378	0.00091	0.00323	0.05777	0.00329	0.00449
1.00000	0.00676	0.00142	0.00057	0.00146	0.05233	0.01441	0.00084	0.91210	0.00667	0.00344
1.00000	0.00271	0.05404	0.00593	0.00924	0.00159	0.00283	0.00056	0.91187	0.00598	0.00523
1.00000	0.02714	0.05325	0.59109	0.18254	0.01170	0.00893	0.08006	0.01872	0.02335	0.00322
1.00000	0.01467	0.00010	0.98104	0.00184	0.00010	0.00010	0.00054	0.00067	0.00017	0.00077
1.00000	0.00068	0.95089	0.01287	0.01580	0.00040	0.00142	0.00239	0.01350	0.00026	0.00179
1.00000	0.00094	0.96064	0.01151	0.00219	0.00053	0.00054	0.00469	0.01670	0.00113	0.00112
1.00000	0.00247	0.00022	0.00113	0.00189	0.14683	0.05825	0.00265	0.00776	0.03831	0.74049
1.00000	0.00310	0.87423	0.01018	0.04645	0.00349	0.00523	0.00679	0.03779	0.00316	0.00957
1.00000	0.72741	0.00502	0.02166	0.00360	0.01175	0.02517	0.08899	0.04501	0.00272	0.06865
1.00000	0.00037	0.00015	0.00669	0.00546	0.00034	0.01328	0.00061	0.00194	0.96397	0.00719
1.00000	0.90463	0.00077	0.00308	0.00500	0.00118	0.02789	0.04785	0.00121	0.00705	0.00134
1.00000	0.00058	0.00119	0.00974	0.00038	0.94990	0.01118	0.02038	0.00266	0.00138	0.00260
1.00000	0.00316	0.02723	0.00612	0.06083	0.58757	0.01040	0.05568	0.03561	0.00653	0.20687
1.00000	0.15969	0.00696	0.60244	0.05321	0.08290	0.00942	0.07102	0.00069	0.01225	0.00142
1.00000	0.02636	0.00082	0.02302	0.87158	0.00092	0.02986	0.00608	0.00359	0.03160	0.00618
1.00000	0.00438	0.00487	0.00245	0.00713	0.00052	0.00179	0.00032	0.96102	0.00013	0.01740
1.00000	0.79202	0.00107	0.02139	0.03818	0.00237	0.03631	0.07802	0.01301	0.00457	0.01307
1.00000	0.00839	0.00062	0.00666	0.00088	0.00780	0.02473	0.94728	0.00107	0.00103	0.00153
1.00000	0.00146	0.00060	0.00337	0.02959	0.82956	0.00944	0.00367	0.00592	0.01188	0.10451
1.00000	0.00455	0.00765	0.01112	0.08877	0.00359	0.00333	0.00163	0.84874	0.01292	0.01771
1.00000	0.05739	0.03941	0.16345	0.17069	0.00646	0.01303	0.01240	0.01596	0.45959	0.06162
1.00000	0.00125	0.90688	0.01795	0.01723	0.00094	0.00588	0.02064	0.02356	0.00069	0.00499
1.00000	0.03416	0.17647	0.04613	0.43522	0.02201	0.09942	0.01331	0.02395	0.04210	0.10724
1.00000	0.00292	0.00639	0.03341	0.62675	0.00033	0.05670	0.00261	0.01021	0.23761	0.02305
1.00000	0.00142	0.00592	0.86952	0.06403	0.00588	0.00553	0.00940	0.00632	0.03063	0.00135
1.00000	0.01523	0.00801	0.88966	0.01025	0.00207	0.00310	0.06279	0.00267	0.00297	0.00324
0.00000	0.09932	0.00318	0.22405	0.22775	0.00148	0.10860	0.02478	0.01431	0.29194	0.00459
1.00000	0.94227	0.00004	0.02364	0.01924	0.00036	0.00537	0.00765	0.00038	0.00091	0.00013
1.00000	0.00381	0.00084	0.84208	0.00868	0.07224	0.00199	0.03627	0.01825	0.01138	0.00446
1.00000	0.00266	0.00378	0.03642	0.92428	0.00028	0.02114	0.00178	0.00027	0.00033	0.00906
1.00000	0.01592	0.00335	0.06175	0.18556	0.04081	0.14124	0.04872	0.00636	0.46226	0.03403
1.00000	0.06923	0.00081	0.08695	0.01892	0.01461	0.00901	0.78835	0.00524	0.00259	0.00430
1.00000	0.00048	0.00625	0.00516	0.01436	0.01694	0.00441	0.00172	0.01514	0.01530	0.92025
0.00000	0.01474	0.19170	0.02046	0.18319	0.02474	0.07890	0.00464	0.25456	0.08421	0.14287
1.00000	0.00238	0.00569	0.09318	0.05472	0.18373	0.02295	0.57528	0.01565	0.01607	0.03036
1.00000	0.04040	0.00209	0.01399	0.06698	0.01230	0.12424	0.00409	0.01418	0.67487	0.04686
1.00000	0.00781	0.00262	0.01885	0.09743	0.00718	0.81825	0.01576	0.00282	0.02869	0.00058
1.00000	0.01166	0.03334	0.11534	0.05563	0.32465	0.03255	0.24069	0.02805	0.12472	0.03337
1.00000	0.00542	0.00040	0.01889	0.00388	0.13212	0.01071	0.04495	0.04239	0.00356	0.73768
1.00000	0.00225	0.02779	0.00133	0.01480	0.05988	0.01636	0.00049	0.72058	0.00034	0.15617
1.00000	0.05125	0.16262	0.52076	0.07933	0.01295	0.01067	0.13904	0.01166	0.01033	0.00139
1.00000	0.00043	0.00100	0.00097	0.00065	0.00216	0.00249	0.00028	0.97429	0.00054	0.01719
1.00000	0.08827	0.00261	0.05906	0.09264	0.01149	0.02215	0.01023	0.02943	0.61440	0.06972
1.00000	0.00953	0.00295	0.00905	0.48268	0.00179	0.07689	0.00165	0.02028	0.33790	0.05729
1.00000	0.04534	0.00927	0.08272	0.11860	0.00208	0.60116	0.03635	0.00642	0.08821	0.00985
1.00000	0.52825	0.00259	0.05962	0.00751	0.02231	0.08358	0.15910	0.02907	0.02546	0.08251
1.00000	0.02994	0.08818	0.28246	0.14443	0.00500	0.00581	0.00864	0.29020	0.12017	0.02518
1.00000	0.00023	0.00066	0.00192	0.00087	0.88489	0.01471	0.00220	0.00079	0.00072	0.09303
1.00000	0.02877	0.00018	0.03139	0.02168	0.08267	0.00210	0.00959	0.05513	0.02087	0.74763
1.00000	0.04897	0.00852	0.09699	0.49299	0.00919	0.23656	0.02231	0.01098	0.04357	0.02992
1.00000	0.06766	0.00064	0.01096	0.17040	0.00749	0.63940	0.00608	0.00162	0.07467	0.02108
1.00000	0.00252	0.00056	0.00675	0.01089	0.79068	0.04460	0.01069	0.11824	0.00823	0.00684
1.00000	0.05702	0.00429	0.19664	0.49492	0.00362	0.03803	0.08681	0.00152	0.11449	0.00266
1.00000	0.90326	0.00011	0.02236	0.05417	0.00211	0.00672	0.00700	0.00086	0.00179	0.00161
1.00000	0.00140	0.00354	0.78747	0.17638	0.00052	0.00371	0.01056	0.00968	0.00581	0.00094
0.00000	0.07377	0.00174	0.47872	0.00856	0.08192	0.02183	0.11410	0.04305	0.02675	0.14957
1.00000	0.19690	0.00438	0.00871	0.68782	0.00249	0.05400	0.01836	0.00527	0.01820	0.00386
1.00000	0.00159	0.96892	0.00569	0.01435	0.00064	0.00084	0.00221	0.00373	0.00037	0.00165
1.00000	0.06424	0.00048	0.02980	0.00439	0.02051	0.14256	0.73170	0.00234	0.00163	0.00235
1.00000	0.00032	0.00040	0.00090	0.00281	0.02045	0.01630	0.00181	0.01024	0.00142	0.94534
1.00000	0.00220	0.89401	0.00660	0.00934	0.01856	0.00340	0.00581	0.04384	0.00278	0.01346
1.00000	0.00162	0.00167	0.00188	0.06556	0.04880	0.00638	0.00202	0.05802	0.04130	0.77274
1.00000	0.01327	0.00272	0.00640	0.93517	0.00038	0.02651	0.00383	0.00054	0.00105	0.01013
0.00000	0.60039	0.00370	0.11605	0.13711	0.00065	0.01632	0.03691	0.05525	0.03238	0.00124
1.00000	0.04137	0.00190	0.03365	0.00640	0.66961	0.01261	0.13594	0.01423	0.00170	0.08260
1.00000	0.00083	0.00230	0.00186	0.00899	0.55036	0.04353	0.00616	0.03163	0.00420	0.35015
1.00000	0.00972	0.00881	0.03581	0.85761	0.00030	0.02874	0.00416	0.02710	0.01428	0.01347
1.00000	0.80408	0.00088	0.01143	0.02397	0.00615	0.02661	0.01064	0.04973	0.00161	0.06491
1.00000	0.06770	0.00324	0.05177	0.00551	0.66917	0.01289	0.02896	0.03504	0.02232	0.10340
1.00000	0.01567	0.00332	0.01608	0.02753	0.72500	0.08653	0.01213	0.04759	0.01203	0.05411
1.00000	0.01385	0.75774	0.00607	0.01510	0.00979	0.07485	0.00516	0.06129	0.03146	0.02469
1.00000	0.04335	0.00110	0.00344	0.53707	0.00929	0.10480	0.02404	0.03591	0.19288	0.04812
1.00000	0.66387	0.01376	0.10501	0.05036	0.01240	0.01486	0.08716	0.01214	0.01397	0.02647
1.00000	0.00023	0.00095	0.00188	0.01130	0.08387	0.00541	0.00916	0.00713	0.00711	0.87296
1.00000	0.00062	0.00027	0.00039	0.01040	0.11268	0.00275	0.00394	0.00154	0.04326	0.82415
1.00000	0.02396	0.05445	0.08485	0.00261	0.00596	0.06688	0.73343	0.00412	0.01817	0.00557
1.00000	0.00808	0.00208	0.07260	0.09003	0.00135	0.00689	0.01290	0.00026	0.80214	0.00367
1.00000	0.01212	0.08423	0.56589	0.15110	0.01267	0.01102	0.01184	0.09723	0.05015	0.00374
0.00000	0.00664	0.00593	0.00933	0.15738	0.07591	0.35713	0.04155	0.09603	0.01303	0.23706
1.00000	0.00085	0.13315	0.01654	0.01113	0.14950	0.00859	0.00511	0.54148	0.00145	0.13220
1.00000	0.03209	0.01503	0.02282	0.21706	0.00147	0.60136	0.04283	0.00066	0.06561	0.00107
1.00000	0.00169	0.00163	0.14634	0.10187	0.13447	0.00979	0.10968	0.35624	0.07810	0.06017
1.00000	0.01414	0.06813	0.01843	0.03038	0.05243	0.03821	0.00365	0.01102	0.71486	0.04876
1.00000	0.05058	0.00919	0.00484	0.03221	0.03202	0.01031	0.04621	0.04339	0.12586	0.64539
1.00000	0.05682	0.00152	0.61537	0.08544	0.04831	0.03928	0.04246	0.00287	0.08541	0.02251
1.00000	0.08588	0.00276	0.01859	0.00190	0.02656	0.76500	0.05629	0.01387	0.02159	0.00757
1.00000	0.00563	0.00084	0.90577	0.03536	0.02148	0.00190	0.00685	0.01123	0.00120	0.00974
1.00000	0.04638	0.00393	0.01798	0.74935	0.00913	0.10247	0.01040	0.02131	0.03072	0.00833
1.00000	0.07532	0.00131	0.05045	0.02904	0.01857	0.14935	0.04272	0.05020	0.46649	0.11655
0.00000	0.03408	0.00108	0.34868	0.21125	0.00077	0.02286	0.00936	0.00165	0.35949	0.01078
1.00000	0.01066	0.00129	0.02091	0.85339	0.00130	0.02292	0.00465	0.00317	0.06797	0.01374
1.00000	0.00177	0.00066	0.00302	0.01211	0.08558	0.01031	0.00297	0.03803	0.08333	0.76223
1.00000	0.00042	0.00023	0.01122	0.00037	0.00611	0.00292	0.97634	0.00050	0.00081	0.00108
1.00000	0.00085	0.01913	0.00263	0.01242	0.03370	0.00179	0.00105	0.88673	0.00092	0.04076
1.00000	0.88505	0.00044	0.02480	0.00728	0.01158	0.03495	0.03290	0.00082	0.00061	0.00157
1.00000	0.95942	0.00153	0.00615	0.00667	0.00084	0.01473	0.00713	0.00234	0.00056	0.00063
1.00000	0.01055	0.00882	0.02905	0.00636	0.04689	0.84885	0.01748	0.01090	0.00375	0.01735
1.00000	0.02117	0.01335	0.80071	0.03133	0.00036	0.01101	0.09888	0.00972	0.00195	0.01150
1.00000	0.02033	0.00321	0.07990	0.82864	0.00115	0.01957	0.02484	0.00122	0.01719	0.00394
1.00000	0.03755	0.00279	0.61675	0.06815	0.01431	0.04278	0.02530	0.05685	0.07342	0.06210
1.00000	0.00906	0.01005	0.01149	0.00235	0.02186	0.79731	0.00837	0.00088	0.09472	0.04392
1.00000	0.01313	0.85849	0.02329	0.00891	0.02184	0.01325	0.01993	0.01465	0.01250	0.01401
1.00000	0.77333	0.00151	0.03634	0.00240	0.00271	0.00602	0.14420	0.00401	0.00209	0.02739
1.00000	0.02865	0.00965	0.16511	0.31934	0.01626	0.00974	0.03505	0.34201	0.05117	0.02302
1.00000	0.05240	0.00166	0.02655	0.02206	0.02525	0.01257	0.03164	0.00405	0.78474	0.03908
0.00000	0.00107	0.00300	0.00444	0.00301	0.30715	0.02705	0.01871	0.00899	0.00570	0.62088
1.00000	0.10194	0.00058	0.01129	0.01081	0.52276	0.07044	0.03624	0.03181	0.01495	0.19918
1.00000	0.01041	0.01078	0.53784	0.21325	0.03105	0.01569	0.01019	0.00741	0.16185	0.00152
1.00000	0.01479	0.00773	0.89727	0.03899	0.00268	0.00100	0.02541	0.00040	0.01138	0.00035
1.00000	0.00351	0.07917	0.06010	0.35386	0.03118	0.02429	0.01406	0.00975	0.40200	0.02209
