1.00000	0.00376	0.90081	0.00747	0.00161	0.03630	0.00252	0.04391	0.00120	0.00096	0.00145
1.00000	0.00464	0.00107	0.00424	0.06457	0.01215	0.00726	0.00830	0.88762	0.00185	0.00830
1.00000	0.82612	0.00108	0.00500	0.00235	0.00048	0.12393	0.03479	0.00120	0.00314	0.00191
1.00000	0.02289	0.02998	0.00501	0.05300	0.01733	0.81732	0.00946	0.00147	0.03598	0.00756
1.00000	0.00218	0.00133	0.00063	0.00297	0.91389	0.02357	0.00315	0.01665	0.00027	0.03536
0.00000	0.01264	0.03688	0.02452	0.01125	0.31870	0.04814	0.00427	0.20335	0.02527	0.31497
1.00000	0.03267	0.00009	0.00002	0.00703	0.00090	0.95566	0.00075	0.00007	0.00124	0.00157
1.00000	0.17046	0.00603	0.41587	0.01272	0.12303	0.03795	0.20015	0.02328	0.00301	0.00751
0.00000	0.00456	0.00517	0.08674	0.01139	0.30068	0.03469	0.02021	0.05678	0.01706	0.46274
1.00000	0.02486	0.00759	0.00482	0.02954	0.26203	0.13571	0.01852	0.01852	0.08252	0.41588
1.00000	0.01386	0.78906	0.01711	0.03343	0.01364	0.02023	0.01572	0.04384	0.02508	0.02803
1.00000	0.00813	0.00016	0.94954	0.00055	0.01102	0.00036	0.02878	0.00025	0.00041	0.00080
1.00000	0.00222	0.01982	0.00667	0.01340	0.80134	0.01984	0.02751	0.00193	0.00101	0.10625
1.00000	0.01401	0.88020	0.00738	0.00244	0.01228	0.00392	0.04245	0.00733	0.00321	0.02677
1.00000	0.00689	0.67363	0.02037	0.03055	0.03133	0.04541	0.01614	0.09767	0.06731	0.01070
1.00000	0.01249	0.01049	0.05358	0.29344	0.11067	0.18250	0.07705	0.09528	0.05788	0.10663
1.00000	0.01485	0.93768	0.00529	0.00119	0.00631	0.00162	0.01971	0.00635	0.00304	0.00395
1.00000	0.00895	0.00079	0.00408	0.00364	0.03684	0.07471	0.86479	0.00018	0.00413	0.00189
1.00000	0.00017	0.00092	0.00049	0.00443	0.97350	0.00298	0.00133	0.00026	0.00182	0.01412
1.00000	0.00781	0.00071	0.02367	0.00565	0.31806	0.01014	0.00480	0.01161	0.01263	0.60492
1.00000	0.02497	0.00134	0.00508	0.82544	0.00195	0.09459	0.00882	0.00091	0.02675	0.01015
1.00000	0.00091	0.00090	0.00241	0.02652	0.83936	0.00296	0.00793	0.00138	0.00399	0.11365
1.00000	0.00175	0.00093	0.00146	0.00084	0.14393	0.00347	0.00132	0.01051	0.00603	0.82976
1.00000	0.03285	0.02288	0.13561	0.28237	0.01740	0.01025	0.00793	0.00802	0.45439	0.02830
1.00000	0.01935	0.00078	0.01953	0.00207	0.14196	0.00967	0.00251	0.00274	0.16143	0.63995
1.00000	0.65009	0.00985	0.08912	0.05338	0.01112	0.10939	0.06013	0.00486	0.00353	0.00852
1.00000	0.02071	0.00120	0.00874	0.03223	0.00716	0.01091	0.00281	0.69801	0.00355	0.21467
1.00000	0.10073	0.00032	0.02584	0.00827	0.00717	0.01385	0.76816	0.00080	0.07005	0.00481
0.00000	0.01430	0.00782	0.03144	0.03318	0.13866	0.38014	0.02706	0.01209	0.34737	0.00792
1.00000	0.01200	0.00012	0.00210	0.00037	0.00329	0.00275	0.97819	0.00018	0.00065	0.00036
1.00000	0.01710	0.39847	0.04209	0.03866	0.11504	0.06093	0.00918	0.05385	0.18048	0.08420
1.00000	0.00870	0.00155	0.01195	0.88988	0.00047	0.04694	0.00878	0.00027	0.03072	0.00074
1.00000	0.01668	0.77066	0.03772	0.00561	0.01120	0.03551	0.02086	0.01173	0.07551	0.01454
1.00000	0.05270	0.01267	0.04931	0.02321	0.55100	0.05241	0.06207	0.01667	0.06940	0.11055
1.00000	0.01202	0.00011	0.00199	0.00064	0.01010	0.01163	0.95653	0.00011	0.00605	0.00084
1.00000	0.00563	0.08079	0.63515	0.05663	0.03081	0.01183	0.10453	0.00426	0.00818	0.06220
1.00000	0.00583	0.01033	0.00219	0.00614	0.14817	0.22813	0.00705	0.01210	0.50103	0.07905
1.00000	0.80306	0.00391	0.06194	0.00641	0.02368	0.03362	0.02917	0.01114	0.00554	0.02152
1.00000	0.00513	0.11166	0.02492	0.00383	0.58678	0.05841	0.02270	0.01373	0.00157	0.17127
1.00000	0.02849	0.01325	0.46665	0.06614	0.00839	0.03687	0.03047	0.01227	0.24871	0.08876
1.00000	0.20781	0.00343	0.01478	0.39722	0.00566	0.26516	0.01359	0.00215	0.08489	0.00531
1.00000	0.00329	0.00586	0.91875	0.01457	0.00745	0.00710	0.02483	0.00103	0.01396	0.00317
1.00000	0.95811	0.00035	0.00388	0.00544	0.00182	0.02249	0.00664	0.00012	0.00087	0.00027
1.00000	0.00187	0.01157	0.08078	0.00552	0.33694	0.00612	0.01508	0.00826	0.00671	0.52715
1.00000	0.04024	0.00885	0.56979	0.19502	0.00616	0.04657	0.04810	0.00534	0.07877	0.00116
1.00000	0.00732	0.90997	0.00515	0.00464	0.04068	0.00708	0.01749	0.00174	0.00137	0.00456
1.00000	0.00367	0.00795	0.04134	0.84628	0.00618	0.02879	0.00881	0.01148	0.02454	0.02095
1.00000	0.00332	0.03693	0.03972	0.69267	0.06017	0.01727	0.00672	0.09248	0.01653	0.03419
0.00000	0.00093	0.00313	0.00139	0.48122	0.00910	0.05390	0.00053	0.00123	0.41745	0.03112
1.00000	0.02233	0.00178	0.02482	0.16629	0.02208	0.71075	0.01763	0.00867	0.01395	0.01171
1.00000	0.04272	0.03701	0.03179	0.01138	0.28385	0.06660	0.09288	0.05472	0.22622	0.15284
1.00000	0.03497	0.00187	0.00661	0.00737	0.01566	0.09313	0.82824	0.00015	0.00401	0.00799
1.00000	0.00208	0.04243	0.02530	0.11706	0.00773	0.00259	0.00192	0.68214	0.00860	0.11014
1.00000	0.01996	0.00864	0.01326	0.03040	0.01918	0.08187	0.00703	0.70468	0.02908	0.08591
1.00000	0.02131	0.00475	0.00369	0.10537	0.01753	0.72418	0.00868	0.00125	0.11110	0.00215
1.00000	0.00901	0.02178	0.07045	0.00762	0.34049	0.02051	0.00712	0.01086	0.01256	0.49959
1.00000	0.00164	0.00203	0.01019	0.00119	0.95209	0.00168	0.01313	0.00095	0.00049	0.01661
1.00000	0.01470	0.01738	0.01510	0.06398	0.59772	0.04095	0.04143	0.05956	0.01570	0.13349
1.00000	0.84850	0.00263	0.01853	0.02553	0.00127	0.03720	0.03166	0.00459	0.00987	0.02022
1.00000	0.05661	0.00827	0.00364	0.02864	0.05895	0.03057	0.00439	0.00736	0.42342	0.37816
1.00000	0.00658	0.00139	0.00188	0.04124	0.03580	0.76986	0.09684	0.00119	0.01299	0.03222
1.00000	0.54183	0.00632	0.01870	0.04255	0.03497	0.15418	0.01694	0.09904	0.03100	0.05448
1.00000	0.02283	0.00270	0.00051	0.00710	0.53068	0.10882	0.01298	0.00313	0.05954	0.25172
1.00000	0.00102	0.00083	0.00647	0.00173	0.25372	0.00659	0.00153	0.00638	0.00924	0.71248
1.00000	0.00829	0.00205	0.00601	0.11837	0.00615	0.01222	0.00505	0.81943	0.00107	0.02135
1.00000	0.00268	0.00299	0.00157	0.00199	0.01099	0.01382	0.00268	0.89044	0.00229	0.07054
1.00000	0.03550	0.02290	0.14548	0.02332	0.08324	0.04647	0.01854	0.06349	0.01387	0.54718
1.00000	0.00237	0.02984	0.01160	0.10524	0.03137	0.00694	0.00223	0.65491	0.01492	0.14058
1.00000	0.00513	0.00249	0.00317	0.02385	0.15358	0.01165	0.02433	0.05769	0.00456	0.71355
1.00000	0.06640	0.00809	0.03881	0.01452	0.09913	0.02089	0.60616	0.07920	0.05065	0.01616
1.00000	0.70563	0.00133	0.01618	0.03304	0.00726	0.11537	0.08415	0.01304	0.01938	0.00461
1.00000	0.06658	0.00140	0.00107	0.16446	0.01529	0.64208	0.06931	0.00934	0.02022	0.01026
1.00000	0.01381	0.00950	0.00035	0.01425	0.00584	0.90729	0.00903	0.00833	0.01410	0.01748
1.00000	0.03604	0.00234	0.00877	0.00952	0.03987	0.02336	0.77852	0.02144	0.01117	0.06896
1.00000	0.04199	0.00138	0.04198	0.00203	0.02132	0.07740	0.79285	0.00050	0.01757	0.00297
1.00000	0.04457	0.05919	0.01898	0.01644	0.06170	0.68946	0.01991	0.02053	0.04850	0.02072
1.00000	0.00192	0.00318	0.01004	0.07650	0.03150	0.00449	0.01725	0.47177	0.06668	0.31668
1.00000	0.45508	0.00914	0.04280	0.06889	0.05168	0.21635	0.01653	0.10146	0.01094	0.02714
1.00000	0.00644	0.00040	0.00067	0.02530	0.03175	0.00675	0.00140	0.87664	0.00063	0.05001
1.00000	0.01603	0.00432	0.00123	0.00398	0.02911	0.77036	0.02442	0.05456	0.07121	0.02479
1.00000	0.00130	0.00066	0.01140	0.00410	0.26174	0.01333	0.00144	0.01256	0.00198	0.69149
1.00000	0.00306	0.00683	0.01873	0.00788	0.65299	0.09635	0.07115	0.00497	0.00430	0.13374
1.00000	0.01668	0.00931	0.01959	0.01734	0.80394	0.01271	0.04649	0.03501	0.00491	0.03403
1.00000	0.00638	0.00063	0.02671	0.00261	0.27307	0.00153	0.00357	0.00688	0.00347	0.67515
1.00000	0.00140	0.00026	0.97096	0.01828	0.00214	0.00101	0.00241	0.00040	0.00084	0.00231
1.00000	0.93756	0.00038	0.00331	0.01897	0.00754	0.01453	0.01274	0.00172	0.00283	0.00041
1.00000	0.01642	0.00179	0.51169	0.02796	0.07078	0.05690	0.25499	0.00399	0.03682	0.01866
0.00000	0.01785	0.00221	0.00035	0.00871	0.21330	0.00988	0.00353	0.28658	0.00059	0.45700
1.00000	0.00442	0.92445	0.00635	0.00231	0.00511	0.01286	0.02287	0.01356	0.00054	0.00753
1.00000	0.02737	0.04185	0.01954	0.61915	0.02255	0.13055	0.05954	0.00189	0.05587	0.02170
1.00000	0.00369	0.00073	0.91731	0.00337	0.05109	0.00471	0.00725	0.00316	0.00556	0.00313
1.00000	0.75064	0.01331	0.08574	0.00513	0.00973	0.04949	0.03031	0.00609	0.00377	0.04580
1.00000	0.07951	0.00052	0.04488	0.00178	0.01257	0.05379	0.80324	0.00137	0.00214	0.00021
1.00000	0.00798	0.76054	0.09972	0.01089	0.03075	0.01630	0.00633	0.01070	0.04126	0.01551
1.00000	0.00987	0.00132	0.00339	0.04263	0.00307	0.00276	0.00079	0.86446	0.00296	0.06873
1.00000	0.02247	0.00531	0.00498	0.01412	0.18604	0.10064	0.00924	0.41985	0.06780	0.16955
0.00000	0.19095	0.00484	0.01383	0.03783	0.25544	0.09619	0.01923	0.15230	0.01355	0.21583
0.00000	0.00345	0.00117	0.00279	0.01191	0.16154	0.00671	0.00844	0.00291	0.04862	0.75246
1.00000	0.02934	0.00089	0.00172	0.00679	0.84230	0.00539	0.04218	0.01962	0.00144	0.05033
1.00000	0.00748	0.00020	0.00080	0.00891	0.01932	0.01023	0.00873	0.88581	0.00065	0.05788
1.00000	0.03636	0.09473	0.06132	0.01575	0.16907	0.13910	0.00751	0.25087	0.08096	0.14432
1.00000	0.00213	0.00185	0.01665	0.00162	0.45449	0.00437	0.48646	0.00922	0.00089	0.02232
1.00000	0.00091	0.00039	0.00123	0.02507	0.00171	0.00596	0.00055	0.00015	0.96105	0.00299
0.00000	0.04468	0.02672	0.04867	0.01123	0.55281	0.00527	0.08474	0.10940	0.00630	0.11018
1.00000	0.06875	0.01259	0.31179	0.16767	0.01719	0.08691	0.14534	0.00072	0.18277	0.00626
1.00000	0.01026	0.00019	0.00024	0.00671	0.00041	0.95123	0.00179	0.00020	0.02852	0.00046
1.00000	0.04711	0.02725	0.01215	0.00144	0.63652	0.06695	0.07101	0.01397	0.01057	0.11301
1.00000	0.09278	0.00269	0.01435	0.71952	0.00840	0.07070	0.00699	0.01901	0.02505	0.04052
1.00000	0.00260	0.00100	0.00117	0.00042	0.76181	0.00907	0.02150	0.00107	0.03009	0.17128
1.00000	0.00902	0.00017	0.00103	0.04610	0.00272	0.00116	0.00030	0.88414	0.00029	0.05507
0.00000	0.11981	0.00678	0.08583	0.10827	0.01786	0.21756	0.15014	0.06791	0.02489	0.20096
1.00000	0.02676	0.00070	0.01159	0.04653	0.00832	0.00727	0.00111	0.00142	0.85542	0.04089
1.00000	0.00365	0.00251	0.00080	0.08296	0.01073	0.02113	0.00261	0.00977	0.80020	0.06565
1.00000	0.00265	0.06063	0.00561	0.02350	0.03721	0.02686	0.00062	0.68333	0.01374	0.14584
1.00000	0.01042	0.84311	0.00807	0.01850	0.01272	0.04633	0.02916	0.00492	0.00401	0.02277
1.00000	0.10167	0.00374	0.06695	0.63219	0.00284	0.16394	0.00535	0.00158	0.01908	0.00265
1.00000	0.01701	0.00033	0.00991	0.00018	0.01690	0.01139	0.93485	0.00008	0.00069	0.00865
1.00000	0.01203	0.00015	0.00027	0.00109	0.16101	0.00358	0.00342	0.00439	0.01536	0.79871
1.00000	0.01321	0.77851	0.02069	0.00458	0.05301	0.01013	0.00849	0.01547	0.06596	0.02995
1.00000	0.00454	0.03008	0.01293	0.05378	0.05727	0.01613	0.05068	0.71994	0.00159	0.05306
1.00000	0.00216	0.00098	0.05271	0.00204	0.78938	0.00701	0.09725	0.01110	0.00739	0.02999
0.00000	0.03014	0.04826	0.07188	0.04921	0.46425	0.02562	0.22008	0.03585	0.00202	0.05269
1.00000	0.01082	0.02881	0.28334	0.50566	0.01243	0.01715	0.09863	0.01381	0.02821	0.00114
1.00000	0.85262	0.00101	0.01151	0.01593	0.02507	0.07416	0.01306	0.00241	0.00292	0.00132
1.00000	0.08637	0.06474	0.01179	0.09866	0.06142	0.46231	0.02348	0.06100	0.04598	0.08426
1.00000	0.00982	0.00093	0.05841	0.81688	0.00135	0.07874	0.01377	0.00807	0.00887	0.00316
1.00000	0.02279	0.00645	0.61100	0.00310	0.19071	0.00299	0.11113	0.00383	0.02185	0.02616
1.00000	0.00835	0.00207	0.08144	0.63571	0.00685	0.05886	0.03691	0.00312	0.16386	0.00281
1.00000	0.05628	0.00526	0.01110	0.10815	0.00384	0.79684	0.00505	0.00088	0.00637	0.00624
1.00000	0.00671	0.00026	0.00025	0.01785	0.00111	0.90674	0.00052	0.00014	0.06129	0.00513
1.00000	0.00084	0.00022	0.00171	0.00073	0.13146	0.00167	0.00160	0.00501	0.00741	0.84935
1.00000	0.05142	0.00494	0.03166	0.18230	0.04828	0.34399	0.06915	0.01626	0.08087	0.17114
1.00000	0.00185	0.00038	0.02778	0.00373	0.00804	0.00588	0.94769	0.00005	0.00265	0.00196
1.00000	0.00174	0.00028	0.00063	0.04318	0.87695	0.00552	0.01127	0.01820	0.00111	0.04111
1.00000	0.84329	0.00033	0.00569	0.04962	0.00736	0.05922	0.02821	0.00086	0.00435	0.00107
1.00000	0.01791	0.00617	0.00784	0.05492	0.08283	0.08983	0.00497	0.03047	0.49757	0.20749
1.00000	0.86232	0.00034	0.00108	0.00869	0.03741	0.07845	0.00854	0.00120	0.00061	0.00138
1.00000	0.00273	0.03391	0.01106	0.15996	0.00558	0.00685	0.02873	0.64706	0.00250	0.10162
1.00000	0.24000	0.01509	0.30923	0.15007	0.00781	0.15496	0.02526	0.02663	0.06622	0.00473
1.00000	0.03346	0.01636	0.00305	0.04680	0.06233	0.06060	0.01164	0.19647	0.45730	0.11199
1.00000	0.01029	0.00635	0.03933	0.20498	0.00978	0.16547	0.04444	0.00848	0.49238	0.01851
0.00000	0.07245	0.00210	0.05015	0.10841	0.00734	0.37102	0.06798	0.00128	0.30288	0.01640
1.00000	0.00291	0.00324	0.00092	0.04752	0.00265	0.00187	0.01290	0.90403	0.00061	0.02334
1.00000	0.00711	0.03614	0.39296	0.24858	0.01208	0.01306	0.00997	0.03228	0.19288	0.05493
1.00000	0.01216	0.00085	0.02057	0.01424	0.07872	0.02126	0.81083	0.00495	0.01986	0.01655
1.00000	0.89008	0.00237	0.01660	0.00137	0.01430	0.05347	0.01330	0.00331	0.00123	0.00398
1.00000	0.01293	0.02448	0.00226	0.02392	0.05279	0.78485	0.03367	0.00085	0.03445	0.02979
1.00000	0.05846	0.00166	0.00377	0.06230	0.00147	0.73908	0.00773	0.02073	0.09833	0.00649
1.00000	0.02717	0.00063	0.88994	0.00794	0.00850	0.00629	0.01034	0.00562	0.04012	0.00346
1.00000	0.00922	0.03325	0.00202	0.02182	0.02467	0.88724	0.00992	0.00127	0.00951	0.00109
1.00000	0.00932	0.61383	0.04145	0.08462	0.11302	0.03576	0.02086	0.00869	0.02454	0.04791
1.00000	0.00145	0.00883	0.00404	0.94965	0.00063	0.00756	0.00981	0.00147	0.01495	0.00161
1.00000	0.03292	0.00116	0.03683	0.00809	0.02168	0.00296	0.83471	0.01818	0.00577	0.03770
1.00000	0.11733	0.01198	0.10125	0.00650	0.56939	0.06889	0.06443	0.00601	0.02283	0.03137
1.00000	0.00610	0.07924	0.04979	0.14546	0.03666	0.00329	0.00542	0.49135	0.00302	0.17966
1.00000	0.00503	0.00106	0.01279	0.00022	0.92981	0.01058	0.02184	0.00431	0.00318	0.01119
1.00000	0.89380	0.00050	0.00946	0.00479	0.00081	0.06294	0.01787	0.00533	0.00344	0.00106
0.00000	0.01620	0.03850	0.29298	0.20228	0.00318	0.01527	0.00790	0.00149	0.42022	0.00197
1.00000	0.39351	0.01330	0.17495	0.00655	0.06639	0.03138	0.19305	0.04833	0.00760	0.06493
0.00000	0.07670	0.02319	0.40239	0.29474	0.00708	0.01213	0.02172	0.09247	0.03935	0.03022
1.00000	0.02175	0.00042	0.00748	0.00271	0.11193	0.03218	0.01131	0.00392	0.01734	0.79098
1.00000	0.03489	0.01533	0.81259	0.04046	0.02466	0.00415	0.02329	0.00643	0.02979	0.00840
1.00000	0.04333	0.00125	0.00026	0.04676	0.00707	0.85922	0.02019	0.00293	0.01309	0.00591
0.00000	0.48885	0.00103	0.26282	0.00590	0.00830	0.01742	0.14342	0.00262	0.02382	0.04584
0.00000	0.07909	0.00698	0.02801	0.00460	0.52100	0.14378	0.10390	0.00240	0.02395	0.08628
1.00000	0.00355	0.00199	0.00902	0.05359	0.17946	0.05477	0.00962	0.02220	0.12081	0.54500
1.00000	0.00150	0.00077	0.00095	0.00274	0.21664	0.00594	0.00442	0.01167	0.00137	0.75398
1.00000	0.04986	0.00425	0.08507	0.00790	0.02702	0.01120	0.71838	0.05481	0.00609	0.03542
1.00000	0.01294	0.00220	0.08078	0.05294	0.02734	0.00928	0.05643	0.00938	0.63846	0.11026
1.00000	0.14598	0.00064	0.78138	0.02112	0.01305	0.00414	0.00636	0.00848	0.01074	0.00811
1.00000	0.60229	0.00264	0.00659	0.04504	0.00611	0.18726	0.09270	0.00565	0.02862	0.02309
1.00000	0.00545	0.02403	0.03124	0.08284	0.00355	0.03337	0.00239	0.00610	0.75208	0.05894
1.00000	0.04412	0.00119	0.00069	0.00099	0.03012	0.90252	0.00855	0.00019	0.01022	0.00142
1.00000	0.02143	0.00139	0.00078	0.03082	0.65067	0.02177	0.01587	0.01640	0.03416	0.20672
1.00000	0.01620	0.00012	0.02219	0.00049	0.00874	0.02234	0.92752	0.00052	0.00159	0.00029
1.00000	0.04914	0.00229	0.02490	0.00316	0.61805	0.01086	0.01056	0.00364	0.05343	0.22397
1.00000	0.01351	0.00080	0.00296	0.00557	0.00073	0.00315	0.00139	0.89168	0.00174	0.07848
1.00000	0.03048	0.02145	0.01235	0.60075	0.00586	0.06951	0.01324	0.07877	0.12101	0.04659
1.00000	0.01375	0.00508	0.00629	0.00673	0.00684	0.05990	0.00264	0.00456	0.88846	0.00575
0.00000	0.00753	0.01768	0.30340	0.18234	0.01857	0.00240	0.00516	0.03751	0.38781	0.03760
1.00000	0.32965	0.02772	0.08499	0.00575	0.14617	0.03413	0.22426	0.06913	0.00867	0.06953
1.00000	0.01478	0.01084	0.03044	0.57343	0.03098	0.08702	0.00930	0.04254	0.11156	0.08910
1.00000	0.02478	0.00542	0.02627	0.00065	0.01720	0.14213	0.77069	0.00017	0.00791	0.00478
1.00000	0.00339	0.80852	0.05408	0.00755	0.04722	0.01880	0.00781	0.03089	0.01278	0.00898
1.00000	0.00447	0.00329	0.02244	0.80697	0.00215	0.10741	0.00061	0.00548	0.03856	0.00861
1.00000	0.09753	0.00318	0.04644	0.22837	0.01257	0.05542	0.00353	0.00287	0.49996	0.05012
1.00000	0.05858	0.00572	0.02062	0.04512	0.02114	0.06761	0.05744	0.02054	0.59525	0.10797
1.00000	0.02930	0.00102	0.00016	0.00080	0.05130	0.89634	0.01108	0.00060	0.00496	0.00445
0.00000	0.21805	0.04667	0.06917	0.17423	0.10569	0.08997	0.08279	0.02003	0.11376	0.07963
1.00000	0.03220	0.00396	0.03228	0.74418	0.01675	0.03329	0.03697	0.00364	0.08773	0.00898
1.00000	0.25090	0.00701	0.11963	0.44895	0.00181	0.04810	0.06039	0.01032	0.04883	0.00405
1.00000	0.01228	0.00132	0.00034	0.04181	0.62434	0.01024	0.02884	0.02762	0.02133	0.23188
1.00000	0.01879	0.02679	0.14217	0.57076	0.00601	0.06910	0.01347	0.00154	0.14777	0.00361
0.00000	0.01563	0.00328	0.56042	0.08800	0.06807	0.03103	0.07031	0.12171	0.01305	0.02850
1.00000	0.10157	0.01827	0.09252	0.07259	0.02574	0.07462	0.07030	0.02111	0.39915	0.12413
1.00000	0.01819	0.00348	0.09277	0.12649	0.06812	0.06248	0.00958	0.01491	0.59501	0.00896
1.00000	0.92537	0.00022	0.00421	0.01399	0.00363	0.03969	0.00707	0.00011	0.00117	0.00455
1.00000	0.00655	0.00009	0.00004	0.01058	0.00194	0.97508	0.00117	0.00020	0.00363	0.00073
1.00000	0.00288	0.00719	0.08490	0.87933	0.00047	0.00883	0.00420	0.00025	0.01022	0.00173
1.00000	0.01737	0.00829	0.00758	0.00116	0.66327	0.03855	0.05368	0.05334	0.03107	0.12570
1.00000	0.01379	0.02981	0.01500	0.01268	0.74558	0.11923	0.01933	0.00535	0.00991	0.02934
1.00000	0.00272	0.00010	0.00928	0.00506	0.03903	0.00122	0.00646	0.01773	0.01585	0.90255
1.00000	0.02738	0.01343	0.02659	0.01366	0.20184	0.21245	0.02491	0.04338	0.06838	0.36798
1.00000	0.02003	0.00079	0.13144	0.78139	0.00133	0.00568	0.01125	0.00414	0.04167	0.00229
1.00000	0.00201	0.00181	0.07872	0.03223	0.14685	0.00477	0.00534	0.07532	0.04627	0.60669
1.00000	0.01222	0.00281	0.00186	0.00817	0.04807	0.37021	0.02632	0.00029	0.43710	0.09295
1.00000	0.00126	0.00033	0.00043	0.00119	0.16436	0.00408	0.00293	0.00431	0.00169	0.81943
1.00000	0.01523	0.00396	0.00639	0.05439	0.03174	0.11153	0.00692	0.00360	0.62351	0.14272
1.00000	0.85656	0.00173	0.00573	0.00676	0.00837	0.06064	0.04280	0.00679	0.00176	0.00886
1.00000	0.00569	0.75849	0.09025	0.01185	0.01933	0.03942	0.00774	0.00215	0.05364	0.01143
1.00000	0.00448	0.00108	0.00228	0.44767	0.00987	0.03996	0.00192	0.00767	0.27723	0.20784
1.00000	0.78601	0.00073	0.00588	0.04570	0.00819	0.08907	0.04887	0.00063	0.01397	0.00093
1.00000	0.02627	0.00644	0.59547	0.02045	0.23709	0.00526	0.00726	0.01670	0.00094	0.08411
1.00000	0.00894	0.00222	0.00263	0.02049	0.06932	0.00563	0.00185	0.07552	0.04778	0.76562
1.00000	0.00148	0.00087	0.00136	0.01097	0.02951	0.00203	0.00593	0.86326	0.00182	0.08276
1.00000	0.00785	0.00240	0.04381	0.00623	0.02412	0.26685	0.11539	0.00049	0.51807	0.01477
1.00000	0.17894	0.04603	0.01874	0.01413	0.04674	0.13191	0.01080	0.42507	0.02791	0.09972
1.00000	0.96046	0.00147	0.01594	0.00226	0.00084	0.00358	0.01166	0.00081	0.00138	0.00161
1.00000	0.01659	0.00430	0.00255	0.05013	0.05842	0.00680	0.01097	0.04907	0.01673	0.78443
1.00000	0.07417	0.00118	0.13464	0.02206	0.05528	0.00781	0.67232	0.00065	0.02087	0.01102
1.00000	0.00118	0.03275	0.02954	0.08467	0.00447	0.00188	0.00051	0.76082	0.00516	0.07902
1.00000	0.00630	0.00055	0.00144	0.00242	0.83541	0.01396	0.01341	0.02554	0.01855	0.08242
1.00000	0.01511	0.00455	0.00498	0.00594	0.03454	0.01179	0.00301	0.68999	0.00218	0.22791
1.00000	0.01371	0.39952	0.11918	0.06571	0.08143	0.01781	0.00853	0.02376	0.25817	0.01217
1.00000	0.00346	0.00066	0.00240	0.00201	0.15566	0.01762	0.00084	0.00783	0.05210	0.75741
1.00000	0.03766	0.00534	0.53368	0.24651	0.00350	0.00530	0.05590	0.06760	0.00382	0.04069
1.00000	0.25088	0.04263	0.31233	0.06919	0.02681	0.04651	0.01489	0.10819	0.04856	0.08000
1.00000	0.00166	0.00259	0.81063	0.08701	0.00172	0.01490	0.04666	0.00044	0.03173	0.00265
1.00000	0.00926	0.86998	0.01628	0.00603	0.02593	0.01439	0.04723	0.00233	0.00381	0.00476
1.00000	0.00319	0.00335	0.03065	0.08230	0.05333	0.01370	0.00284	0.00427	0.77183	0.03454
1.00000	0.00159	0.00108	0.00259	0.89302	0.00258	0.00706	0.00591	0.00161	0.07058	0.01397
1.00000	0.00791	0.00407	0.01006	0.84797	0.00430	0.03272	0.00236	0.00957	0.06709	0.01394
1.00000	0.00125	0.00115	0.00421	0.87908	0.00036	0.02947	0.00114	0.00271	0.07954	0.00110
1.00000	0.03872	0.00306	0.00085	0.00239	0.00832	0.01527	0.00223	0.82479	0.00035	0.10402
1.00000	0.52984	0.00293	0.08813	0.14527	0.00598	0.12163	0.07205	0.02265	0.00227	0.00925
0.00000	0.35297	0.00097	0.00940	0.00473	0.13212	0.02634	0.05047	0.00839	0.13074	0.28387
1.00000	0.52493	0.02179	0.04040	0.00569	0.06336	0.02294	0.16547	0.06188	0.02254	0.07100
0.00000	0.03688	0.00146	0.00842	0.35146	0.01182	0.11502	0.01865	0.00939	0.39732	0.04959
1.00000	0.00807	0.85324	0.02068	0.00257	0.01948	0.01731	0.01373	0.02690	0.03241	0.00561
1.00000	0.02745	0.00445	0.00451	0.52303	0.00194	0.31289	0.02854	0.00145	0.08561	0.01013
1.00000	0.02681	0.01724	0.00339	0.01901	0.04829	0.05120	0.02722	0.77382	0.00684	0.02619
1.00000	0.03887	0.00071	0.00011	0.01685	0.00511	0.89492	0.03025	0.00026	0.00969	0.00324
1.00000	0.03602	0.25906	0.01234	0.01682	0.00426	0.58434	0.05247	0.00116	0.02727	0.00626
1.00000	0.05265	0.01153	0.01158	0.06662	0.01330	0.03682	0.01167	0.02545	0.71337	0.05701
1.00000	0.00438	0.01241	0.02697	0.10146	0.08706	0.00577	0.01016	0.57002	0.00114	0.18062
1.00000	0.03474	0.00340	0.00791	0.12274	0.01151	0.04350	0.00290	0.06197	0.63440	0.07694
1.00000	0.00373	0.01881	0.00586	0.01917	0.74443	0.02345	0.03087	0.00569	0.00904	0.13895
1.00000	0.05784	0.00542	0.00213	0.05617	0.02500	0.79555	0.01468	0.00056	0.03873	0.00391
1.00000	0.02722	0.00226	0.03223	0.00042	0.90600	0.00994	0.01106	0.00429	0.00166	0.00493
1.00000	0.03721	0.00370	0.71372	0.02415	0.15063	0.00752	0.04740	0.00212	0.00546	0.00808
1.00000	0.00769	0.01136	0.00274	0.06422	0.09093	0.00992	0.00968	0.03231	0.07218	0.69897
1.00000	0.01494	0.81944	0.01790	0.00739	0.03079	0.01715	0.01174	0.04061	0.02095	0.01909
1.00000	0.00082	0.00455	0.00139	0.00064	0.82553	0.03609	0.02018	0.00105	0.01228	0.09747
1.00000	0.01961	0.00379	0.02781	0.10992	0.01047	0.06018	0.01019	0.00114	0.73157	0.02533
1.00000	0.00748	0.00049	0.00061	0.00249	0.14361	0.00253	0.00097	0.00682	0.00227	0.83273
1.00000	0.07691	0.00182	0.00448	0.12437	0.00353	0.54434	0.00116	0.02463	0.20475	0.01401
0.00000	0.02240	0.09213	0.01724	0.08257	0.16056	0.29138	0.07920	0.09587	0.01163	0.14702
1.00000	0.00584	0.00119	0.00102	0.00124	0.00321	0.01081	0.00032	0.00108	0.96731	0.00798
1.00000	0.02644	0.00326	0.06753	0.16596	0.00299	0.08166	0.01086	0.00113	0.63570	0.00447
1.00000	0.87913	0.00301	0.00886	0.02646	0.00213	0.04943	0.01377	0.00347	0.00298	0.01078
1.00000	0.00327	0.00608	0.00297	0.09648	0.02867	0.47875	0.28919	0.00350	0.08525	0.00584
1.00000	0.07642	0.00563	0.48966	0.13023	0.01724	0.03349	0.07065	0.02485	0.13091	0.02091
1.00000	0.05287	0.00091	0.00717	0.00541	0.06580	0.27027	0.56761	0.00037	0.02667	0.00291
1.00000	0.01446	0.01211	0.05392	0.07532	0.00566	0.06473	0.01198	0.64562	0.09999	0.01620
1.00000	0.03689	0.00922	0.02934	0.54719	0.05432	0.11380	0.01570	0.11520	0.02790	0.05043
1.00000	0.00085	0.00047	0.01104	0.00472	0.19539	0.00877	0.00082	0.01209	0.02146	0.74437
1.00000	0.00785	0.00293	0.83942	0.05880	0.00120	0.00424	0.03396	0.00228	0.04335	0.00598
1.00000	0.00833	0.00516	0.00474	0.03725	0.00273	0.05150	0.00109	0.00934	0.84965	0.03022
1.00000	0.02598	0.01627	0.00127	0.00683	0.06804	0.69369	0.14579	0.00047	0.01056	0.03109
0.00000	0.03430	0.00831	0.19757	0.22965	0.09653	0.03218	0.13882	0.06927	0.10023	0.09314
1.00000	0.00572	0.00329	0.00351	0.02822	0.14185	0.01953	0.02070	0.00446	0.00607	0.76666
1.00000	0.00930	0.00983	0.93057	0.01086	0.00172	0.00053	0.01450	0.01260	0.00352	0.00658
1.00000	0.00936	0.00097	0.03573	0.01980	0.02481	0.00633	0.88578	0.00132	0.00897	0.00693
1.00000	0.00502	0.00040	0.00432	0.00700	0.23854	0.00694	0.00257	0.01063	0.00162	0.72296
1.00000	0.00736	0.02847	0.60425	0.06364	0.06184	0.00431	0.14981	0.06551	0.00215	0.01266
1.00000	0.93312	0.00030	0.00368	0.00688	0.00078	0.04958	0.00186	0.00223	0.00116	0.00041
1.00000	0.04753	0.04274	0.03429	0.00419	0.09699	0.13424	0.61303	0.00019	0.01596	0.01083
0.00000	0.02189	0.00251	0.08069	0.18516	0.01819	0.02352	0.01144	0.00973	0.58464	0.06223
1.00000	0.84522	0.00327	0.00278	0.01030	0.00661	0.09419	0.02965	0.00031	0.00698	0.00069
1.00000	0.31201	0.00285	0.01996	0.00342	0.02610	0.20501	0.41958	0.00089	0.00790	0.00229
1.00000	0.53820	0.00499	0.01257	0.05565	0.01537	0.26022	0.01619	0.07307	0.00316	0.02057
1.00000	0.03147	0.01736	0.02628	0.65396	0.00585	0.12768	0.06016	0.00141	0.07326	0.00258
1.00000	0.00214	0.01782	0.80081	0.10533	0.01213	0.00861	0.01672	0.02101	0.00410	0.01132
1.00000	0.00884	0.00033	0.01195	0.00058	0.00501	0.00271	0.96131	0.00037	0.00814	0.00076
1.00000	0.01096	0.01645	0.02608	0.05004	0.03683	0.14787	0.03931	0.11127	0.01100	0.55019
1.00000	0.00328	0.00281	0.00709	0.04398	0.00174	0.00268	0.00415	0.86014	0.00032	0.07380
1.00000	0.01022	0.00015	0.01806	0.00183	0.17049	0.00124	0.00154	0.02104	0.00310	0.77233
1.00000	0.71384	0.02799	0.00564	0.02975	0.00704	0.15025	0.00918	0.00787	0.03825	0.01018
1.00000	0.05207	0.00025	0.00468	0.00089	0.08343	0.00621	0.00162	0.05306	0.00428	0.79352
0.00000	0.19085	0.00643	0.06614	0.39678	0.00583	0.02926	0.01715	0.00284	0.28179	0.00293
1.00000	0.03400	0.02254	0.03417	0.00787	0.02260	0.02306	0.02185	0.01246	0.57099	0.25047
1.00000	0.00139	0.00244	0.09500	0.00136	0.15205	0.00242	0.67358	0.00112	0.00127	0.06936
1.00000	0.00834	0.00292	0.00050	0.02057	0.05337	0.03237	0.00754	0.65213	0.00512	0.21715
1.00000	0.12387	0.00097	0.00193	0.02973	0.00644	0.80176	0.00714	0.00262	0.02355	0.00200
1.00000	0.74444	0.00117	0.00415	0.04027	0.00203	0.15173	0.02004	0.00476	0.02936	0.00206
1.00000	0.00867	0.86040	0.02335	0.01346	0.01596	0.01113	0.01646	0.00656	0.03965	0.00436
0.00000	0.41638	0.00149	0.01946	0.17886	0.00898	0.31856	0.02300	0.00238	0.01266	0.01824
1.00000	0.04430	0.00703	0.76046	0.01228	0.08366	0.00262	0.02744	0.01769	0.01076	0.03375
1.00000	0.04792	0.00020	0.00024	0.00166	0.00052	0.87230	0.00116	0.00008	0.07564	0.00028
1.00000	0.02561	0.00944	0.01606	0.01792	0.53722	0.02942	0.06008	0.04618	0.03163	0.22644
1.00000	0.00851	0.03209	0.01260	0.02096	0.19205	0.00378	0.02525	0.64159	0.00091	0.06226
1.00000	0.02225	0.00744	0.50412	0.19605	0.00573	0.03117	0.05256	0.05698	0.10354	0.02017
1.00000	0.00393	0.00085	0.05415	0.05590	0.01226	0.01466	0.00387	0.00177	0.82145	0.03116
1.00000	0.01017	0.00034	0.00267	0.00162	0.00098	0.01018	0.96749	0.00029	0.00363	0.00262
1.00000	0.10307	0.00876	0.07127	0.01450	0.11188	0.00810	0.50378	0.00156	0.08699	0.09009
1.00000	0.00493	0.94752	0.00433	0.00154	0.00351	0.00228	0.02820	0.00397	0.00045	0.00326
0.00000	0.51302	0.00595	0.14952	0.09000	0.00921	0.03680	0.02607	0.04617	0.07913	0.04412
1.00000	0.00252	0.00216	0.00047	0.00974	0.00099	0.00148	0.00022	0.95982	0.00097	0.02162
1.00000	0.01075	0.01560	0.68393	0.01974	0.14331	0.00211	0.01457	0.02736	0.00901	0.07363
0.00000	0.29005	0.00512	0.11106	0.23907	0.00484	0.05674	0.01870	0.00297	0.26901	0.00242
1.00000	0.17985	0.01171	0.03881	0.02860	0.02688	0.56440	0.03250	0.01066	0.08883	0.01776
1.00000	0.02559	0.00043	0.00041	0.02448	0.00155	0.01407	0.00129	0.86157	0.01218	0.05843
1.00000	0.10773	0.00159	0.02610	0.02552	0.01677	0.15742	0.65664	0.00102	0.00301	0.00420
1.00000	0.92917	0.00029	0.00562	0.00503	0.00139	0.00396	0.04680	0.00091	0.00149	0.00533
1.00000	0.01958	0.00103	0.00952	0.61008	0.02167	0.20369	0.01867	0.00147	0.06414	0.05016
1.00000	0.00156	0.00008	0.00057	0.01632	0.93872	0.00071	0.00110	0.00175	0.00492	0.03427
1.00000	0.00085	0.00083	0.96257	0.00314	0.01394	0.00877	0.00545	0.00115	0.00273	0.00057
1.00000	0.05944	0.00470	0.00722	0.01243	0.46876	0.06978	0.05492	0.02826	0.08403	0.21044
1.00000	0.01078	0.00154	0.00227	0.13399	0.00618	0.81411	0.00714	0.00065	0.01919	0.00416
1.00000	0.02698	0.67200	0.04675	0.01425	0.03597	0.03585	0.11571	0.00272	0.03222	0.01755
1.00000	0.00716	0.03504	0.05448	0.00761	0.31752	0.03303	0.01421	0.37802	0.00471	0.14822
1.00000	0.02234	0.01224	0.13983	0.06423	0.03478	0.07008	0.08407	0.00895	0.54873	0.01475
1.00000	0.74547	0.00752	0.08428	0.05510	0.03502	0.02442	0.02966	0.00371	0.00585	0.00896
1.00000	0.00475	0.90560	0.00526	0.00391	0.03551	0.00335	0.02624	0.00096	0.00731	0.00710
1.00000	0.03317	0.01286	0.04548	0.00360	0.73201	0.00252	0.07875	0.05955	0.00765	0.02442
1.00000	0.00410	0.00161	0.00260	0.01279	0.75971	0.01909	0.03672	0.10314	0.00057	0.05966
1.00000	0.12468	0.00136	0.00137	0.02247	0.01644	0.72124	0.00841	0.00158	0.08598	0.01645
1.00000	0.00500	0.00238	0.00218	0.01346	0.03997	0.64934	0.00058	0.04910	0.16351	0.07448
1.00000	0.00127	0.00013	0.00378	0.00042	0.14783	0.00259	0.00199	0.00395	0.00324	0.83481
1.00000	0.77235	0.00805	0.02477	0.01457	0.04660	0.07047	0.02604	0.00289	0.01044	0.02383
1.00000	0.00081	0.00016	0.94247	0.00123	0.00135	0.00160	0.05135	0.00003	0.00063	0.00035
1.00000	0.01398	0.68999	0.01996	0.06822	0.02455	0.05263	0.00761	0.01080	0.07551	0.03675
1.00000	0.01068	0.00046	0.00285	0.00083	0.92259	0.00159	0.04350	0.01181	0.00232	0.00338
1.00000	0.90977	0.00085	0.00961	0.02050	0.00826	0.01717	0.01343	0.00274	0.00638	0.01130
1.00000	0.00472	0.00043	0.00211	0.02948	0.00409	0.00224	0.00085	0.91847	0.00067	0.03695
1.00000	0.02775	0.01678	0.10256	0.03201	0.16858	0.07152	0.17355	0.03187	0.26311	0.11228
1.00000	0.10093	0.00291	0.00179	0.09949	0.08624	0.37367	0.01980	0.03644	0.09129	0.18743
1.00000	0.04017	0.19030	0.01649	0.06075	0.03984	0.14922	0.01460	0.10355	0.23031	0.15477
1.00000	0.00759	0.01578	0.04843	0.00284	0.28410	0.02212	0.03003	0.00397	0.04115	0.54401
1.00000	0.12587	0.00146	0.00252	0.17107	0.01589	0.45002	0.01020	0.00593	0.16208	0.05494
0.00000	0.03264	0.04759	0.02841	0.21426	0.09714	0.18059	0.10901	0.01035	0.17328	0.10672
1.00000	0.00066	0.00093	0.00432	0.00162	0.95876	0.00268	0.00953	0.00187	0.00623	0.01340
1.00000	0.00609	0.00431	0.04316	0.05027	0.19588	0.01335	0.00489	0.53146	0.00103	0.14957
1.00000	0.01482	0.84828	0.02120	0.02067	0.01941	0.00747	0.00773	0.03925	0.00585	0.01531
1.00000	0.02821	0.00753	0.00332	0.01775	0.07506	0.05608	0.00294	0.73034	0.02480	0.05398
1.00000	0.00356	0.05986	0.02037	0.05784	0.01283	0.00508	0.00041	0.69080	0.06970	0.07955
1.00000	0.02795	0.11075	0.56953	0.16967	0.00955	0.03368	0.02799	0.01078	0.03708	0.00302
1.00000	0.00055	0.00050	0.98995	0.00318	0.00058	0.00065	0.00186	0.00071	0.00149	0.00054
1.00000	0.00577	0.92861	0.00499	0.00130	0.00337	0.00224	0.03701	0.00409	0.00036	0.01226
1.00000	0.01269	0.87420	0.01123	0.00156	0.02066	0.00893	0.02049	0.02680	0.00768	0.01577
1.00000	0.00796	0.00029	0.00168	0.00080	0.08985	0.02201	0.00302	0.00523	0.06424	0.80493
1.00000	0.00397	0.90640	0.00651	0.00570	0.00751	0.01378	0.04437	0.00761	0.00060	0.00355
1.00000	0.64065	0.02939	0.02172	0.00405	0.03034	0.03716	0.14296	0.02789	0.01162	0.05424
1.00000	0.00432	0.00051	0.00159	0.00280	0.00186	0.00839	0.00042	0.00031	0.97174	0.00807
1.00000	0.83512	0.00052	0.00316	0.02295	0.00810	0.08517	0.02682	0.00078	0.01154	0.00584
1.00000	0.00023	0.00029	0.00197	0.00014	0.98705	0.00233	0.00433	0.00174	0.00007	0.00185
1.00000	0.00325	0.01561	0.00946	0.02126	0.79297	0.04479	0.01432	0.00204	0.00156	0.09477
1.00000	0.17582	0.00130	0.57303	0.02536	0.05734	0.01183	0.12681	0.00434	0.01491	0.00925
1.00000	0.01612	0.00083	0.01709	0.76410	0.00379	0.07070	0.00860	0.00155	0.11267	0.00454
1.00000	0.00227	0.00124	0.00326	0.02008	0.00145	0.00076	0.00019	0.93789	0.01015	0.02272
1.00000	0.86220	0.00125	0.05392	0.01330	0.00767	0.01234	0.03778	0.00352	0.00223	0.00580
1.00000	0.00162	0.00020	0.00334	0.00111	0.00365	0.00832	0.96158	0.00033	0.00933	0.01052
1.00000	0.00411	0.00105	0.00340	0.02007	0.81752	0.00941	0.01242	0.00565	0.02455	0.10182
1.00000	0.00488	0.02147	0.00416	0.17964	0.01574	0.00235	0.00183	0.71338	0.00557	0.05099
1.00000	0.02817	0.04403	0.27764	0.12179	0.03062	0.04588	0.00255	0.00779	0.37545	0.06608
1.00000	0.00842	0.89479	0.00859	0.00082	0.02264	0.00919	0.02274	0.01290	0.00568	0.01424
1.00000	0.01877	0.07588	0.01344	0.37513	0.11247	0.07836	0.01373	0.00863	0.18556	0.11805
1.00000	0.00445	0.00244	0.00984	0.65135	0.01262	0.01113	0.00166	0.00765	0.25209	0.04676
1.00000	0.00361	0.00763	0.88898	0.02331	0.00514	0.00559	0.01575	0.00247	0.04674	0.00079
1.00000	0.00503	0.00657	0.72427	0.00396	0.00979	0.02165	0.22299	0.00026	0.00229	0.00321
0.00000	0.08928	0.01423	0.24023	0.15469	0.00981	0.04233	0.01033	0.03981	0.38088	0.01841
1.00000	0.86122	0.00038	0.00452	0.04459	0.00631	0.04389	0.03176	0.00030	0.00419	0.00284
1.00000	0.02816	0.00122	0.63454	0.01261	0.08976	0.00654	0.16523	0.00260	0.01134	0.04799
1.00000	0.05531	0.00171	0.01859	0.83261	0.00052	0.06404	0.00806	0.00243	0.01509	0.00164
1.00000	0.06106	0.00302	0.04134	0.05960	0.02552	0.23530	0.03297	0.00401	0.47715	0.06004
1.00000	0.03593	0.00023	0.02294	0.00140	0.00178	0.02808	0.90336	0.00063	0.00159	0.00406
1.00000	0.00204	0.00195	0.03811	0.00594	0.07789	0.01843	0.00991	0.00687	0.01993	0.81891
0.00000	0.04597	0.10965	0.01406	0.16960	0.07100	0.04494	0.02608	0.29462	0.04014	0.18394
1.00000	0.00276	0.02766	0.02214	0.04890	0.20068	0.01712	0.65512	0.00298	0.00332	0.01932
1.00000	0.01313	0.00082	0.01667	0.07613	0.00582	0.09787	0.00070	0.00120	0.77727	0.01037
1.00000	0.02000	0.00007	0.00254	0.01158	0.00274	0.91069	0.04016	0.00033	0.01091	0.00097
1.00000	0.05586	0.03454	0.14250	0.01836	0.45344	0.05539	0.13045	0.00271	0.07990	0.02685
1.00000	0.03466	0.00186	0.02695	0.00104	0.26821	0.02450	0.02577	0.00535	0.03988	0.57179
1.00000	0.00998	0.03677	0.01136	0.03695	0.02859	0.05005	0.05189	0.63911	0.00053	0.13476
1.00000	0.01000	0.16419	0.64838	0.05687	0.00309	0.01422	0.08677	0.00049	0.00995	0.00604
1.00000	0.00225	0.00401	0.00168	0.04562	0.00459	0.00173	0.01989	0.89568	0.00091	0.02363
1.00000	0.09653	0.00169	0.03867	0.04063	0.02247	0.01343	0.00366	0.00781	0.69421	0.08091
0.00000	0.00469	0.00097	0.01063	0.30963	0.00762	0.03905	0.00456	0.01545	0.52759	0.07982
1.00000	0.11512	0.00097	0.00587	0.03885	0.00662	0.72043	0.03055	0.00365	0.07377	0.00418
1.00000	0.39451	0.03262	0.05250	0.00369	0.07541	0.08418	0.24988	0.00781	0.05935	0.04006
0.00000	0.00336	0.10497	0.25880	0.14879	0.03562	0.00372	0.00211	0.24419	0.15024	0.04821
1.00000	0.00038	0.00157	0.00060	0.00267	0.94295	0.00895	0.00194	0.00068	0.00258	0.03768
1.00000	0.04195	0.00043	0.04278	0.00171	0.14106	0.00944	0.00498	0.00624	0.02282	0.72860
1.00000	0.02018	0.01954	0.06242	0.58145	0.06460	0.17089	0.01193	0.00174	0.05256	0.01467
1.00000	0.07285	0.00334	0.00094	0.15150	0.00387	0.72811	0.00181	0.00221	0.03277	0.00262
1.00000	0.02322	0.00066	0.00196	0.00453	0.88212	0.02595	0.00820	0.01917	0.02369	0.01051
1.00000	0.04212	0.01051	0.20867	0.38065	0.00323	0.05921	0.14997	0.00206	0.13553	0.00805
1.00000	0.83844	0.00051	0.00925	0.05666	0.04653	0.01589	0.00953	0.00162	0.01883	0.00275
1.00000	0.00496	0.00311	0.67011	0.24822	0.00079	0.01402	0.02604	0.02605	0.00595	0.00074
1.00000	0.05066	0.00448	0.23803	0.00381	0.15603	0.02336	0.08663	0.05338	0.00810	0.37552
1.00000	0.15700	0.00159	0.02719	0.63752	0.02034	0.05515	0.03694	0.00259	0.04435	0.01734
1.00000	0.00154	0.93470	0.01086	0.00081	0.00331	0.00145	0.03932	0.00473	0.00072	0.00256
1.00000	0.05597	0.00051	0.00275	0.00105	0.00256	0.28684	0.64347	0.00022	0.00473	0.00190
1.00000	0.00680	0.00053	0.00069	0.00071	0.14521	0.01219	0.00265	0.00396	0.00431	0.82294
1.00000	0.00441	0.80711	0.01696	0.00659	0.06388	0.00245	0.03695	0.01088	0.00319	0.04758
1.00000	0.01410	0.00332	0.00248	0.01565	0.06727	0.00209	0.00110	0.03477	0.01059	0.84863
1.00000	0.06356	0.00249	0.05011	0.74551	0.00100	0.05677	0.03834	0.00077	0.03508	0.00637
0.00000	0.57123	0.03211	0.17996	0.08274	0.00562	0.06589	0.02144	0.02004	0.01145	0.00953
1.00000	0.04447	0.00377	0.03067	0.00233	0.60767	0.00848	0.11308	0.02335	0.01313	0.15306
1.00000	0.00491	0.00142	0.00064	0.00055	0.80388	0.02111	0.00720	0.00735	0.00322	0.14970
1.00000	0.01172	0.01516	0.07039	0.76282	0.00062	0.02843	0.01183	0.00429	0.09076	0.00398
1.00000	0.82888	0.00298	0.00349	0.00469	0.02615	0.11878	0.00444	0.00239	0.00210	0.00611
1.00000	0.02265	0.02565	0.03062	0.01146	0.53406	0.04225	0.09726	0.09551	0.01443	0.12611
1.00000	0.00975	0.00433	0.01890	0.00046	0.85068	0.02523	0.01272	0.01757	0.01119	0.04918
1.00000	0.01046	0.74539	0.01508	0.02147	0.01362	0.08117	0.00816	0.03554	0.04191	0.02719
0.00000	0.09494	0.00502	0.04890	0.26760	0.01235	0.18039	0.02105	0.00843	0.28701	0.07431
1.00000	0.61829	0.01011	0.03890	0.04662	0.00860	0.09475	0.11580	0.00632	0.02859	0.03201
1.00000	0.00099	0.00124	0.00292	0.00145	0.22960	0.01772	0.00273	0.00339	0.00588	0.73407
1.00000	0.01666	0.00034	0.00034	0.00178	0.24256	0.00058	0.00097	0.00057	0.00562	0.73057
1.00000	0.02520	0.07701	0.04208	0.00503	0.09748	0.10532	0.63103	0.00041	0.01071	0.00573
1.00000	0.01088	0.00386	0.09253	0.03181	0.00157	0.05230	0.01753	0.00024	0.78861	0.00065
1.00000	0.00674	0.05941	0.42830	0.34648	0.00479	0.00500	0.09989	0.02772	0.01503	0.00664
0.00000	0.03110	0.01472	0.00363	0.14019	0.18235	0.25676	0.07170	0.02515	0.04463	0.22977
0.00000	0.02249	0.13469	0.01237	0.06689	0.31171	0.03525	0.03975	0.26522	0.00425	0.10738
1.00000	0.07573	0.00061	0.01077	0.05970	0.00189	0.80797	0.02222	0.00024	0.02029	0.00056
1.00000	0.00563	0.01307	0.13873	0.09428	0.07701	0.00796	0.05275	0.33447	0.08154	0.19455
1.00000	0.01352	0.04567	0.00863	0.01744	0.00637	0.08419	0.00412	0.00074	0.78991	0.02942
1.00000	0.01894	0.01288	0.00986	0.02285	0.08503	0.01513	0.01237	0.06023	0.18292	0.57979
1.00000	0.03841	0.00116	0.73789	0.00870	0.05028	0.01404	0.06156	0.00206	0.05463	0.03127
1.00000	0.04725	0.00351	0.00338	0.00020	0.02466	0.89029	0.01541	0.00084	0.01309	0.00137
1.00000	0.00512	0.00032	0.87665	0.01023	0.02997	0.00352	0.02655	0.00527	0.00034	0.04204
1.00000	0.17871	0.00411	0.01169	0.55072	0.00438	0.16524	0.00293	0.00948	0.06171	0.01102
1.00000	0.13289	0.00159	0.02991	0.00392	0.00735	0.18719	0.02177	0.00478	0.49647	0.11413
0.00000	0.00705	0.00436	0.35525	0.17582	0.00701	0.00692	0.00631	0.00147	0.42749	0.00832
1.00000	0.00754	0.00848	0.03504	0.71836	0.00407	0.02189	0.00089	0.00431	0.19048	0.00894
1.00000	0.00473	0.00083	0.02135	0.01024	0.21228	0.03308	0.00262	0.00874	0.04201	0.66412
1.00000	0.00086	0.00006	0.00275	0.00010	0.00387	0.00744	0.98114	0.00003	0.00014	0.00361
1.00000	0.00634	0.01846	0.02359	0.10019	0.06986	0.00488	0.01297	0.68692	0.00288	0.07391
1.00000	0.91648	0.00472	0.01167	0.01618	0.01451	0.01120	0.01818	0.00144	0.00278	0.00285
1.00000	0.95004	0.00064	0.00218	0.00450	0.00179	0.02373	0.00822	0.00365	0.00079	0.00444
1.00000	0.04197	0.01644	0.00922	0.00458	0.05661	0.83087	0.01849	0.00153	0.00433	0.01596
1.00000	0.00334	0.01578	0.75465	0.02169	0.00077	0.00126	0.19184	0.00196	0.00559	0.00313
1.00000	0.06166	0.00465	0.14388	0.71771	0.00138	0.02151	0.00876	0.00166	0.03811	0.00068
1.00000	0.05619	0.02577	0.52393	0.03915	0.02379	0.01412	0.10168	0.03722	0.07174	0.10641
1.00000	0.00552	0.00138	0.00077	0.00031	0.00475	0.93482	0.00703	0.00143	0.03516	0.00882
1.00000	0.01039	0.82137	0.01093	0.01153	0.03728	0.03147	0.05515	0.00210	0.00854	0.01125
1.00000	0.63885	0.02653	0.08348	0.01008	0.05242	0.01732	0.10446	0.01087	0.03277	0.02323
1.00000	0.07244	0.01272	0.13947	0.23511	0.00351	0.00412	0.01480	0.42008	0.08161	0.01613
1.00000	0.01369	0.00788	0.02304	0.01102	0.00830	0.03643	0.00892	0.00037	0.87821	0.01213
0.00000	0.00338	0.01269	0.01176	0.01006	0.39027	0.00747	0.01047	0.00188	0.00476	0.54725
1.00000	0.07361	0.00802	0.00290	0.00482	0.56658	0.03447	0.03161	0.01008	0.01978	0.24813
1.00000	0.01037	0.01485	0.42801	0.11740	0.01504	0.00461	0.00545	0.00857	0.39444	0.00126
1.00000	0.00232	0.01676	0.89216	0.00604	0.01520	0.00302	0.05118	0.00014	0.01218	0.00100
1.00000	0.00700	0.03244	0.05030	0.18845	0.14067	0.11902	0.06118	0.04606	0.27600	0.07887
