1.00000	0.00159	0.97875	0.00478	0.00035	0.00264	0.00253	0.00031	0.00679	0.00064	0.00163
1.00000	0.00531	0.00213	0.00230	0.03755	0.01980	0.00106	0.00193	0.89170	0.00048	0.03774
1.00000	0.90007	0.00158	0.00120	0.03172	0.00368	0.02919	0.01614	0.01112	0.00249	0.00280
1.00000	0.00896	0.00254	0.00605	0.00788	0.00420	0.85901	0.00333	0.00349	0.07014	0.03439
1.00000	0.00033	0.00205	0.00057	0.00465	0.87399	0.00482	0.00115	0.07320	0.00050	0.03875
1.00000	0.00645	0.03986	0.03492	0.00141	0.12330	0.07681	0.00383	0.46306	0.03115	0.21921
1.00000	0.00453	0.00042	0.00030	0.00197	0.00280	0.97525	0.00126	0.00495	0.00808	0.00044
1.00000	0.12814	0.02441	0.40182	0.02692	0.27697	0.07553	0.05287	0.00446	0.00284	0.00602
0.00000	0.00125	0.02146	0.00823	0.00297	0.19681	0.00487	0.00391	0.14263	0.00255	0.61531
1.00000	0.07260	0.01441	0.01065	0.01901	0.24172	0.08681	0.03438	0.07268	0.07151	0.37624
1.00000	0.00376	0.94046	0.00256	0.00455	0.00273	0.00338	0.00159	0.02374	0.00427	0.01296
1.00000	0.00402	0.00231	0.93113	0.00161	0.01544	0.00188	0.03201	0.00355	0.00719	0.00085
1.00000	0.00331	0.03309	0.00133	0.00859	0.82263	0.02682	0.00559	0.00478	0.02066	0.07321
1.00000	0.00110	0.97136	0.00107	0.00054	0.00281	0.00265	0.00027	0.01139	0.00071	0.00810
1.00000	0.00502	0.81083	0.00495	0.01896	0.00731	0.03754	0.00144	0.07801	0.02011	0.01582
1.00000	0.00203	0.00851	0.04304	0.26506	0.16512	0.17139	0.05152	0.14398	0.01874	0.13061
1.00000	0.00081	0.97441	0.00114	0.00056	0.00183	0.00103	0.00028	0.01754	0.00020	0.00221
1.00000	0.02060	0.00485	0.00891	0.04142	0.01353	0.17023	0.71273	0.00042	0.02408	0.00324
1.00000	0.00019	0.00572	0.00072	0.00051	0.90891	0.00329	0.00082	0.00218	0.00137	0.07628
1.00000	0.00055	0.00078	0.00417	0.00187	0.25640	0.00459	0.00297	0.04596	0.00184	0.68087
1.00000	0.00559	0.01486	0.00296	0.81388	0.00407	0.07089	0.01508	0.00274	0.06728	0.00264
1.00000	0.00071	0.00021	0.00105	0.00385	0.65125	0.00231	0.03735	0.01216	0.02405	0.26705
1.00000	0.00055	0.00015	0.00049	0.00160	0.02989	0.00142	0.00378	0.01368	0.00245	0.94599
1.00000	0.09554	0.00590	0.03575	0.09653	0.04153	0.01774	0.00331	0.01242	0.62720	0.06407
1.00000	0.00088	0.00044	0.00050	0.00123	0.06657	0.00568	0.00160	0.00412	0.04129	0.87768
1.00000	0.60116	0.02678	0.02378	0.06082	0.01425	0.11331	0.09411	0.02985	0.02060	0.01534
1.00000	0.00433	0.00298	0.00126	0.00306	0.00478	0.00698	0.00031	0.74910	0.00501	0.22220
1.00000	0.06966	0.00359	0.01370	0.01529	0.00631	0.00854	0.76186	0.00208	0.11096	0.00801
1.00000	0.01590	0.06428	0.07064	0.01464	0.11891	0.20999	0.02840	0.03205	0.36137	0.08382
1.00000	0.00711	0.00005	0.00162	0.00016	0.00829	0.00161	0.97834	0.00056	0.00068	0.00158
1.00000	0.01742	0.55277	0.01469	0.03290	0.05678	0.00791	0.00174	0.09053	0.17083	0.05442
1.00000	0.00309	0.00240	0.01153	0.93858	0.00050	0.02973	0.00046	0.00064	0.01109	0.00199
1.00000	0.00220	0.97454	0.00042	0.00041	0.00052	0.00547	0.00161	0.00998	0.00333	0.00152
1.00000	0.06147	0.00080	0.05645	0.00996	0.60597	0.01675	0.02140	0.03255	0.09596	0.09869
1.00000	0.01769	0.00131	0.01119	0.00098	0.00365	0.05517	0.89677	0.00469	0.00254	0.00601
1.00000	0.02600	0.18293	0.51975	0.04307	0.02254	0.05500	0.07623	0.03322	0.01784	0.02343
1.00000	0.00286	0.02684	0.00246	0.01627	0.23188	0.16195	0.03104	0.04322	0.42695	0.05651
1.00000	0.80658	0.00215	0.01063	0.00595	0.04451	0.02240	0.04390	0.02308	0.00232	0.03848
1.00000	0.00461	0.12144	0.00428	0.00391	0.53632	0.03917	0.00254	0.04682	0.00086	0.24005
1.00000	0.01281	0.00625	0.43100	0.09699	0.01639	0.01966	0.03515	0.03371	0.24118	0.10686
1.00000	0.05303	0.00614	0.00665	0.56226	0.00573	0.23941	0.02587	0.00618	0.08007	0.01465
1.00000	0.01025	0.00503	0.86248	0.02293	0.02368	0.00404	0.01747	0.03647	0.01570	0.00195
1.00000	0.98470	0.00031	0.00181	0.00098	0.00049	0.00722	0.00173	0.00031	0.00234	0.00011
1.00000	0.00540	0.03083	0.04092	0.00479	0.26030	0.01717	0.00490	0.03708	0.00225	0.59634
1.00000	0.02994	0.06453	0.43757	0.18368	0.02866	0.14537	0.01964	0.02158	0.06630	0.00273
1.00000	0.00217	0.95696	0.00654	0.00560	0.00556	0.00133	0.00139	0.00190	0.00272	0.01583
1.00000	0.00447	0.00593	0.01588	0.87315	0.00394	0.03068	0.00841	0.02588	0.02608	0.00557
1.00000	0.00408	0.02459	0.03456	0.71659	0.00719	0.02304	0.02167	0.08630	0.05791	0.02407
0.00000	0.00106	0.01444	0.00139	0.40482	0.00371	0.08495	0.00019	0.00123	0.42117	0.06703
1.00000	0.02007	0.01401	0.00702	0.14309	0.00924	0.71398	0.03384	0.00838	0.04182	0.00854
1.00000	0.03852	0.00431	0.07827	0.00600	0.27716	0.07907	0.07368	0.04082	0.22986	0.17232
1.00000	0.01645	0.00678	0.03051	0.02482	0.04130	0.11674	0.75589	0.00159	0.00275	0.00316
1.00000	0.00373	0.03556	0.02373	0.03657	0.00372	0.00757	0.00467	0.82699	0.01274	0.04472
1.00000	0.04624	0.03078	0.00572	0.03769	0.01031	0.04504	0.00181	0.65074	0.00985	0.16181
1.00000	0.04400	0.03553	0.00656	0.08948	0.00681	0.75745	0.00657	0.00202	0.04669	0.00490
1.00000	0.00568	0.05152	0.01246	0.00159	0.33569	0.02837	0.00202	0.02942	0.00367	0.52960
1.00000	0.00128	0.00215	0.00440	0.00227	0.87767	0.01933	0.00576	0.02641	0.03169	0.02903
1.00000	0.00931	0.00163	0.02016	0.00617	0.74941	0.01175	0.00766	0.08106	0.01658	0.09628
1.00000	0.72365	0.02190	0.00756	0.09116	0.00439	0.01245	0.08475	0.01154	0.03270	0.00991
1.00000	0.02983	0.01006	0.00514	0.02173	0.02989	0.10278	0.01553	0.02257	0.39491	0.36756
1.00000	0.01097	0.00182	0.00350	0.01230	0.06609	0.79192	0.03605	0.01373	0.02555	0.03807
1.00000	0.52625	0.00410	0.00922	0.03697	0.00973	0.14948	0.00494	0.05243	0.03347	0.17340
1.00000	0.00856	0.00570	0.00558	0.00547	0.61114	0.09155	0.01040	0.02866	0.03190	0.20104
1.00000	0.00062	0.00456	0.00123	0.00040	0.10318	0.00693	0.00029	0.04462	0.00066	0.83752
1.00000	0.00448	0.00237	0.00529	0.06506	0.00400	0.00341	0.01655	0.87502	0.00033	0.02350
1.00000	0.00068	0.00468	0.00030	0.00107	0.00886	0.00507	0.00090	0.94049	0.00302	0.03493
1.00000	0.08012	0.05003	0.00770	0.02364	0.11948	0.00872	0.00703	0.12393	0.00219	0.57717
1.00000	0.00524	0.00493	0.00543	0.08964	0.00537	0.00219	0.00029	0.80237	0.02563	0.05891
1.00000	0.00148	0.00218	0.00073	0.00640	0.14725	0.00928	0.00187	0.05717	0.00127	0.77237
1.00000	0.02162	0.00969	0.09732	0.07915	0.03084	0.01914	0.65562	0.05679	0.02151	0.00834
1.00000	0.76131	0.00046	0.00533	0.02166	0.01163	0.09127	0.07895	0.00557	0.02208	0.00175
1.00000	0.05073	0.00093	0.00388	0.13084	0.04132	0.64911	0.05976	0.03756	0.00479	0.02109
1.00000	0.00202	0.02094	0.00077	0.00145	0.00637	0.85225	0.01024	0.03107	0.03706	0.03782
1.00000	0.03793	0.00161	0.02773	0.05753	0.03769	0.03388	0.73618	0.02088	0.02354	0.02303
1.00000	0.02501	0.00281	0.02173	0.00132	0.07260	0.26935	0.56021	0.02011	0.01928	0.00758
1.00000	0.03081	0.02994	0.01652	0.00091	0.09909	0.78766	0.00185	0.01865	0.01154	0.00304
1.00000	0.00710	0.03226	0.00535	0.03036	0.05295	0.00894	0.00916	0.47348	0.06282	0.31759
1.00000	0.36697	0.01853	0.02119	0.02346	0.04651	0.25881	0.01225	0.17309	0.05724	0.02195
1.00000	0.00220	0.00232	0.00297	0.00426	0.01204	0.00510	0.00648	0.94243	0.00201	0.02018
1.00000	0.01050	0.00547	0.00078	0.00048	0.03402	0.87906	0.00273	0.04715	0.01436	0.00545
1.00000	0.00313	0.01349	0.00129	0.00590	0.16791	0.00481	0.00047	0.05225	0.00125	0.74950
1.00000	0.01169	0.00440	0.00221	0.03746	0.72405	0.02688	0.08226	0.02255	0.00626	0.08224
1.00000	0.00161	0.00667	0.00835	0.00690	0.91558	0.01883	0.00234	0.01768	0.01018	0.01186
1.00000	0.00174	0.00043	0.00252	0.00023	0.19173	0.00232	0.00041	0.01581	0.00162	0.78319
1.00000	0.00254	0.01132	0.94785	0.01684	0.00053	0.00263	0.00900	0.00793	0.00061	0.00074
1.00000	0.89674	0.00163	0.00185	0.02883	0.00120	0.02888	0.02079	0.00391	0.01076	0.00541
1.00000	0.04371	0.00845	0.64784	0.03453	0.06857	0.03564	0.11354	0.01205	0.03063	0.00505
0.00000	0.00225	0.00271	0.00293	0.00122	0.17091	0.01100	0.00046	0.36469	0.00120	0.44264
1.00000	0.00130	0.93645	0.01450	0.00148	0.00497	0.01473	0.00442	0.01969	0.00050	0.00196
1.00000	0.01595	0.05636	0.03962	0.41451	0.02048	0.36494	0.00819	0.00678	0.04182	0.03137
1.00000	0.03420	0.01988	0.84678	0.00461	0.03411	0.00247	0.01264	0.01876	0.00708	0.01949
1.00000	0.75700	0.00315	0.02124	0.00900	0.02987	0.03664	0.05920	0.03011	0.00296	0.05082
1.00000	0.02135	0.00193	0.00873	0.00118	0.00745	0.08744	0.86378	0.00463	0.00242	0.00108
1.00000	0.00100	0.97394	0.00523	0.00118	0.00373	0.00040	0.00032	0.00793	0.00180	0.00447
1.00000	0.00675	0.00139	0.00217	0.00152	0.00390	0.00702	0.00061	0.92102	0.03185	0.02376
1.00000	0.05525	0.02904	0.01883	0.00677	0.11955	0.02723	0.00188	0.59542	0.05441	0.09163
0.00000	0.08760	0.00330	0.00852	0.02654	0.41318	0.06698	0.01106	0.13586	0.02362	0.22335
0.00000	0.00179	0.00025	0.00031	0.00124	0.13843	0.00421	0.00158	0.00787	0.15899	0.68533
1.00000	0.01850	0.00127	0.04138	0.01153	0.79749	0.01001	0.01759	0.05885	0.01808	0.02531
1.00000	0.00857	0.00038	0.00239	0.00523	0.00306	0.02708	0.00281	0.89199	0.00129	0.05718
1.00000	0.01460	0.08199	0.03540	0.00200	0.09501	0.09666	0.00648	0.48969	0.09376	0.08441
0.00000	0.00217	0.00101	0.05022	0.00050	0.53551	0.00400	0.33139	0.06262	0.00028	0.01229
1.00000	0.00143	0.00018	0.00058	0.00188	0.00010	0.02714	0.00391	0.00196	0.92687	0.03595
0.00000	0.02856	0.00774	0.03546	0.01308	0.52098	0.03390	0.09626	0.23000	0.00670	0.02732
0.00000	0.06601	0.06693	0.18207	0.18738	0.07716	0.10585	0.04984	0.00389	0.25123	0.00964
1.00000	0.00268	0.00070	0.00038	0.00321	0.00065	0.93829	0.00214	0.00051	0.04928	0.00216
1.00000	0.03336	0.00955	0.04404	0.00448	0.65778	0.06955	0.05344	0.03855	0.03053	0.05871
1.00000	0.03175	0.00396	0.00633	0.76874	0.00328	0.04940	0.00232	0.08341	0.04579	0.00504
1.00000	0.00062	0.00103	0.00218	0.00077	0.62596	0.01675	0.01138	0.00636	0.00118	0.33377
1.00000	0.00172	0.00026	0.03371	0.00080	0.00104	0.01341	0.00063	0.88651	0.00148	0.06043
0.00000	0.11771	0.01408	0.09482	0.15320	0.05085	0.10651	0.12049	0.11661	0.06861	0.15713
1.00000	0.00646	0.00060	0.00414	0.01949	0.00359	0.02160	0.00387	0.00390	0.89180	0.04455
1.00000	0.00308	0.00105	0.00141	0.04085	0.02101	0.01225	0.00919	0.02902	0.78232	0.09984
1.00000	0.00138	0.09051	0.00988	0.00604	0.00989	0.00850	0.00026	0.81111	0.01923	0.04321
1.00000	0.00308	0.88145	0.00988	0.00121	0.00636	0.02152	0.00505	0.00861	0.00635	0.05648
1.00000	0.08848	0.00620	0.04198	0.61146	0.00217	0.19741	0.00549	0.01575	0.02753	0.00352
1.00000	0.00309	0.00069	0.00606	0.00062	0.04978	0.06704	0.86998	0.00151	0.00044	0.00079
1.00000	0.00017	0.00032	0.00035	0.00028	0.08459	0.00119	0.00034	0.01395	0.02955	0.86925
1.00000	0.00260	0.96670	0.00091	0.00052	0.00269	0.00225	0.00136	0.01566	0.00179	0.00553
1.00000	0.00139	0.00723	0.03321	0.01555	0.05136	0.00513	0.00111	0.78765	0.00054	0.09683
1.00000	0.00125	0.00846	0.00917	0.00180	0.72081	0.00277	0.07817	0.05144	0.00215	0.12398
0.00000	0.02159	0.07315	0.07708	0.02093	0.44045	0.03774	0.10666	0.17950	0.00620	0.03670
1.00000	0.07890	0.02740	0.16580	0.46050	0.00434	0.11944	0.03548	0.08249	0.01416	0.01149
1.00000	0.85225	0.02504	0.00223	0.00933	0.00737	0.02813	0.03281	0.01550	0.01854	0.00881
1.00000	0.00335	0.05885	0.00156	0.02490	0.06577	0.64039	0.00142	0.09638	0.03278	0.07461
1.00000	0.04108	0.00165	0.00501	0.66744	0.00542	0.23884	0.01660	0.00634	0.01432	0.00331
1.00000	0.01565	0.00194	0.58129	0.01340	0.15640	0.01904	0.19372	0.01041	0.00414	0.00400
1.00000	0.00491	0.03568	0.15722	0.60475	0.00558	0.08077	0.01185	0.00904	0.08777	0.00244
1.00000	0.04010	0.00319	0.01819	0.11310	0.00830	0.76493	0.01102	0.00308	0.02490	0.01318
1.00000	0.00077	0.00148	0.00168	0.05098	0.00114	0.91326	0.00058	0.00017	0.02814	0.00179
1.00000	0.00007	0.00002	0.00008	0.00057	0.10862	0.00034	0.00023	0.00990	0.00072	0.87946
0.00000	0.07056	0.04413	0.03947	0.27048	0.03565	0.25312	0.04920	0.05498	0.09874	0.08365
1.00000	0.00532	0.00237	0.01235	0.00423	0.05007	0.01712	0.89248	0.00147	0.01089	0.00371
1.00000	0.00031	0.00037	0.00039	0.00166	0.84619	0.00252	0.00196	0.06382	0.00048	0.08232
1.00000	0.90583	0.00056	0.00148	0.02260	0.00364	0.04023	0.01719	0.00167	0.00550	0.00130
1.00000	0.00144	0.00151	0.00087	0.01983	0.02676	0.03202	0.00070	0.04335	0.62690	0.24661
1.00000	0.96121	0.00044	0.00125	0.00217	0.00584	0.02145	0.00363	0.00254	0.00123	0.00024
1.00000	0.00431	0.05038	0.04122	0.04980	0.01006	0.03111	0.01673	0.72472	0.04006	0.03161
1.00000	0.20469	0.06955	0.20762	0.11286	0.01934	0.20442	0.06292	0.04406	0.05443	0.02011
1.00000	0.02280	0.00736	0.00878	0.00379	0.06009	0.06894	0.01341	0.23145	0.30430	0.27908
1.00000	0.00919	0.00684	0.01706	0.32182	0.00356	0.18362	0.03294	0.01565	0.38642	0.02291
0.00000	0.06263	0.00413	0.00475	0.17224	0.05391	0.31018	0.07060	0.00801	0.30118	0.01238
1.00000	0.00201	0.00144	0.00082	0.02391	0.00050	0.00493	0.00042	0.95822	0.00038	0.00737
0.00000	0.00747	0.12755	0.20163	0.27206	0.00715	0.07219	0.01642	0.04561	0.23401	0.01591
1.00000	0.00492	0.00308	0.03382	0.03803	0.08301	0.03008	0.77105	0.01265	0.01559	0.00777
1.00000	0.88034	0.00147	0.00379	0.00226	0.03605	0.02518	0.03763	0.00457	0.00371	0.00500
1.00000	0.00700	0.00966	0.00184	0.00351	0.07603	0.82491	0.00632	0.00521	0.02512	0.04042
1.00000	0.02009	0.01738	0.03149	0.08346	0.01061	0.72052	0.00421	0.03596	0.07363	0.00266
1.00000	0.02933	0.01336	0.84288	0.01239	0.01738	0.02985	0.01021	0.02316	0.01312	0.00833
1.00000	0.00272	0.00437	0.00632	0.00203	0.00812	0.91845	0.01477	0.00196	0.01473	0.02652
1.00000	0.00400	0.69162	0.01522	0.07640	0.05585	0.02350	0.01109	0.01239	0.02096	0.08897
1.00000	0.00661	0.00153	0.01428	0.88563	0.00098	0.03980	0.00080	0.00281	0.04333	0.00421
1.00000	0.02711	0.03055	0.03646	0.02270	0.02516	0.00987	0.76293	0.04904	0.01848	0.01770
1.00000	0.13633	0.00924	0.03927	0.01245	0.54429	0.09654	0.07306	0.05092	0.00430	0.03361
1.00000	0.00759	0.02957	0.01587	0.05191	0.03135	0.00194	0.03792	0.67809	0.00349	0.14226
1.00000	0.00048	0.00158	0.00219	0.00009	0.95258	0.00356	0.00061	0.03530	0.00013	0.00347
1.00000	0.91418	0.00128	0.00237	0.01776	0.00096	0.04890	0.00880	0.00292	0.00223	0.00062
0.00000	0.05861	0.03999	0.27743	0.14291	0.00873	0.08409	0.00242	0.00410	0.37250	0.00921
1.00000	0.41169	0.01609	0.07308	0.02378	0.04838	0.05590	0.17928	0.11398	0.00559	0.07222
0.00000	0.04691	0.00867	0.15208	0.44514	0.00565	0.01996	0.01404	0.20772	0.07225	0.02758
1.00000	0.00227	0.00756	0.00072	0.00118	0.10682	0.02456	0.00310	0.03592	0.00505	0.81281
1.00000	0.03323	0.01236	0.70151	0.06339	0.02055	0.01893	0.02026	0.04683	0.08134	0.00159
1.00000	0.00247	0.00033	0.00092	0.02230	0.01053	0.87354	0.03467	0.01559	0.03355	0.00610
0.00000	0.40292	0.00587	0.30719	0.00887	0.00630	0.02157	0.20055	0.00773	0.01644	0.02256
0.00000	0.00521	0.00670	0.05029	0.01771	0.54186	0.02945	0.13924	0.03434	0.03887	0.13633
1.00000	0.00052	0.00264	0.00443	0.01735	0.21776	0.00948	0.00412	0.02131	0.06163	0.66076
1.00000	0.00028	0.00026	0.00023	0.00037	0.10343	0.00304	0.00031	0.01031	0.00014	0.88164
1.00000	0.03313	0.00986	0.02611	0.04540	0.01263	0.04521	0.69488	0.06996	0.02621	0.03661
1.00000	0.01924	0.00607	0.07497	0.07974	0.00995	0.00930	0.00689	0.01457	0.73336	0.04589
1.00000	0.11042	0.00111	0.71335	0.04568	0.01225	0.00801	0.02900	0.02418	0.05351	0.00250
1.00000	0.67561	0.00096	0.01209	0.03500	0.02662	0.06359	0.09351	0.02718	0.04496	0.02048
1.00000	0.00386	0.00646	0.00670	0.07779	0.00602	0.05479	0.00859	0.02665	0.77580	0.03334
1.00000	0.00295	0.00442	0.00229	0.01543	0.00317	0.91759	0.04506	0.00014	0.00856	0.00039
1.00000	0.00123	0.00212	0.00075	0.00432	0.58731	0.00473	0.00841	0.06762	0.00178	0.32171
1.00000	0.00956	0.00028	0.00446	0.00028	0.01715	0.04402	0.91676	0.00618	0.00032	0.00099
1.00000	0.00883	0.00118	0.02748	0.00294	0.61321	0.02308	0.05749	0.02156	0.09803	0.14620
1.00000	0.00231	0.00030	0.00019	0.00101	0.00373	0.00235	0.00148	0.98345	0.00101	0.00418
1.00000	0.03553	0.02458	0.01361	0.57371	0.01172	0.06671	0.00157	0.04589	0.12062	0.10606
1.00000	0.00626	0.00166	0.00313	0.00259	0.00505	0.01729	0.00419	0.00555	0.94148	0.01278
0.00000	0.01351	0.01470	0.14001	0.17920	0.02444	0.01415	0.01670	0.05155	0.51359	0.03215
1.00000	0.38148	0.00928	0.02391	0.01126	0.18333	0.10145	0.09751	0.11045	0.01440	0.06695
1.00000	0.00263	0.00521	0.01167	0.51055	0.12550	0.11783	0.01299	0.08203	0.07585	0.05575
1.00000	0.00540	0.00301	0.00457	0.00176	0.00516	0.10453	0.85268	0.00336	0.01770	0.00183
1.00000	0.00161	0.97494	0.00370	0.00049	0.00220	0.00065	0.00025	0.01212	0.00122	0.00282
1.00000	0.04186	0.00342	0.02395	0.67617	0.00038	0.11199	0.00143	0.00318	0.13071	0.00691
1.00000	0.11697	0.00593	0.02743	0.24197	0.04567	0.08778	0.03355	0.00341	0.35453	0.08276
1.00000	0.01925	0.01092	0.01521	0.13960	0.03213	0.00640	0.03550	0.05786	0.56552	0.11761
1.00000	0.00875	0.00048	0.00037	0.00102	0.02562	0.93338	0.00351	0.00062	0.02224	0.00402
0.00000	0.12867	0.01685	0.09117	0.17565	0.06626	0.07214	0.02221	0.04902	0.23127	0.14676
1.00000	0.02823	0.00694	0.03349	0.70020	0.00664	0.05790	0.00649	0.00222	0.12194	0.03595
1.00000	0.28543	0.05423	0.03688	0.41330	0.00451	0.06746	0.02356	0.01471	0.09381	0.00612
1.00000	0.00454	0.00205	0.00192	0.00339	0.59485	0.04159	0.04522	0.02132	0.04663	0.23848
1.00000	0.05252	0.01763	0.07569	0.61947	0.00674	0.02132	0.00193	0.00828	0.16893	0.02749
0.00000	0.03431	0.04037	0.19450	0.18237	0.09616	0.03689	0.15023	0.21946	0.01915	0.02655
1.00000	0.07569	0.01158	0.04857	0.10903	0.01626	0.08615	0.07969	0.03115	0.29944	0.24245
1.00000	0.01719	0.00631	0.08339	0.13472	0.01907	0.06756	0.00386	0.06985	0.55617	0.04189
1.00000	0.95629	0.00005	0.00013	0.00074	0.00307	0.02781	0.00395	0.00706	0.00071	0.00020
1.00000	0.00778	0.00020	0.00169	0.03260	0.00123	0.93246	0.00425	0.00054	0.01729	0.00196
1.00000	0.00098	0.00686	0.06085	0.91067	0.00172	0.00559	0.00046	0.00090	0.01074	0.00122
1.00000	0.01376	0.01058	0.01863	0.00635	0.64832	0.10670	0.04480	0.03347	0.07816	0.03924
1.00000	0.00675	0.08209	0.04498	0.00170	0.61828	0.07388	0.01584	0.01105	0.06150	0.08394
1.00000	0.00154	0.00015	0.00034	0.00147	0.00581	0.00150	0.00107	0.03333	0.02791	0.92689
1.00000	0.02170	0.00564	0.00180	0.04448	0.14176	0.10289	0.03261	0.11752	0.05029	0.48131
1.00000	0.00256	0.00419	0.09939	0.81676	0.00309	0.03119	0.01200	0.00459	0.02360	0.00264
1.00000	0.00236	0.00654	0.01317	0.01450	0.16689	0.00301	0.01792	0.13559	0.01323	0.62679
1.00000	0.01004	0.00096	0.00448	0.01674	0.00895	0.33427	0.03606	0.00666	0.43888	0.14296
1.00000	0.00084	0.00023	0.00052	0.00308	0.15326	0.00180	0.00283	0.01646	0.00248	0.81850
1.00000	0.00647	0.02304	0.00106	0.03535	0.01522	0.07689	0.01375	0.02158	0.71747	0.08917
1.00000	0.92655	0.00064	0.00128	0.01647	0.00091	0.01966	0.02897	0.00064	0.00186	0.00302
1.00000	0.00236	0.94204	0.00403	0.00063	0.03190	0.00635	0.00126	0.00513	0.00142	0.00490
1.00000	0.00991	0.00305	0.00311	0.46747	0.00722	0.09649	0.00153	0.00329	0.28078	0.12714
1.00000	0.84310	0.00021	0.00076	0.00429	0.00127	0.10672	0.03769	0.00047	0.00473	0.00076
0.00000	0.04365	0.00887	0.35482	0.01768	0.41088	0.01305	0.03328	0.03524	0.01124	0.07129
1.00000	0.00156	0.00746	0.00111	0.01240	0.03361	0.00794	0.00084	0.17214	0.09381	0.66912
1.00000	0.00050	0.00141	0.00028	0.00125	0.00949	0.01300	0.00035	0.88971	0.00115	0.08285
1.00000	0.01151	0.00401	0.02432	0.01647	0.00419	0.12679	0.05906	0.00074	0.74165	0.01125
1.00000	0.06449	0.01304	0.00778	0.00669	0.08131	0.15182	0.03055	0.49413	0.03426	0.11594
1.00000	0.98281	0.00012	0.00116	0.00310	0.00007	0.00136	0.00149	0.00052	0.00798	0.00139
1.00000	0.00299	0.00460	0.00034	0.00177	0.04822	0.00372	0.00041	0.11959	0.05077	0.76760
1.00000	0.04689	0.00483	0.07460	0.01114	0.06625	0.01721	0.70328	0.03944	0.03212	0.00425
1.00000	0.00070	0.02445	0.00502	0.00333	0.00069	0.00080	0.00024	0.90648	0.00294	0.05536
1.00000	0.00391	0.00049	0.00144	0.00173	0.77281	0.03024	0.00585	0.04907	0.07797	0.05649
1.00000	0.00966	0.01198	0.01853	0.00197	0.06268	0.00284	0.00119	0.79917	0.00927	0.08270
1.00000	0.01895	0.57566	0.03162	0.04230	0.07822	0.00609	0.00685	0.04561	0.17940	0.01530
1.00000	0.00041	0.00048	0.00022	0.00793	0.06862	0.01798	0.00068	0.00456	0.01572	0.88341
1.00000	0.06337	0.03376	0.44186	0.24266	0.00301	0.02602	0.05682	0.12127	0.00603	0.00519
1.00000	0.22073	0.05263	0.24894	0.22862	0.01529	0.07151	0.02492	0.02126	0.04709	0.06901
1.00000	0.00299	0.00679	0.82407	0.12726	0.00550	0.00553	0.00920	0.00665	0.01048	0.00153
1.00000	0.00205	0.92797	0.00685	0.00922	0.00665	0.01101	0.00331	0.00401	0.00408	0.02485
1.00000	0.00929	0.00415	0.06037	0.05292	0.00846	0.02327	0.00857	0.00285	0.80351	0.02661
1.00000	0.00298	0.00868	0.00258	0.83389	0.00645	0.03359	0.00066	0.00573	0.07982	0.02563
1.00000	0.00485	0.02028	0.00771	0.87589	0.00415	0.02395	0.00196	0.00271	0.05471	0.00380
1.00000	0.00042	0.00059	0.00703	0.90716	0.00177	0.04160	0.00019	0.00133	0.03842	0.00149
1.00000	0.01363	0.00022	0.00041	0.00051	0.01553	0.00742	0.00193	0.94123	0.00394	0.01519
1.00000	0.61498	0.01165	0.02263	0.09671	0.00401	0.07469	0.08459	0.03373	0.01533	0.04168
1.00000	0.25137	0.00919	0.01762	0.01414	0.08348	0.01590	0.05553	0.02800	0.18747	0.33730
1.00000	0.47528	0.01405	0.02730	0.02031	0.10062	0.07706	0.12082	0.07498	0.02498	0.06462
0.00000	0.00650	0.00315	0.02279	0.40700	0.00839	0.04565	0.00332	0.00982	0.43422	0.05917
1.00000	0.00747	0.98326	0.00072	0.00047	0.00027	0.00182	0.00050	0.00296	0.00104	0.00149
1.00000	0.00380	0.01057	0.00186	0.49608	0.00092	0.36487	0.00156	0.01230	0.10148	0.00654
1.00000	0.00803	0.02389	0.00071	0.00386	0.00947	0.06262	0.02366	0.85351	0.00383	0.01041
1.00000	0.00795	0.00010	0.00005	0.00891	0.00401	0.94867	0.01073	0.00234	0.01042	0.00681
0.00000	0.07624	0.44220	0.00691	0.00881	0.00858	0.40319	0.01234	0.01735	0.01960	0.00478
1.00000	0.01850	0.00073	0.00335	0.01267	0.00630	0.00224	0.00125	0.03095	0.89961	0.02440
1.00000	0.00897	0.02481	0.01135	0.01234	0.03071	0.01154	0.01074	0.75599	0.00311	0.13045
1.00000	0.00560	0.00048	0.00398	0.08987	0.00675	0.04261	0.00272	0.02160	0.68070	0.14569
1.00000	0.01160	0.05393	0.00510	0.00182	0.67144	0.01043	0.03637	0.02718	0.09503	0.08711
1.00000	0.02480	0.01123	0.01628	0.05295	0.00400	0.80354	0.00309	0.00097	0.08160	0.00154
1.00000	0.01307	0.00563	0.02150	0.00348	0.83308	0.02161	0.06286	0.00826	0.01376	0.01675
1.00000	0.00935	0.03111	0.65839	0.04030	0.13228	0.01789	0.05133	0.00477	0.04337	0.01119
1.00000	0.00520	0.02225	0.00137	0.00338	0.07783	0.01187	0.00133	0.06164	0.20309	0.61204
1.00000	0.00068	0.92753	0.00091	0.00050	0.00192	0.00227	0.00097	0.06273	0.00091	0.00160
1.00000	0.00163	0.02278	0.00242	0.00121	0.73592	0.02348	0.00224	0.02048	0.00223	0.18761
1.00000	0.01391	0.00495	0.00530	0.07828	0.00499	0.09738	0.03237	0.00479	0.72302	0.03500
1.00000	0.00018	0.00271	0.00038	0.00068	0.07372	0.00561	0.00061	0.06066	0.00314	0.85230
1.00000	0.09483	0.00724	0.00171	0.01445	0.04060	0.67309	0.00202	0.02673	0.10592	0.03341
0.00000	0.01649	0.11107	0.04424	0.07058	0.23224	0.14029	0.00506	0.21777	0.02934	0.13293
1.00000	0.00107	0.00039	0.00024	0.00061	0.00026	0.00484	0.00045	0.01131	0.97265	0.00817
1.00000	0.00635	0.00711	0.06379	0.31633	0.00936	0.03759	0.00193	0.00207	0.55423	0.00124
1.00000	0.91492	0.00172	0.00144	0.00680	0.00074	0.02441	0.04210	0.00203	0.00261	0.00323
1.00000	0.01096	0.02091	0.02403	0.09577	0.06177	0.50397	0.17336	0.02938	0.07044	0.00940
1.00000	0.07606	0.13008	0.29137	0.16861	0.01840	0.06159	0.02035	0.05014	0.17661	0.00678
1.00000	0.06238	0.00549	0.00268	0.00167	0.05463	0.35979	0.47723	0.00880	0.02292	0.00441
1.00000	0.04843	0.02053	0.05248	0.06023	0.00805	0.01004	0.00233	0.70176	0.07980	0.01634
1.00000	0.02912	0.03136	0.06003	0.55336	0.01496	0.04091	0.00665	0.08788	0.05610	0.11964
1.00000	0.00040	0.00022	0.00024	0.00512	0.07225	0.00060	0.00107	0.01845	0.00853	0.89311
1.00000	0.00344	0.00170	0.88029	0.06233	0.00245	0.00555	0.01374	0.01077	0.01728	0.00245
1.00000	0.00142	0.00068	0.00728	0.04114	0.00179	0.03006	0.00016	0.01255	0.88241	0.02251
1.00000	0.01449	0.00323	0.00174	0.00171	0.08968	0.74202	0.03543	0.00145	0.05254	0.05769
1.00000	0.05041	0.04795	0.15364	0.06978	0.08532	0.07386	0.11391	0.10844	0.18657	0.11011
1.00000	0.00108	0.03502	0.00171	0.00587	0.13659	0.03857	0.00365	0.01967	0.00334	0.75452
1.00000	0.00465	0.00274	0.85961	0.03498	0.00241	0.00203	0.01185	0.06851	0.00766	0.00556
1.00000	0.00311	0.00317	0.02129	0.02109	0.03161	0.02676	0.78048	0.01055	0.09423	0.00773
1.00000	0.00408	0.00519	0.00226	0.00065	0.16284	0.00221	0.00044	0.03433	0.00637	0.78164
1.00000	0.00853	0.05124	0.50081	0.03981	0.06939	0.00644	0.07071	0.20504	0.03132	0.01671
1.00000	0.92418	0.00030	0.00095	0.01624	0.00034	0.02954	0.02140	0.00213	0.00419	0.00073
1.00000	0.02801	0.10690	0.04882	0.00492	0.14966	0.21137	0.39766	0.00840	0.00875	0.03551
0.00000	0.00215	0.00351	0.01872	0.20262	0.06690	0.04248	0.03241	0.00675	0.56151	0.06296
1.00000	0.89959	0.00650	0.00060	0.00354	0.00257	0.05863	0.01535	0.00158	0.00997	0.00167
1.00000	0.11190	0.01311	0.04082	0.01670	0.04018	0.25804	0.47585	0.00873	0.03123	0.00343
1.00000	0.53316	0.00420	0.00233	0.03361	0.01029	0.26990	0.03077	0.09040	0.00607	0.01927
1.00000	0.04087	0.04709	0.01215	0.57903	0.00228	0.25818	0.01436	0.00547	0.03577	0.00481
1.00000	0.00209	0.02958	0.71444	0.09332	0.00839	0.01288	0.06167	0.06793	0.00369	0.00601
1.00000	0.00324	0.00039	0.01154	0.00518	0.01529	0.00293	0.95463	0.00244	0.00369	0.00066
1.00000	0.00933	0.01827	0.01740	0.05885	0.15491	0.05108	0.00431	0.14811	0.01121	0.52651
1.00000	0.00177	0.00103	0.00374	0.00400	0.00382	0.00178	0.00174	0.87307	0.00036	0.10870
1.00000	0.00372	0.00084	0.00113	0.00310	0.06827	0.00078	0.00049	0.07158	0.00477	0.84532
1.00000	0.81139	0.00288	0.00498	0.00394	0.00800	0.08070	0.00266	0.02882	0.02321	0.03343
1.00000	0.00200	0.00039	0.00774	0.00553	0.05631	0.00161	0.00043	0.10155	0.03240	0.79204
0.00000	0.19050	0.02009	0.02466	0.36131	0.03907	0.08213	0.00632	0.00891	0.24982	0.01719
1.00000	0.04460	0.00765	0.02033	0.05734	0.00829	0.01983	0.00579	0.01897	0.57681	0.24041
1.00000	0.00300	0.00099	0.10426	0.00109	0.29805	0.01949	0.54587	0.01978	0.00065	0.00683
1.00000	0.00434	0.00696	0.00095	0.02193	0.01658	0.02033	0.00349	0.85164	0.02044	0.05333
1.00000	0.09536	0.00836	0.00102	0.04821	0.00895	0.75464	0.02093	0.00689	0.04908	0.00657
1.00000	0.83664	0.00039	0.00285	0.00714	0.00317	0.07237	0.05855	0.00593	0.00978	0.00317
1.00000	0.00042	0.97494	0.00152	0.00076	0.00270	0.00496	0.00108	0.00903	0.00050	0.00411
1.00000	0.26245	0.01765	0.01238	0.21160	0.01510	0.34803	0.03758	0.03473	0.04531	0.01516
1.00000	0.04187	0.00353	0.57380	0.05715	0.10527	0.07428	0.00827	0.06783	0.02069	0.04732
1.00000	0.01662	0.00036	0.00080	0.00292	0.00057	0.92894	0.00325	0.00009	0.04531	0.00114
1.00000	0.01214	0.00656	0.01279	0.00567	0.69129	0.00451	0.01753	0.03784	0.00994	0.20173
1.00000	0.00334	0.01902	0.00796	0.01090	0.08896	0.00521	0.03013	0.77393	0.00048	0.06008
0.00000	0.03365	0.00990	0.24423	0.27968	0.02346	0.03277	0.01551	0.12682	0.21192	0.02207
1.00000	0.00151	0.00220	0.02527	0.11713	0.00415	0.04115	0.01002	0.00280	0.77056	0.02520
1.00000	0.01140	0.00036	0.00062	0.00692	0.00849	0.04746	0.91732	0.00072	0.00376	0.00296
1.00000	0.08855	0.00350	0.01763	0.01002	0.10751	0.02312	0.41040	0.04664	0.21756	0.07507
1.00000	0.00365	0.97775	0.00921	0.00023	0.00130	0.00381	0.00029	0.00308	0.00037	0.00031
0.00000	0.60706	0.02227	0.04924	0.04089	0.00851	0.08032	0.02054	0.03097	0.12179	0.01841
1.00000	0.00067	0.00081	0.00020	0.00521	0.00075	0.00021	0.00005	0.97975	0.00085	0.01151
1.00000	0.03160	0.00899	0.46736	0.06605	0.20569	0.02865	0.06286	0.08570	0.01089	0.03220
0.00000	0.11190	0.00772	0.12526	0.29279	0.01048	0.04012	0.02686	0.00190	0.37445	0.00853
1.00000	0.09845	0.01225	0.00611	0.14147	0.03971	0.46399	0.08337	0.01029	0.09887	0.04548
1.00000	0.00186	0.00050	0.00235	0.00208	0.00923	0.00512	0.00017	0.92665	0.01067	0.04136
1.00000	0.14766	0.00208	0.03548	0.09274	0.03335	0.17004	0.46946	0.00622	0.01395	0.02902
1.00000	0.85362	0.00372	0.01714	0.04036	0.00207	0.03002	0.03242	0.01302	0.00170	0.00594
1.00000	0.00597	0.00995	0.02592	0.56655	0.02590	0.21821	0.00960	0.00275	0.06717	0.06798
1.00000	0.00019	0.00044	0.00038	0.00182	0.80742	0.00147	0.00067	0.01599	0.00336	0.16826
1.00000	0.00489	0.00621	0.92585	0.01208	0.01290	0.00930	0.00724	0.00624	0.00302	0.01228
1.00000	0.04490	0.00295	0.00373	0.01159	0.45087	0.09577	0.07566	0.04102	0.09570	0.17781
1.00000	0.00604	0.00064	0.00179	0.08866	0.00051	0.87123	0.00238	0.00387	0.01719	0.00768
1.00000	0.01234	0.90171	0.00317	0.00149	0.00563	0.03225	0.02033	0.00351	0.00632	0.01325
1.00000	0.00153	0.06523	0.01264	0.00417	0.19826	0.04878	0.00576	0.53215	0.00535	0.12613
1.00000	0.01721	0.02432	0.10446	0.05624	0.06395	0.08440	0.08906	0.01613	0.45435	0.08988
1.00000	0.74756	0.00556	0.02869	0.05522	0.02093	0.02791	0.07031	0.00602	0.01913	0.01868
1.00000	0.00165	0.96440	0.00866	0.00093	0.00311	0.00531	0.00045	0.00360	0.00183	0.01005
1.00000	0.00901	0.03867	0.05140	0.00572	0.81680	0.03232	0.00368	0.01331	0.01590	0.01319
1.00000	0.00106	0.00339	0.00823	0.00132	0.73322	0.00618	0.01744	0.14514	0.00194	0.08207
1.00000	0.06078	0.00271	0.00455	0.00452	0.00771	0.82278	0.01155	0.00592	0.06846	0.01103
1.00000	0.00557	0.00922	0.00578	0.03002	0.05367	0.50616	0.00649	0.10047	0.15083	0.13179
1.00000	0.00446	0.00537	0.00107	0.00388	0.10184	0.00423	0.00078	0.01986	0.00413	0.85437
1.00000	0.77185	0.00115	0.02169	0.01125	0.04986	0.02676	0.01742	0.01847	0.03857	0.04299
1.00000	0.02034	0.00488	0.83961	0.04703	0.01152	0.00810	0.06480	0.00034	0.00271	0.00068
1.00000	0.00395	0.82924	0.00853	0.01103	0.01252	0.02132	0.01812	0.00443	0.04717	0.04369
1.00000	0.01060	0.00356	0.00528	0.00814	0.87859	0.00692	0.01910	0.03737	0.02728	0.00314
1.00000	0.87738	0.00297	0.00303	0.00223	0.02245	0.01094	0.01595	0.02056	0.02433	0.02016
1.00000	0.00459	0.00094	0.00044	0.02386	0.00036	0.00208	0.00050	0.95007	0.00069	0.01646
1.00000	0.01236	0.04582	0.03446	0.04813	0.11269	0.10053	0.04640	0.07264	0.35964	0.16732
1.00000	0.02701	0.00743	0.00049	0.19587	0.03859	0.34022	0.04204	0.06581	0.08877	0.19379
0.00000	0.01247	0.23119	0.01098	0.01824	0.03436	0.10890	0.00774	0.23946	0.22251	0.11415
1.00000	0.01667	0.01854	0.01385	0.00155	0.23111	0.03582	0.00276	0.00477	0.03568	0.63923
1.00000	0.07636	0.00127	0.00569	0.18930	0.01663	0.32110	0.07803	0.00530	0.26816	0.03815
0.00000	0.02520	0.05384	0.02310	0.20459	0.05399	0.15891	0.02228	0.02012	0.31932	0.11865
1.00000	0.00032	0.00015	0.00126	0.00024	0.91856	0.00282	0.00145	0.05396	0.00171	0.01954
1.00000	0.00719	0.00430	0.00544	0.02446	0.06910	0.00115	0.00519	0.68919	0.00156	0.19241
1.00000	0.00190	0.92587	0.00479	0.00382	0.00894	0.00202	0.00136	0.04361	0.00092	0.00677
1.00000	0.00364	0.01294	0.00103	0.00488	0.00914	0.02765	0.00104	0.89465	0.01024	0.03479
1.00000	0.00271	0.01607	0.01388	0.02767	0.00107	0.01297	0.00076	0.83353	0.02826	0.06307
1.00000	0.02012	0.10700	0.53993	0.17126	0.01048	0.02535	0.02760	0.03110	0.06395	0.00322
1.00000	0.00106	0.00110	0.94847	0.01337	0.00124	0.00109	0.00927	0.02387	0.00033	0.00021
1.00000	0.00347	0.97106	0.00435	0.00061	0.00165	0.00722	0.00048	0.00881	0.00050	0.00185
1.00000	0.00057	0.98700	0.00092	0.00043	0.00098	0.00070	0.00056	0.00768	0.00048	0.00068
1.00000	0.00409	0.00073	0.00026	0.00210	0.15470	0.04214	0.00123	0.01010	0.00808	0.77658
1.00000	0.00672	0.95032	0.01595	0.00049	0.00478	0.00571	0.00141	0.01268	0.00048	0.00146
1.00000	0.59865	0.01110	0.02396	0.02019	0.03983	0.06355	0.15207	0.04387	0.00814	0.03864
1.00000	0.00051	0.00008	0.00193	0.00320	0.00024	0.00516	0.00964	0.00055	0.93097	0.04772
1.00000	0.86473	0.00017	0.00144	0.00158	0.01480	0.06302	0.04034	0.00488	0.00820	0.00086
1.00000	0.00010	0.00060	0.00032	0.00025	0.98611	0.00402	0.00132	0.00493	0.00078	0.00158
1.00000	0.00360	0.09418	0.01608	0.03820	0.65072	0.01301	0.03377	0.00446	0.00767	0.13831
1.00000	0.13902	0.01234	0.63318	0.03151	0.04333	0.05333	0.05287	0.00672	0.02208	0.00561
1.00000	0.00940	0.00069	0.00388	0.85850	0.00928	0.02702	0.00818	0.00665	0.06916	0.00724
1.00000	0.00088	0.00078	0.00625	0.02739	0.00026	0.00224	0.00006	0.95499	0.00157	0.00559
1.00000	0.74333	0.00589	0.02307	0.05894	0.00353	0.03160	0.09090	0.01107	0.00428	0.02740
1.00000	0.00220	0.00043	0.00237	0.00081	0.01767	0.01371	0.95260	0.00874	0.00047	0.00100
1.00000	0.00054	0.00076	0.01240	0.00852	0.79190	0.02549	0.00528	0.02923	0.00325	0.12263
1.00000	0.00615	0.00772	0.00799	0.12436	0.00552	0.00366	0.00563	0.78250	0.01009	0.04636
1.00000	0.03769	0.02942	0.10773	0.11899	0.04597	0.01847	0.00570	0.03879	0.54416	0.05309
1.00000	0.00124	0.97732	0.00107	0.00045	0.00098	0.00557	0.00204	0.00725	0.00048	0.00361
1.00000	0.01629	0.10845	0.04427	0.32085	0.01680	0.21157	0.01368	0.02291	0.11822	0.12695
1.00000	0.00202	0.00322	0.01800	0.50931	0.00244	0.05361	0.00047	0.01203	0.35169	0.04721
1.00000	0.00341	0.05890	0.74234	0.05817	0.01033	0.01209	0.01223	0.00252	0.09806	0.00196
1.00000	0.02338	0.01298	0.83348	0.01099	0.01325	0.01044	0.07998	0.00105	0.01298	0.00148
0.00000	0.04194	0.00908	0.18638	0.19777	0.01229	0.03317	0.01231	0.03298	0.46963	0.00445
1.00000	0.87985	0.00016	0.00098	0.03197	0.00220	0.05801	0.01727	0.00090	0.00795	0.00070
1.00000	0.01214	0.00105	0.74450	0.02547	0.04741	0.03827	0.06432	0.01408	0.04760	0.00516
1.00000	0.02379	0.00910	0.00325	0.84258	0.00192	0.10527	0.00147	0.00343	0.00788	0.00131
1.00000	0.01162	0.00589	0.02598	0.11870	0.02088	0.22663	0.06826	0.00601	0.50597	0.01006
1.00000	0.02777	0.01102	0.02997	0.00098	0.01709	0.08658	0.81350	0.00937	0.00287	0.00086
1.00000	0.00068	0.00657	0.00356	0.00242	0.04604	0.00837	0.00059	0.02194	0.00636	0.90348
0.00000	0.01737	0.18309	0.00686	0.08080	0.02581	0.12022	0.00768	0.25234	0.05526	0.25057
1.00000	0.00071	0.01638	0.04259	0.02229	0.19326	0.01206	0.62795	0.03053	0.00715	0.04708
1.00000	0.01059	0.00133	0.00099	0.00950	0.00206	0.05669	0.00252	0.00733	0.90292	0.00607
1.00000	0.00124	0.00086	0.00225	0.02935	0.00354	0.93862	0.01727	0.00016	0.00658	0.00013
1.00000	0.01029	0.03248	0.10738	0.02081	0.39973	0.02912	0.23675	0.00993	0.12566	0.02785
1.00000	0.00938	0.00111	0.00919	0.00265	0.27589	0.01983	0.00562	0.02561	0.00514	0.64558
1.00000	0.00163	0.03712	0.00380	0.00223	0.01704	0.03977	0.00119	0.72948	0.00132	0.16643
0.00000	0.02178	0.45437	0.35437	0.04457	0.00181	0.01340	0.05448	0.00332	0.04116	0.01074
1.00000	0.00646	0.00354	0.00140	0.00152	0.00536	0.00365	0.00151	0.94592	0.00040	0.03025
1.00000	0.04320	0.00145	0.01347	0.01008	0.00087	0.01962	0.00232	0.01390	0.83042	0.06467
0.00000	0.01178	0.00251	0.00507	0.29042	0.00296	0.13417	0.00520	0.02065	0.33893	0.18831
1.00000	0.07793	0.01171	0.03332	0.04761	0.00336	0.70223	0.07942	0.00219	0.03818	0.00405
1.00000	0.58881	0.00812	0.02729	0.00522	0.04478	0.04996	0.05282	0.03046	0.10074	0.09179
1.00000	0.06110	0.09017	0.13950	0.13112	0.00971	0.00725	0.00232	0.34601	0.16766	0.04516
1.00000	0.00076	0.00219	0.00099	0.00066	0.81908	0.00675	0.00213	0.00427	0.00173	0.16144
1.00000	0.00326	0.00037	0.00421	0.00159	0.06401	0.00113	0.00542	0.01069	0.00390	0.90542
1.00000	0.01281	0.03999	0.01797	0.62741	0.02752	0.16699	0.00841	0.00398	0.06448	0.03044
1.00000	0.02850	0.00087	0.00460	0.09340	0.00687	0.74092	0.01703	0.00209	0.09893	0.00679
1.00000	0.00043	0.00320	0.00075	0.00147	0.94149	0.00552	0.00136	0.02749	0.00365	0.01463
1.00000	0.04355	0.01965	0.13972	0.40097	0.01066	0.09416	0.07468	0.01788	0.18080	0.01792
1.00000	0.86311	0.00165	0.00654	0.00890	0.00355	0.05582	0.03670	0.00970	0.01279	0.00124
1.00000	0.00235	0.01237	0.45577	0.39423	0.00070	0.01849	0.02545	0.06901	0.02078	0.00084
0.00000	0.10148	0.00254	0.08966	0.03334	0.32890	0.03423	0.07314	0.05907	0.01206	0.26559
1.00000	0.16071	0.02472	0.01891	0.54106	0.01789	0.13683	0.03038	0.00631	0.05343	0.00976
1.00000	0.00553	0.97451	0.01261	0.00015	0.00073	0.00214	0.00024	0.00290	0.00071	0.00047
1.00000	0.11319	0.00133	0.01205	0.01505	0.02616	0.30131	0.51446	0.01216	0.00290	0.00140
1.00000	0.00027	0.00029	0.00181	0.00099	0.02239	0.00483	0.00053	0.02923	0.00203	0.93764
1.00000	0.00120	0.90383	0.00297	0.00295	0.01312	0.00113	0.00135	0.02982	0.00184	0.04180
1.00000	0.00049	0.00084	0.00033	0.00839	0.07057	0.00108	0.00021	0.09630	0.01166	0.81014
1.00000	0.01499	0.02958	0.00784	0.83506	0.00143	0.09806	0.00141	0.00072	0.00875	0.00216
0.00000	0.51517	0.01519	0.12119	0.13134	0.00252	0.07541	0.03161	0.08075	0.01867	0.00815
1.00000	0.01320	0.00236	0.00811	0.01875	0.71397	0.01038	0.07644	0.03043	0.03702	0.08933
1.00000	0.00017	0.00031	0.00014	0.00028	0.65875	0.01469	0.00047	0.05275	0.00079	0.27166
1.00000	0.03582	0.03619	0.00972	0.79497	0.00043	0.05919	0.00103	0.03880	0.01876	0.00508
1.00000	0.87645	0.01673	0.00324	0.00697	0.00531	0.03005	0.00151	0.04212	0.01046	0.00716
1.00000	0.01134	0.02291	0.04773	0.01378	0.68697	0.01985	0.06283	0.06350	0.03670	0.03439
1.00000	0.02812	0.00118	0.00111	0.00073	0.85045	0.01365	0.01108	0.00782	0.02679	0.05906
1.00000	0.01080	0.89405	0.00150	0.00911	0.00646	0.02170	0.00069	0.03853	0.01365	0.00351
1.00000	0.02861	0.00823	0.00315	0.49925	0.00293	0.13802	0.02677	0.04414	0.16367	0.08522
1.00000	0.61884	0.00867	0.02943	0.11045	0.01482	0.04583	0.06035	0.05833	0.02209	0.03119
1.00000	0.00037	0.00192	0.00308	0.00266	0.08987	0.00510	0.00341	0.02976	0.00148	0.86234
1.00000	0.00122	0.00112	0.00053	0.00202	0.18385	0.00475	0.00090	0.00452	0.02727	0.77381
1.00000	0.01182	0.15168	0.05295	0.00235	0.07463	0.27125	0.39797	0.00804	0.01212	0.01719
1.00000	0.00367	0.00383	0.01326	0.04585	0.00110	0.04051	0.00848	0.01092	0.86218	0.01020
1.00000	0.01407	0.04555	0.41814	0.26487	0.00593	0.02700	0.02172	0.15487	0.03462	0.01323
0.00000	0.02496	0.00622	0.00572	0.10082	0.07045	0.37805	0.01911	0.05962	0.02316	0.31190
1.00000	0.00612	0.18551	0.01004	0.00576	0.24241	0.00769	0.00753	0.41653	0.00146	0.11696
1.00000	0.03109	0.00415	0.01019	0.03714	0.00354	0.85801	0.01539	0.00147	0.03189	0.00713
1.00000	0.00391	0.00765	0.05503	0.08503	0.10458	0.00258	0.04045	0.53938	0.02782	0.13357
1.00000	0.00522	0.00973	0.00818	0.01529	0.00354	0.04166	0.00951	0.00189	0.89075	0.01424
1.00000	0.01538	0.00651	0.00166	0.00457	0.06277	0.02952	0.00387	0.06953	0.30217	0.50402
1.00000	0.03735	0.01894	0.65645	0.07536	0.04195	0.01549	0.03956	0.02674	0.04282	0.04535
1.00000	0.05366	0.00335	0.00693	0.00051	0.01393	0.86417	0.00433	0.01199	0.03298	0.00815
1.00000	0.01359	0.00324	0.77127	0.02514	0.01652	0.03353	0.06499	0.02009	0.00111	0.05053
1.00000	0.03021	0.01390	0.03698	0.58116	0.00344	0.21161	0.00843	0.02805	0.07672	0.00951
1.00000	0.04983	0.00284	0.01537	0.01852	0.01514	0.14371	0.01493	0.03481	0.62992	0.07493
0.00000	0.01964	0.00283	0.18484	0.27400	0.00327	0.04600	0.00904	0.00299	0.43547	0.02191
1.00000	0.00247	0.00857	0.00778	0.77829	0.01308	0.02477	0.00323	0.01372	0.14176	0.00633
1.00000	0.00036	0.00058	0.00141	0.00773	0.17678	0.00732	0.00060	0.01422	0.02365	0.76735
1.00000	0.00146	0.00012	0.00482	0.00046	0.00998	0.00957	0.96805	0.00035	0.00026	0.00494
1.00000	0.00613	0.01509	0.02260	0.01654	0.04489	0.00505	0.02135	0.74308	0.00059	0.12468
1.00000	0.92782	0.00620	0.00214	0.01072	0.00198	0.00738	0.03173	0.00575	0.00215	0.00413
1.00000	0.95174	0.00199	0.00070	0.00382	0.00078	0.02693	0.00278	0.00921	0.00084	0.00122
1.00000	0.01155	0.00048	0.00352	0.00184	0.04184	0.91855	0.01113	0.00296	0.00193	0.00620
1.00000	0.00955	0.01076	0.78756	0.07805	0.00322	0.01911	0.04223	0.00920	0.03669	0.00363
1.00000	0.00839	0.00877	0.09508	0.79956	0.02285	0.01152	0.00174	0.00604	0.04316	0.00289
1.00000	0.01337	0.01171	0.49165	0.05630	0.02631	0.02088	0.12873	0.07612	0.09013	0.08481
1.00000	0.02598	0.00135	0.00181	0.00129	0.00800	0.80925	0.02136	0.00166	0.12598	0.00332
1.00000	0.00154	0.86618	0.00846	0.02109	0.01907	0.02608	0.00508	0.01678	0.00546	0.03026
1.00000	0.74088	0.00215	0.01104	0.01948	0.04250	0.03510	0.08586	0.02483	0.02899	0.00916
1.00000	0.06743	0.00569	0.01293	0.28352	0.00306	0.02727	0.00143	0.46492	0.09673	0.03703
1.00000	0.00258	0.00183	0.00535	0.00244	0.01278	0.00342	0.00608	0.00176	0.96151	0.00224
0.00000	0.00212	0.00956	0.00147	0.00157	0.34435	0.01019	0.00438	0.01969	0.00240	0.60426
1.00000	0.06847	0.00267	0.00309	0.00884	0.55653	0.02601	0.05848	0.01189	0.03506	0.22896
0.00000	0.00760	0.01052	0.20859	0.18730	0.00715	0.03241	0.00986	0.00483	0.51699	0.01476
1.00000	0.01887	0.09003	0.66907	0.03946	0.02480	0.00852	0.09572	0.00238	0.03744	0.01372
1.00000	0.03335	0.04003	0.01976	0.20833	0.05684	0.13770	0.02017	0.02041	0.40606	0.05736
