1.00000	0.00360	0.96497	0.00424	0.00142	0.00502	0.00247	0.00272	0.00447	0.00056	0.01052
1.00000	0.00026	0.00038	0.00021	0.00043	0.00033	0.00021	0.00007	0.99574	0.00011	0.00227
1.00000	0.92001	0.00140	0.00225	0.00359	0.00128	0.01394	0.04449	0.00154	0.00916	0.00234
1.00000	0.01566	0.02344	0.00168	0.00889	0.00686	0.88268	0.01708	0.00775	0.03040	0.00555
1.00000	0.00474	0.00592	0.00623	0.00171	0.79508	0.03980	0.02556	0.03723	0.00252	0.08122
1.00000	0.03250	0.09448	0.00821	0.00723	0.11829	0.12470	0.00253	0.43580	0.01227	0.16400
1.00000	0.01447	0.00008	0.00005	0.00348	0.00393	0.96899	0.00047	0.00092	0.00563	0.00198
1.00000	0.15064	0.01896	0.54593	0.02052	0.06656	0.05294	0.12882	0.00160	0.00905	0.00498
0.00000	0.00139	0.00292	0.00848	0.00264	0.08926	0.03957	0.00224	0.21003	0.01379	0.62968
0.00000	0.03633	0.01466	0.03772	0.03295	0.37895	0.08571	0.02822	0.10099	0.07723	0.20724
1.00000	0.03983	0.90372	0.00794	0.01782	0.00598	0.00071	0.00049	0.01461	0.00331	0.00559
1.00000	0.00590	0.00455	0.91398	0.00020	0.00925	0.00085	0.06298	0.00034	0.00179	0.00017
1.00000	0.00360	0.02626	0.00631	0.00229	0.67061	0.05316	0.02200	0.03734	0.01790	0.16053
1.00000	0.00685	0.95340	0.00182	0.00243	0.01187	0.00293	0.00193	0.00624	0.00325	0.00927
1.00000	0.04733	0.76952	0.01571	0.00151	0.00390	0.02624	0.00353	0.10904	0.00923	0.01399
1.00000	0.01026	0.02521	0.12535	0.21870	0.09557	0.15827	0.05564	0.16292	0.02360	0.12448
1.00000	0.00421	0.97996	0.00144	0.00104	0.00184	0.00037	0.00025	0.00544	0.00373	0.00171
1.00000	0.00518	0.00145	0.00634	0.00341	0.00978	0.14872	0.81510	0.00023	0.00897	0.00081
1.00000	0.00019	0.00404	0.01069	0.00176	0.91072	0.02693	0.00262	0.00486	0.00154	0.03666
1.00000	0.00255	0.00375	0.00406	0.00745	0.24009	0.03614	0.00622	0.05634	0.02190	0.62152
1.00000	0.00677	0.00313	0.00585	0.88210	0.00310	0.06113	0.00884	0.00194	0.02578	0.00138
1.00000	0.00073	0.00027	0.00282	0.00586	0.78565	0.04278	0.01593	0.00566	0.00525	0.13506
1.00000	0.00033	0.00018	0.00085	0.00043	0.06280	0.00432	0.00094	0.01122	0.00438	0.91455
1.00000	0.12945	0.00728	0.05150	0.12470	0.02566	0.07747	0.03851	0.01222	0.51112	0.02209
1.00000	0.03775	0.00062	0.00184	0.00240	0.13316	0.01713	0.00071	0.01152	0.06929	0.72559
1.00000	0.65937	0.00250	0.02330	0.08206	0.00882	0.06513	0.13181	0.00644	0.01904	0.00154
1.00000	0.04494	0.00478	0.00172	0.01071	0.00617	0.01621	0.00141	0.70371	0.01863	0.19170
1.00000	0.07936	0.00096	0.03065	0.01791	0.00500	0.01940	0.77748	0.00225	0.06021	0.00679
1.00000	0.03454	0.03516	0.08496	0.02512	0.06825	0.24925	0.07130	0.01912	0.36464	0.04767
1.00000	0.00600	0.00061	0.00272	0.00199	0.02248	0.00424	0.96056	0.00036	0.00084	0.00019
1.00000	0.05694	0.67080	0.02107	0.01403	0.05175	0.03999	0.00363	0.05064	0.04475	0.04639
1.00000	0.02028	0.00163	0.01326	0.79309	0.00217	0.13702	0.00257	0.00095	0.02792	0.00110
1.00000	0.01031	0.95137	0.00616	0.00135	0.00397	0.00699	0.00164	0.00932	0.00562	0.00328
1.00000	0.06196	0.00396	0.02845	0.01920	0.57945	0.02358	0.07015	0.02594	0.09995	0.08736
1.00000	0.00056	0.01154	0.02925	0.00031	0.02092	0.00608	0.92918	0.00082	0.00084	0.00049
1.00000	0.00625	0.14171	0.67120	0.03527	0.02554	0.04356	0.03039	0.00540	0.03027	0.01041
1.00000	0.00963	0.00556	0.00387	0.00986	0.12073	0.34295	0.03315	0.02096	0.41289	0.04041
1.00000	0.87189	0.00100	0.02660	0.00138	0.00426	0.01348	0.03298	0.00300	0.00178	0.04363
1.00000	0.00694	0.07166	0.01713	0.05336	0.33662	0.12332	0.00800	0.09847	0.00446	0.28004
1.00000	0.04710	0.01134	0.45877	0.03854	0.02379	0.02036	0.02344	0.05394	0.19225	0.13048
1.00000	0.10870	0.00158	0.04568	0.54896	0.00247	0.19925	0.00583	0.00210	0.07105	0.01440
1.00000	0.00238	0.00859	0.92923	0.00602	0.00177	0.03910	0.00139	0.00550	0.00561	0.00042
1.00000	0.96820	0.00005	0.00031	0.00204	0.00009	0.00803	0.02052	0.00003	0.00068	0.00005
1.00000	0.00476	0.00326	0.02958	0.00427	0.32149	0.02400	0.00416	0.04392	0.03903	0.52555
1.00000	0.04675	0.04295	0.58114	0.11579	0.01592	0.06946	0.02541	0.00075	0.09593	0.00588
1.00000	0.00591	0.96100	0.00501	0.00342	0.01318	0.00166	0.00196	0.00240	0.00267	0.00278
1.00000	0.02903	0.01086	0.09344	0.66660	0.00720	0.09003	0.00517	0.01696	0.04077	0.03995
1.00000	0.00467	0.03232	0.01369	0.73246	0.00617	0.05007	0.00451	0.13122	0.00947	0.01540
0.00000	0.00669	0.00331	0.00380	0.43386	0.00109	0.18749	0.00083	0.00234	0.31876	0.04184
1.00000	0.12654	0.00814	0.00611	0.08835	0.02050	0.65411	0.01699	0.00358	0.03259	0.04309
1.00000	0.02288	0.01159	0.04816	0.01475	0.33880	0.06113	0.08172	0.04854	0.27998	0.09244
1.00000	0.00863	0.00148	0.01428	0.01007	0.00175	0.13887	0.82151	0.00021	0.00176	0.00144
1.00000	0.01443	0.09360	0.03593	0.00712	0.00056	0.00611	0.00043	0.79406	0.00215	0.04560
1.00000	0.06559	0.01629	0.01847	0.02623	0.03136	0.08150	0.01528	0.63500	0.00677	0.10353
1.00000	0.03896	0.00379	0.01069	0.09917	0.02825	0.76842	0.01940	0.00936	0.02101	0.00093
1.00000	0.00110	0.03661	0.04181	0.00391	0.23864	0.03115	0.01315	0.04634	0.00784	0.57944
1.00000	0.00768	0.00387	0.01927	0.00040	0.81205	0.03154	0.02495	0.02371	0.00477	0.07174
1.00000	0.02905	0.00635	0.01305	0.01056	0.75212	0.01266	0.01470	0.06682	0.00361	0.09108
1.00000	0.80282	0.00387	0.02145	0.02188	0.00507	0.02298	0.02720	0.00805	0.08327	0.00341
1.00000	0.03704	0.00083	0.01935	0.03317	0.02980	0.07988	0.01488	0.02356	0.52795	0.23353
1.00000	0.01105	0.00094	0.00570	0.02204	0.03969	0.71493	0.10269	0.00223	0.02314	0.07760
1.00000	0.64626	0.00681	0.01985	0.00881	0.01306	0.17239	0.01798	0.05099	0.02425	0.03961
1.00000	0.00608	0.00830	0.00244	0.00953	0.63914	0.06044	0.09386	0.00679	0.00810	0.16532
1.00000	0.00032	0.00063	0.00074	0.00103	0.16591	0.02430	0.00035	0.06664	0.01634	0.72373
1.00000	0.01992	0.00449	0.00511	0.02885	0.00058	0.00075	0.00106	0.93746	0.00017	0.00162
1.00000	0.01210	0.00160	0.00404	0.00183	0.03551	0.00563	0.00161	0.89863	0.00124	0.03782
1.00000	0.12896	0.01182	0.03988	0.01126	0.08404	0.03899	0.02593	0.09511	0.01550	0.54850
1.00000	0.01656	0.00803	0.04328	0.04266	0.00777	0.00659	0.00319	0.78907	0.03623	0.04662
1.00000	0.00085	0.00136	0.00118	0.00060	0.07753	0.01421	0.00050	0.14831	0.00570	0.74976
1.00000	0.06992	0.00569	0.05849	0.07687	0.14507	0.01879	0.57597	0.01976	0.01613	0.01333
1.00000	0.83695	0.00123	0.01725	0.03515	0.00704	0.07272	0.02243	0.00155	0.00481	0.00086
1.00000	0.14877	0.00667	0.00143	0.20889	0.00512	0.55334	0.03718	0.01076	0.01500	0.01285
1.00000	0.02947	0.00282	0.00091	0.00101	0.00705	0.86326	0.00034	0.07052	0.01525	0.00938
1.00000	0.04864	0.01848	0.04845	0.02010	0.10557	0.05528	0.62560	0.01501	0.04034	0.02252
1.00000	0.01543	0.00085	0.03842	0.00220	0.02981	0.11738	0.75774	0.00262	0.03095	0.00461
1.00000	0.03266	0.08377	0.02091	0.00295	0.02182	0.72670	0.04673	0.01497	0.03561	0.01388
1.00000	0.02724	0.00994	0.00702	0.00934	0.01507	0.04394	0.00541	0.45215	0.09917	0.33072
1.00000	0.40285	0.00809	0.05145	0.04040	0.01145	0.28469	0.00455	0.15584	0.00244	0.03824
1.00000	0.00439	0.00058	0.00147	0.00054	0.00097	0.00553	0.00053	0.96236	0.00095	0.02269
1.00000	0.03910	0.00705	0.00149	0.00022	0.04240	0.83340	0.00307	0.04537	0.01224	0.01565
1.00000	0.00101	0.00156	0.00203	0.00560	0.19180	0.03178	0.00126	0.06064	0.03021	0.67411
1.00000	0.00383	0.01518	0.00870	0.00681	0.53066	0.09044	0.11836	0.10137	0.02164	0.10302
1.00000	0.00892	0.00161	0.05207	0.00143	0.80287	0.01093	0.03406	0.02890	0.00133	0.05788
1.00000	0.00129	0.00016	0.00648	0.00470	0.34399	0.00421	0.00088	0.01517	0.00408	0.61904
1.00000	0.00023	0.00097	0.98425	0.00476	0.00015	0.00791	0.00123	0.00014	0.00032	0.00002
1.00000	0.95928	0.00017	0.00290	0.00122	0.00020	0.00217	0.02941	0.00026	0.00429	0.00011
1.00000	0.04807	0.01812	0.59991	0.01944	0.01304	0.04938	0.11993	0.00868	0.09516	0.02828
0.00000	0.02513	0.00407	0.00071	0.00098	0.04501	0.01443	0.00167	0.42184	0.00093	0.48522
1.00000	0.00135	0.97755	0.00266	0.00130	0.00466	0.00090	0.00047	0.00672	0.00030	0.00407
1.00000	0.01845	0.07145	0.01896	0.57214	0.00333	0.22995	0.02907	0.01197	0.02387	0.02080
1.00000	0.00602	0.00042	0.94986	0.00065	0.00274	0.00193	0.03436	0.00034	0.00285	0.00084
1.00000	0.85480	0.00321	0.02742	0.00201	0.00422	0.01734	0.02356	0.01428	0.00387	0.04928
1.00000	0.00809	0.00044	0.10541	0.00087	0.00310	0.08563	0.79466	0.00059	0.00104	0.00016
1.00000	0.00928	0.93852	0.01559	0.00074	0.00248	0.00283	0.00054	0.01540	0.00319	0.01143
1.00000	0.01385	0.00370	0.00478	0.00313	0.00210	0.00261	0.00640	0.93242	0.00317	0.02785
1.00000	0.00777	0.00202	0.00374	0.00365	0.16870	0.08444	0.01354	0.56727	0.03820	0.11066
0.00000	0.06175	0.00722	0.00775	0.01230	0.41614	0.20959	0.00500	0.08488	0.02258	0.17279
0.00000	0.00658	0.00046	0.00076	0.00519	0.22983	0.04602	0.00147	0.03638	0.08675	0.58657
1.00000	0.01314	0.00273	0.01071	0.00240	0.76763	0.00381	0.10035	0.04019	0.01059	0.04844
1.00000	0.01495	0.00089	0.00041	0.00039	0.00129	0.01758	0.00019	0.94641	0.00031	0.01758
1.00000	0.03459	0.07191	0.02052	0.00247	0.09012	0.11093	0.01782	0.51558	0.04065	0.09541
1.00000	0.01054	0.02794	0.04936	0.00080	0.33790	0.02024	0.51834	0.02226	0.00687	0.00574
1.00000	0.00156	0.00130	0.02946	0.00872	0.00141	0.00590	0.00108	0.00083	0.94619	0.00355
0.00000	0.06420	0.02978	0.01142	0.00655	0.54486	0.01785	0.12360	0.12046	0.00722	0.07407
1.00000	0.11017	0.04656	0.29344	0.12191	0.00580	0.10107	0.12979	0.00284	0.18211	0.00630
1.00000	0.00367	0.00010	0.00014	0.01629	0.00069	0.96375	0.00011	0.00058	0.01436	0.00032
1.00000	0.04740	0.00227	0.02500	0.00313	0.72295	0.06288	0.03238	0.03241	0.00521	0.06638
1.00000	0.03614	0.00293	0.00870	0.83884	0.00106	0.08879	0.00459	0.00582	0.01029	0.00282
1.00000	0.00298	0.00132	0.00428	0.00084	0.72032	0.03661	0.00727	0.00785	0.00074	0.21779
1.00000	0.01564	0.00046	0.00085	0.00249	0.00030	0.00200	0.00009	0.97307	0.00056	0.00453
0.00000	0.21560	0.01052	0.13483	0.05076	0.04346	0.22310	0.09010	0.05698	0.01463	0.16001
1.00000	0.01576	0.00037	0.00986	0.02891	0.00280	0.01003	0.00246	0.00566	0.90556	0.01859
1.00000	0.00427	0.00411	0.00697	0.01372	0.03027	0.01370	0.00152	0.01324	0.86928	0.04291
1.00000	0.00802	0.04925	0.00082	0.00111	0.00347	0.01680	0.00022	0.86929	0.00267	0.04834
1.00000	0.00628	0.83840	0.00383	0.01721	0.01518	0.02214	0.00529	0.02856	0.00656	0.05656
1.00000	0.09773	0.01028	0.06948	0.56493	0.00088	0.23097	0.00547	0.01355	0.00530	0.00141
1.00000	0.00216	0.00043	0.00342	0.00319	0.00915	0.00944	0.97096	0.00029	0.00022	0.00074
1.00000	0.00263	0.00016	0.00092	0.00026	0.18672	0.00600	0.00044	0.00786	0.00524	0.78977
1.00000	0.01600	0.93098	0.01748	0.00065	0.00656	0.00071	0.00108	0.01660	0.00354	0.00639
1.00000	0.01451	0.00717	0.00202	0.00178	0.00085	0.00121	0.00037	0.93694	0.00075	0.03438
1.00000	0.00101	0.00117	0.02091	0.00131	0.76095	0.00351	0.07333	0.05411	0.00178	0.08191
0.00000	0.02917	0.05480	0.08304	0.08401	0.33165	0.09532	0.11442	0.18691	0.01026	0.01043
1.00000	0.04557	0.02501	0.30913	0.40246	0.00949	0.04747	0.06897	0.04548	0.02981	0.01661
1.00000	0.87460	0.00430	0.02653	0.00671	0.00196	0.04920	0.03085	0.00113	0.00211	0.00260
1.00000	0.02677	0.06440	0.00245	0.01432	0.02620	0.56856	0.00760	0.15630	0.04086	0.09254
1.00000	0.03289	0.00280	0.06797	0.76143	0.00165	0.11796	0.00384	0.00239	0.00389	0.00517
1.00000	0.01878	0.00514	0.60638	0.01419	0.07910	0.00390	0.25485	0.00665	0.00927	0.00174
1.00000	0.01262	0.00306	0.11743	0.69579	0.00679	0.04712	0.00079	0.00124	0.11437	0.00080
1.00000	0.06394	0.00291	0.01910	0.15069	0.03234	0.71343	0.00455	0.00212	0.00314	0.00778
1.00000	0.00443	0.00014	0.00059	0.13668	0.00207	0.83378	0.00007	0.00086	0.02080	0.00057
1.00000	0.00020	0.00006	0.00037	0.00041	0.05306	0.00901	0.00016	0.03733	0.00567	0.89374
1.00000	0.04217	0.03734	0.11026	0.13281	0.04693	0.25549	0.06430	0.03638	0.12438	0.14994
1.00000	0.00054	0.00052	0.02666	0.00130	0.09033	0.01795	0.86042	0.00034	0.00127	0.00068
1.00000	0.00205	0.00057	0.00447	0.01553	0.84261	0.00782	0.01005	0.05843	0.00019	0.05827
1.00000	0.92577	0.00041	0.00847	0.01804	0.00774	0.03074	0.00591	0.00029	0.00197	0.00064
1.00000	0.01234	0.00234	0.00882	0.03651	0.06021	0.08628	0.01322	0.03108	0.56265	0.18656
1.00000	0.93394	0.00007	0.00115	0.00322	0.00015	0.02410	0.03660	0.00022	0.00023	0.00033
1.00000	0.01188	0.03265	0.05162	0.06141	0.03795	0.02299	0.00913	0.71045	0.02160	0.04032
1.00000	0.25003	0.02379	0.39008	0.09321	0.02998	0.12622	0.03792	0.01502	0.02761	0.00614
1.00000	0.01170	0.02787	0.00635	0.00510	0.04639	0.07113	0.02276	0.18964	0.43849	0.18057
1.00000	0.04847	0.00350	0.05694	0.21041	0.02026	0.21840	0.02575	0.00556	0.39378	0.01694
0.00000	0.21138	0.00244	0.01624	0.11412	0.00533	0.39647	0.07323	0.00420	0.16307	0.01352
1.00000	0.00114	0.00037	0.00031	0.00036	0.00033	0.00114	0.00024	0.98324	0.00025	0.01262
1.00000	0.03331	0.14956	0.41408	0.12264	0.00314	0.09878	0.00331	0.06022	0.10016	0.01479
1.00000	0.00335	0.00388	0.11938	0.01132	0.03711	0.01532	0.78397	0.01290	0.01154	0.00122
1.00000	0.90010	0.00353	0.00654	0.00365	0.00190	0.03306	0.04510	0.00104	0.00369	0.00140
1.00000	0.07762	0.05389	0.02083	0.05272	0.06288	0.62843	0.01578	0.00192	0.01896	0.06698
1.00000	0.01784	0.00581	0.00615	0.08693	0.01228	0.78032	0.00521	0.03307	0.04837	0.00402
1.00000	0.01635	0.00066	0.80121	0.01514	0.02518	0.05851	0.00735	0.00311	0.07185	0.00064
1.00000	0.00146	0.00230	0.00218	0.00181	0.00078	0.96291	0.02318	0.00106	0.00350	0.00081
1.00000	0.01483	0.73057	0.01154	0.05992	0.04744	0.01213	0.01961	0.01904	0.03829	0.04664
1.00000	0.00475	0.01117	0.02606	0.85724	0.00096	0.01709	0.00091	0.00244	0.01659	0.06280
1.00000	0.03647	0.04888	0.05726	0.01572	0.12446	0.02937	0.61838	0.02256	0.03000	0.01688
1.00000	0.09976	0.00435	0.09726	0.00204	0.65354	0.02885	0.05776	0.00814	0.01672	0.03156
1.00000	0.01878	0.07945	0.02878	0.02443	0.00807	0.00388	0.00262	0.71261	0.00215	0.11922
1.00000	0.00721	0.00246	0.01959	0.00025	0.90781	0.02203	0.00270	0.02515	0.00140	0.01139
1.00000	0.96978	0.00008	0.00344	0.00348	0.00194	0.01102	0.00822	0.00013	0.00173	0.00018
1.00000	0.04309	0.07183	0.39082	0.07553	0.00319	0.01121	0.00894	0.00348	0.38724	0.00468
1.00000	0.47189	0.00497	0.16734	0.01522	0.04719	0.01448	0.17199	0.03963	0.03549	0.03180
0.00000	0.06700	0.00710	0.31470	0.38773	0.01941	0.01838	0.01689	0.12797	0.03051	0.01032
1.00000	0.00308	0.00091	0.00088	0.00155	0.09981	0.05773	0.00890	0.01131	0.00907	0.80678
1.00000	0.03035	0.00188	0.81691	0.03019	0.00419	0.00534	0.00429	0.01380	0.08390	0.00915
1.00000	0.06478	0.00024	0.00047	0.06503	0.02881	0.81113	0.00380	0.00213	0.01077	0.01283
0.00000	0.54965	0.00210	0.24269	0.00161	0.00213	0.01095	0.14789	0.00425	0.02605	0.01267
0.00000	0.01233	0.00355	0.01127	0.00405	0.44153	0.11117	0.15557	0.00738	0.06569	0.18746
1.00000	0.00680	0.00841	0.00770	0.05637	0.09708	0.08339	0.00438	0.02355	0.11191	0.60041
1.00000	0.00062	0.00119	0.00063	0.00105	0.15934	0.03423	0.00040	0.03175	0.00289	0.76789
1.00000	0.03725	0.02216	0.09384	0.03155	0.06950	0.02746	0.65340	0.03706	0.02295	0.00484
1.00000	0.04163	0.00167	0.09721	0.06348	0.00585	0.05586	0.00135	0.01018	0.69501	0.02776
1.00000	0.20279	0.00255	0.69544	0.00627	0.01446	0.00392	0.03543	0.00266	0.01834	0.01816
1.00000	0.74147	0.00394	0.02773	0.02029	0.01720	0.04963	0.09888	0.01307	0.02244	0.00535
1.00000	0.02417	0.02875	0.02088	0.04917	0.00457	0.02300	0.00270	0.01045	0.77485	0.06145
1.00000	0.03938	0.00168	0.01108	0.00716	0.00166	0.91371	0.02073	0.00046	0.00344	0.00070
1.00000	0.01219	0.00177	0.00337	0.01053	0.79024	0.00417	0.00627	0.01198	0.00890	0.15058
1.00000	0.00560	0.00039	0.02422	0.00204	0.00808	0.01279	0.94522	0.00023	0.00106	0.00036
1.00000	0.00342	0.00175	0.01501	0.00200	0.60547	0.01554	0.09427	0.01978	0.08001	0.16275
1.00000	0.00426	0.00039	0.00089	0.00100	0.00103	0.00267	0.00013	0.98859	0.00029	0.00075
1.00000	0.10064	0.03376	0.03201	0.54978	0.00466	0.10748	0.03852	0.03913	0.02773	0.06629
1.00000	0.00965	0.00057	0.00139	0.00086	0.00641	0.03775	0.00431	0.01758	0.91535	0.00612
0.00000	0.09953	0.00347	0.27265	0.10738	0.01038	0.00900	0.00167	0.03111	0.43136	0.03345
1.00000	0.45506	0.01096	0.06461	0.02615	0.09794	0.03122	0.14862	0.03506	0.01079	0.11959
1.00000	0.02371	0.02577	0.03882	0.48776	0.01805	0.17724	0.01523	0.03594	0.13263	0.04485
1.00000	0.00753	0.00512	0.01551	0.00114	0.00779	0.12426	0.81538	0.00308	0.01798	0.00221
1.00000	0.00267	0.96846	0.01005	0.00022	0.00789	0.00120	0.00036	0.00706	0.00051	0.00157
1.00000	0.00342	0.00515	0.01087	0.76256	0.00054	0.14144	0.00677	0.00558	0.04740	0.01629
1.00000	0.26860	0.00070	0.03172	0.25550	0.01182	0.05669	0.00150	0.02415	0.31175	0.03757
1.00000	0.05575	0.03260	0.09689	0.07587	0.01645	0.04573	0.00681	0.02187	0.57798	0.07005
1.00000	0.02125	0.00039	0.00030	0.00104	0.01385	0.95060	0.00460	0.00090	0.00259	0.00447
0.00000	0.25863	0.01976	0.09019	0.18269	0.03349	0.12473	0.12352	0.05340	0.08654	0.02704
1.00000	0.03698	0.00462	0.11615	0.61865	0.02147	0.08811	0.01721	0.00250	0.08620	0.00811
0.00000	0.42547	0.02716	0.13101	0.29913	0.00039	0.05623	0.01791	0.01512	0.02422	0.00336
1.00000	0.01531	0.00081	0.00464	0.00642	0.68319	0.05542	0.05421	0.03001	0.01213	0.13785
1.00000	0.03586	0.03474	0.22519	0.46273	0.00499	0.04496	0.01397	0.00924	0.16478	0.00355
0.00000	0.00879	0.01243	0.48839	0.08884	0.05310	0.02335	0.08467	0.20626	0.01594	0.01823
1.00000	0.09662	0.00496	0.02814	0.17712	0.00879	0.06068	0.01482	0.06677	0.48694	0.05517
1.00000	0.02797	0.00428	0.10265	0.16069	0.02214	0.17442	0.00378	0.03059	0.44754	0.02594
1.00000	0.89688	0.00002	0.00048	0.00061	0.00023	0.01661	0.08448	0.00016	0.00032	0.00023
1.00000	0.03234	0.00020	0.00036	0.05019	0.00454	0.89976	0.00172	0.00484	0.00243	0.00361
1.00000	0.00113	0.01089	0.10224	0.87516	0.00141	0.00311	0.00048	0.00354	0.00196	0.00009
1.00000	0.02122	0.00161	0.02757	0.00156	0.65895	0.06389	0.06270	0.10057	0.01971	0.04221
1.00000	0.00569	0.01556	0.03457	0.00760	0.73974	0.13354	0.01600	0.00643	0.01657	0.02429
1.00000	0.01718	0.00014	0.00048	0.00562	0.01595	0.00648	0.00017	0.08822	0.03661	0.82915
1.00000	0.03301	0.00251	0.00786	0.07127	0.16009	0.24555	0.02229	0.09868	0.02450	0.33424
1.00000	0.00291	0.00147	0.23738	0.69614	0.00130	0.01361	0.00856	0.02528	0.01265	0.00068
1.00000	0.00623	0.00343	0.01666	0.01310	0.09325	0.03284	0.00251	0.09158	0.03212	0.70828
1.00000	0.05055	0.00541	0.00381	0.01069	0.02385	0.30276	0.03472	0.00371	0.44953	0.11498
1.00000	0.00050	0.00101	0.00065	0.00081	0.11271	0.01631	0.00188	0.03925	0.00798	0.81891
1.00000	0.03295	0.00382	0.00849	0.08501	0.04571	0.09952	0.01517	0.01413	0.62185	0.07336
1.00000	0.93131	0.00077	0.00061	0.00060	0.00023	0.00389	0.05776	0.00011	0.00297	0.00176
1.00000	0.00524	0.91911	0.01925	0.00184	0.00276	0.01923	0.00232	0.01726	0.01001	0.00297
1.00000	0.02720	0.00135	0.01006	0.37035	0.04233	0.07041	0.00302	0.00481	0.28400	0.18647
1.00000	0.93246	0.00018	0.00154	0.00797	0.00055	0.03341	0.01023	0.00025	0.01244	0.00097
1.00000	0.04209	0.02779	0.58491	0.03661	0.18546	0.00596	0.03845	0.02687	0.00988	0.04197
1.00000	0.04877	0.00051	0.00070	0.00173	0.06097	0.00927	0.00054	0.12180	0.08618	0.66954
1.00000	0.00042	0.00048	0.00030	0.00023	0.00138	0.00372	0.00147	0.94421	0.00096	0.04683
1.00000	0.04384	0.00138	0.01801	0.04048	0.02892	0.13575	0.14461	0.00067	0.56553	0.02081
1.00000	0.14898	0.03460	0.03183	0.00712	0.05127	0.09328	0.02081	0.49469	0.04099	0.07642
1.00000	0.98575	0.00019	0.00054	0.00026	0.00007	0.00038	0.01111	0.00008	0.00153	0.00010
1.00000	0.01445	0.00294	0.00148	0.00374	0.08183	0.01991	0.00141	0.15564	0.02352	0.69507
1.00000	0.05377	0.00671	0.09538	0.01456	0.05122	0.00532	0.74481	0.00568	0.01892	0.00364
1.00000	0.00429	0.03520	0.00405	0.00084	0.00069	0.00146	0.00010	0.92466	0.00037	0.02834
1.00000	0.00333	0.00030	0.00385	0.00429	0.77184	0.06521	0.01306	0.02255	0.00983	0.10575
1.00000	0.01405	0.00562	0.00114	0.00074	0.00844	0.01715	0.00062	0.81608	0.00399	0.13217
1.00000	0.01569	0.68583	0.02846	0.00741	0.03938	0.06460	0.01493	0.02172	0.05512	0.06686
1.00000	0.01188	0.00204	0.00100	0.00374	0.10771	0.03868	0.00016	0.02033	0.09208	0.72237
1.00000	0.10029	0.00255	0.61823	0.12906	0.00135	0.00306	0.01345	0.11205	0.01874	0.00122
1.00000	0.30515	0.01688	0.32643	0.06404	0.05500	0.04586	0.01853	0.07057	0.08386	0.01368
1.00000	0.00126	0.00437	0.85713	0.10529	0.00328	0.00586	0.00957	0.00205	0.01025	0.00095
1.00000	0.00678	0.93778	0.01128	0.00577	0.00620	0.00153	0.01180	0.00277	0.00562	0.01046
1.00000	0.00086	0.00095	0.02403	0.04863	0.01418	0.00962	0.00122	0.00138	0.88582	0.01332
1.00000	0.00795	0.00354	0.08191	0.77921	0.00652	0.02443	0.00463	0.00906	0.05321	0.02953
1.00000	0.00404	0.00062	0.04067	0.88345	0.00409	0.02539	0.00049	0.00426	0.03646	0.00054
1.00000	0.00464	0.00232	0.03153	0.89681	0.00057	0.02247	0.00135	0.00333	0.02797	0.00901
1.00000	0.01882	0.00040	0.00351	0.00107	0.00178	0.04006	0.00075	0.93084	0.00029	0.00247
1.00000	0.77643	0.00351	0.01670	0.09239	0.00273	0.02487	0.02900	0.03631	0.00729	0.01078
0.00000	0.25786	0.00188	0.02862	0.06010	0.08747	0.07580	0.11516	0.02066	0.11527	0.23716
1.00000	0.62860	0.01044	0.03771	0.01120	0.05186	0.01675	0.10335	0.03550	0.00507	0.09951
1.00000	0.02068	0.00168	0.01427	0.34638	0.00869	0.22324	0.00559	0.01484	0.27088	0.09374
1.00000	0.00220	0.96054	0.00280	0.00084	0.00062	0.00050	0.00062	0.02485	0.00466	0.00237
1.00000	0.06055	0.01869	0.02749	0.50492	0.00080	0.34709	0.00717	0.01107	0.01464	0.00759
1.00000	0.03810	0.01560	0.00755	0.04989	0.03982	0.12788	0.00392	0.69766	0.00356	0.01602
1.00000	0.00729	0.00013	0.00028	0.00715	0.00458	0.96203	0.01188	0.00081	0.00408	0.00176
0.00000	0.11658	0.43579	0.03562	0.02951	0.00919	0.31842	0.00982	0.00376	0.01439	0.02692
1.00000	0.04739	0.00722	0.00657	0.06571	0.01534	0.07114	0.01847	0.05306	0.66654	0.04855
1.00000	0.01427	0.02867	0.00531	0.00734	0.01064	0.01277	0.00339	0.83538	0.00052	0.08172
1.00000	0.00828	0.00043	0.00618	0.10179	0.00247	0.05267	0.00206	0.08077	0.65504	0.09029
1.00000	0.00452	0.07075	0.01350	0.01207	0.70092	0.02001	0.01613	0.01024	0.02923	0.12263
1.00000	0.04208	0.00330	0.00273	0.06897	0.01999	0.83655	0.00212	0.00091	0.01907	0.00427
1.00000	0.02043	0.01005	0.05124	0.00212	0.80065	0.02893	0.03642	0.00658	0.00421	0.03938
1.00000	0.00402	0.00260	0.91922	0.00602	0.02413	0.02487	0.00702	0.00077	0.00951	0.00184
1.00000	0.01374	0.03484	0.00226	0.00646	0.06912	0.01590	0.00301	0.05931	0.11592	0.67942
1.00000	0.01936	0.89667	0.00309	0.00044	0.00408	0.00179	0.00067	0.07017	0.00098	0.00274
1.00000	0.00141	0.01229	0.00868	0.00365	0.59390	0.12023	0.00815	0.02678	0.00159	0.22331
1.00000	0.04806	0.02750	0.01640	0.07004	0.00498	0.05524	0.01519	0.00329	0.72070	0.03860
1.00000	0.00380	0.00017	0.00033	0.00195	0.08469	0.02950	0.00075	0.05841	0.00380	0.81659
1.00000	0.07488	0.01256	0.00388	0.01582	0.02067	0.54514	0.00439	0.07705	0.14688	0.09873
0.00000	0.03407	0.08269	0.01634	0.13979	0.08004	0.26488	0.02256	0.21328	0.01464	0.13169
1.00000	0.00686	0.00014	0.00326	0.00267	0.00402	0.00669	0.00553	0.01284	0.95317	0.00484
1.00000	0.08766	0.00507	0.17747	0.17278	0.00300	0.06851	0.02572	0.00299	0.43762	0.01919
1.00000	0.96172	0.00046	0.00514	0.00574	0.00095	0.00895	0.01326	0.00036	0.00169	0.00174
1.00000	0.00901	0.02045	0.05916	0.07546	0.06598	0.49572	0.21153	0.00214	0.04470	0.01586
1.00000	0.10230	0.01113	0.58426	0.07618	0.01152	0.04206	0.05693	0.00820	0.09010	0.01731
1.00000	0.09705	0.00115	0.00084	0.03806	0.00617	0.34283	0.47267	0.00124	0.01372	0.02627
1.00000	0.09255	0.01705	0.09934	0.02051	0.01086	0.01470	0.00609	0.71565	0.01807	0.00518
1.00000	0.01158	0.00805	0.01431	0.42644	0.03855	0.15662	0.00257	0.13419	0.09640	0.11129
1.00000	0.00088	0.00027	0.00176	0.00280	0.13199	0.01215	0.00080	0.01785	0.01459	0.81691
1.00000	0.00235	0.00107	0.98141	0.00333	0.00018	0.00152	0.00251	0.00096	0.00608	0.00060
1.00000	0.05082	0.00421	0.00295	0.01440	0.00635	0.00885	0.00139	0.03590	0.86944	0.00569
1.00000	0.16653	0.00471	0.00634	0.00445	0.03430	0.66740	0.03129	0.00400	0.02188	0.05909
0.00000	0.11359	0.01475	0.29174	0.08723	0.04190	0.06184	0.05478	0.08890	0.16640	0.07888
1.00000	0.00189	0.01248	0.00527	0.00420	0.07331	0.02545	0.00129	0.09793	0.01164	0.76654
1.00000	0.00379	0.00111	0.94460	0.00614	0.00021	0.00103	0.01473	0.02552	0.00253	0.00035
1.00000	0.00641	0.00054	0.06252	0.00940	0.08338	0.00234	0.82294	0.00213	0.00787	0.00248
1.00000	0.00233	0.00084	0.00213	0.00122	0.15433	0.00750	0.00304	0.10583	0.00171	0.72107
1.00000	0.00329	0.00900	0.67857	0.04638	0.02591	0.03654	0.05886	0.10075	0.02590	0.01481
1.00000	0.97771	0.00002	0.00149	0.00254	0.00135	0.00581	0.00286	0.00044	0.00741	0.00037
1.00000	0.02407	0.16581	0.07485	0.00569	0.06134	0.15132	0.49836	0.00672	0.00729	0.00455
0.00000	0.04534	0.00130	0.05381	0.11818	0.01301	0.04378	0.00492	0.00505	0.63392	0.08068
1.00000	0.89710	0.00061	0.00229	0.01411	0.00133	0.05925	0.02149	0.00024	0.00295	0.00062
1.00000	0.30093	0.01146	0.08860	0.01686	0.01333	0.15705	0.40557	0.00105	0.00389	0.00125
0.00000	0.41909	0.00079	0.01886	0.00414	0.00980	0.44696	0.03516	0.04004	0.00189	0.02327
1.00000	0.03894	0.01790	0.01960	0.69993	0.00222	0.15668	0.03570	0.01179	0.01480	0.00245
1.00000	0.00094	0.01409	0.81842	0.01054	0.00114	0.03975	0.00674	0.07037	0.03400	0.00402
1.00000	0.01462	0.00026	0.00909	0.00090	0.01142	0.00146	0.94243	0.00169	0.01729	0.00084
1.00000	0.00795	0.09369	0.04621	0.01281	0.05946	0.12259	0.00451	0.16249	0.03969	0.45059
1.00000	0.00404	0.00355	0.00022	0.00100	0.00011	0.00141	0.00007	0.96980	0.00017	0.01964
1.00000	0.00212	0.00174	0.00150	0.00533	0.13069	0.02069	0.00116	0.04691	0.00782	0.78204
1.00000	0.71202	0.00533	0.00844	0.03160	0.00365	0.17362	0.00281	0.01894	0.01170	0.03189
1.00000	0.01394	0.00093	0.00184	0.01595	0.02382	0.05060	0.00088	0.13682	0.03889	0.71633
0.00000	0.24339	0.01985	0.04350	0.37337	0.00373	0.06472	0.04876	0.00360	0.19104	0.00804
1.00000	0.05959	0.00062	0.05620	0.02705	0.01684	0.02641	0.00178	0.01643	0.67863	0.11646
1.00000	0.00532	0.00399	0.09480	0.00045	0.19641	0.01535	0.63413	0.00837	0.00379	0.03740
1.00000	0.03455	0.00298	0.00513	0.01536	0.04418	0.01291	0.00219	0.79794	0.00668	0.07807
1.00000	0.14921	0.00212	0.00248	0.05271	0.01097	0.73459	0.00597	0.00097	0.03904	0.00194
1.00000	0.93530	0.00021	0.00666	0.00824	0.00124	0.02623	0.01474	0.00152	0.00402	0.00183
1.00000	0.00308	0.98099	0.00209	0.00050	0.00153	0.00746	0.00052	0.00285	0.00013	0.00084
0.00000	0.48280	0.00468	0.02421	0.10635	0.00410	0.32389	0.01120	0.00873	0.03097	0.00306
1.00000	0.05023	0.00103	0.75371	0.04330	0.07029	0.01158	0.03210	0.02223	0.00862	0.00691
1.00000	0.04288	0.00005	0.00006	0.00120	0.00056	0.94733	0.00010	0.00017	0.00744	0.00022
1.00000	0.02898	0.00733	0.04599	0.00583	0.56924	0.01736	0.02176	0.13411	0.01924	0.15015
1.00000	0.00426	0.02876	0.01777	0.00766	0.11446	0.00606	0.01781	0.78260	0.00190	0.01872
1.00000	0.02967	0.01587	0.46684	0.20905	0.00437	0.02301	0.02064	0.11492	0.10584	0.00979
1.00000	0.01822	0.00189	0.10169	0.11472	0.02683	0.02883	0.00472	0.00383	0.69296	0.00632
1.00000	0.00179	0.00022	0.00021	0.00016	0.00042	0.01092	0.98412	0.00021	0.00181	0.00013
1.00000	0.06553	0.00304	0.07342	0.00539	0.13540	0.00433	0.47098	0.01397	0.10912	0.11881
1.00000	0.00289	0.98300	0.00627	0.00054	0.00086	0.00036	0.00041	0.00381	0.00068	0.00119
0.00000	0.51557	0.00984	0.19318	0.04423	0.01136	0.05141	0.03034	0.03076	0.08755	0.02577
1.00000	0.00046	0.00069	0.00025	0.00031	0.00022	0.00018	0.00006	0.99431	0.00024	0.00329
1.00000	0.01314	0.01473	0.66119	0.00349	0.08592	0.02314	0.10564	0.04708	0.02060	0.02507
0.00000	0.11952	0.00758	0.22308	0.26189	0.00338	0.05247	0.03060	0.00149	0.29385	0.00614
1.00000	0.07718	0.00526	0.00744	0.09209	0.01866	0.62317	0.08777	0.01668	0.05200	0.01975
1.00000	0.00488	0.00026	0.00258	0.00085	0.00356	0.00425	0.00113	0.94978	0.01071	0.02201
1.00000	0.13589	0.00296	0.01185	0.03095	0.01529	0.11602	0.64252	0.01105	0.02008	0.01339
1.00000	0.88357	0.00025	0.05979	0.01786	0.00135	0.00464	0.02725	0.00016	0.00392	0.00121
1.00000	0.01159	0.00187	0.00537	0.65749	0.00848	0.20429	0.00550	0.00273	0.04263	0.06006
1.00000	0.00031	0.00015	0.00167	0.00036	0.81490	0.00343	0.00369	0.04210	0.00390	0.12948
1.00000	0.00536	0.00174	0.96524	0.00627	0.01248	0.00201	0.00391	0.00041	0.00220	0.00037
1.00000	0.12715	0.00101	0.02483	0.01226	0.52688	0.03536	0.03633	0.03336	0.10787	0.09496
1.00000	0.10236	0.00132	0.00438	0.10978	0.00279	0.71778	0.00399	0.02089	0.03267	0.00404
1.00000	0.02524	0.85131	0.01989	0.01592	0.00662	0.01138	0.03528	0.01102	0.01248	0.01086
1.00000	0.00162	0.03577	0.05807	0.01266	0.12895	0.02268	0.00531	0.57292	0.03064	0.13138
1.00000	0.01219	0.00563	0.22031	0.04361	0.08033	0.18515	0.01986	0.02342	0.39831	0.01120
1.00000	0.80713	0.00262	0.09072	0.02028	0.01256	0.00518	0.04161	0.00201	0.01573	0.00216
1.00000	0.00813	0.95359	0.00462	0.00517	0.00530	0.00132	0.00195	0.00491	0.00621	0.00880
1.00000	0.05706	0.00246	0.05562	0.01204	0.71160	0.00845	0.05614	0.04653	0.00614	0.04397
1.00000	0.00302	0.00380	0.00355	0.00515	0.64615	0.00985	0.02024	0.20242	0.00475	0.10106
1.00000	0.04782	0.00816	0.00075	0.00202	0.02091	0.83662	0.00072	0.00391	0.07588	0.00321
1.00000	0.02062	0.00563	0.00130	0.03956	0.04486	0.66212	0.00149	0.11619	0.08460	0.02362
1.00000	0.00040	0.00048	0.01233	0.00067	0.14869	0.00562	0.00053	0.00792	0.02086	0.80251
1.00000	0.80656	0.00286	0.05847	0.00562	0.01090	0.00796	0.05201	0.00924	0.02510	0.02129
1.00000	0.00057	0.00020	0.95412	0.00069	0.00260	0.00935	0.00175	0.00012	0.03041	0.00019
1.00000	0.02878	0.75053	0.01143	0.07266	0.02362	0.00535	0.00553	0.02120	0.05755	0.02335
1.00000	0.03296	0.00177	0.02909	0.00079	0.79898	0.00520	0.07677	0.04601	0.00267	0.00576
1.00000	0.85300	0.00239	0.04407	0.00956	0.00455	0.01395	0.02356	0.04436	0.00291	0.00166
1.00000	0.00226	0.00040	0.00170	0.00084	0.00126	0.00412	0.00031	0.97277	0.00182	0.01452
1.00000	0.00687	0.07028	0.16294	0.02901	0.10512	0.04790	0.15298	0.08717	0.28069	0.05705
1.00000	0.08127	0.00233	0.00344	0.18653	0.03759	0.40976	0.01925	0.02600	0.09349	0.14033
0.00000	0.07876	0.27456	0.01961	0.00975	0.04169	0.12278	0.00490	0.17979	0.07221	0.19594
1.00000	0.00143	0.01596	0.05517	0.00345	0.20271	0.06977	0.02220	0.00586	0.08475	0.53871
1.00000	0.15920	0.00254	0.00928	0.14045	0.00626	0.50094	0.00437	0.00758	0.13862	0.03077
1.00000	0.07421	0.03267	0.02105	0.15761	0.05716	0.30957	0.07729	0.01701	0.13634	0.11707
1.00000	0.00385	0.00118	0.00935	0.00101	0.87554	0.05328	0.00982	0.01579	0.00735	0.02283
1.00000	0.00328	0.01298	0.01222	0.02939	0.05606	0.00666	0.00219	0.76645	0.00065	0.11011
1.00000	0.02861	0.88444	0.01473	0.00738	0.00974	0.00097	0.00168	0.04255	0.00280	0.00711
1.00000	0.01178	0.00192	0.00172	0.00733	0.06124	0.04522	0.00077	0.84799	0.00777	0.01426
1.00000	0.00669	0.04906	0.00477	0.00087	0.00042	0.00247	0.00029	0.87591	0.00297	0.05655
1.00000	0.01604	0.07866	0.66908	0.08229	0.00226	0.05299	0.04379	0.02743	0.01871	0.00875
1.00000	0.00050	0.00041	0.99447	0.00146	0.00092	0.00057	0.00055	0.00076	0.00030	0.00007
1.00000	0.00724	0.97483	0.00436	0.00085	0.00269	0.00040	0.00076	0.00546	0.00038	0.00304
1.00000	0.01151	0.97637	0.00200	0.00065	0.00057	0.00038	0.00033	0.00690	0.00061	0.00069
1.00000	0.01421	0.00057	0.00061	0.00154	0.16766	0.04284	0.00070	0.00329	0.00776	0.76083
1.00000	0.00349	0.95809	0.01322	0.00296	0.00114	0.00257	0.00256	0.00756	0.00052	0.00789
1.00000	0.79733	0.00375	0.03558	0.00664	0.01275	0.02527	0.07759	0.00545	0.00355	0.03208
1.00000	0.00147	0.00014	0.00086	0.00160	0.00175	0.02876	0.00086	0.00038	0.95998	0.00419
1.00000	0.93443	0.00004	0.00282	0.00184	0.00464	0.03627	0.01391	0.00022	0.00151	0.00431
1.00000	0.00081	0.00147	0.00176	0.00026	0.95091	0.01407	0.01177	0.01567	0.00025	0.00303
1.00000	0.01531	0.07888	0.01355	0.00860	0.55110	0.05984	0.04767	0.02603	0.01643	0.18259
1.00000	0.16746	0.01987	0.59583	0.01603	0.06799	0.01276	0.08141	0.00094	0.02577	0.01195
1.00000	0.02006	0.00169	0.03367	0.76242	0.00595	0.04902	0.00566	0.01788	0.09820	0.00546
1.00000	0.00237	0.00930	0.00157	0.00132	0.00219	0.00867	0.00019	0.96802	0.00094	0.00542
1.00000	0.92147	0.00238	0.02515	0.00319	0.00111	0.01998	0.01778	0.00123	0.00159	0.00612
1.00000	0.00051	0.00012	0.00312	0.00010	0.00172	0.00415	0.98898	0.00020	0.00073	0.00035
1.00000	0.01413	0.00525	0.00315	0.00292	0.80177	0.02297	0.00238	0.02333	0.00610	0.11799
1.00000	0.01837	0.01373	0.00505	0.01741	0.00342	0.00500	0.00012	0.90467	0.00221	0.03001
1.00000	0.06061	0.06749	0.25144	0.11923	0.03568	0.02159	0.01770	0.03754	0.36158	0.02714
1.00000	0.03027	0.93790	0.00118	0.00182	0.00138	0.00224	0.00070	0.01802	0.00458	0.00191
1.00000	0.01229	0.21449	0.03098	0.31781	0.01005	0.08791	0.00643	0.01245	0.14454	0.16306
1.00000	0.00946	0.00567	0.02104	0.56282	0.00032	0.14814	0.00134	0.02774	0.19781	0.02567
1.00000	0.02233	0.03032	0.83539	0.04394	0.01676	0.00676	0.00910	0.00481	0.02696	0.00364
1.00000	0.00561	0.02468	0.82195	0.00221	0.00295	0.00805	0.12431	0.00162	0.00564	0.00297
1.00000	0.07409	0.01101	0.35334	0.20549	0.02095	0.05524	0.02710	0.01728	0.22979	0.00572
1.00000	0.90097	0.00012	0.01228	0.02442	0.00090	0.01657	0.02552	0.00020	0.01818	0.00084
1.00000	0.01093	0.00133	0.82291	0.00148	0.05367	0.00427	0.08125	0.00462	0.01482	0.00471
1.00000	0.01034	0.00401	0.01380	0.91944	0.00068	0.04200	0.00482	0.00134	0.00209	0.00148
1.00000	0.03462	0.01968	0.03274	0.08888	0.01021	0.24816	0.01447	0.00386	0.53463	0.01273
1.00000	0.08709	0.00520	0.01711	0.00540	0.01059	0.00795	0.85840	0.00695	0.00075	0.00055
1.00000	0.00054	0.00633	0.00270	0.00852	0.08173	0.05414	0.00070	0.04395	0.02035	0.78105
0.00000	0.04574	0.10087	0.01045	0.09657	0.02811	0.17418	0.00476	0.26680	0.06591	0.20661
1.00000	0.00475	0.02054	0.10107	0.01248	0.16386	0.03630	0.60611	0.03423	0.01350	0.00716
1.00000	0.01269	0.00321	0.01272	0.01471	0.00806	0.16696	0.00298	0.01147	0.72468	0.04252
1.00000	0.00789	0.00067	0.00271	0.01214	0.00442	0.94820	0.00132	0.00012	0.02233	0.00019
1.00000	0.02534	0.04132	0.19289	0.03554	0.23438	0.02017	0.21309	0.00300	0.19008	0.04420
1.00000	0.00382	0.00412	0.01149	0.00166	0.21433	0.01017	0.02344	0.01432	0.01046	0.70619
1.00000	0.00353	0.03204	0.00116	0.00625	0.00871	0.01681	0.00107	0.86750	0.00194	0.06099
1.00000	0.03720	0.23535	0.59352	0.05620	0.00081	0.04273	0.01526	0.00240	0.01493	0.00159
1.00000	0.00219	0.00103	0.00065	0.00018	0.00026	0.00020	0.00096	0.98145	0.00023	0.01285
1.00000	0.06089	0.00015	0.01869	0.03108	0.00332	0.00740	0.00377	0.01673	0.83971	0.01826
0.00000	0.01024	0.00365	0.00810	0.22480	0.01335	0.17238	0.00103	0.01018	0.42621	0.13005
1.00000	0.13822	0.00409	0.01094	0.02921	0.01276	0.70716	0.01528	0.00130	0.05351	0.02754
1.00000	0.58660	0.01096	0.05525	0.00966	0.03998	0.03930	0.20088	0.00647	0.03595	0.01495
1.00000	0.04691	0.16563	0.23969	0.04608	0.00565	0.01105	0.00420	0.38091	0.06860	0.03128
1.00000	0.00089	0.00355	0.01080	0.00194	0.81823	0.04635	0.00241	0.00516	0.00371	0.10695
1.00000	0.01820	0.00086	0.01082	0.00355	0.15939	0.00451	0.01017	0.03750	0.01908	0.73592
1.00000	0.02806	0.02472	0.10716	0.47736	0.00687	0.26120	0.03467	0.01832	0.03479	0.00686
1.00000	0.05325	0.00088	0.00200	0.08201	0.01028	0.78739	0.00074	0.00206	0.05863	0.00274
1.00000	0.01934	0.00503	0.02111	0.00742	0.77235	0.02953	0.00670	0.09003	0.00787	0.04061
1.00000	0.05726	0.02343	0.31294	0.35727	0.00582	0.09538	0.06686	0.00673	0.06794	0.00637
1.00000	0.95313	0.00013	0.00723	0.00555	0.00167	0.01303	0.01450	0.00097	0.00210	0.00169
1.00000	0.00599	0.00986	0.85547	0.09334	0.00253	0.00968	0.00427	0.00815	0.00710	0.00362
1.00000	0.10846	0.00620	0.21329	0.01577	0.21307	0.05536	0.06934	0.03332	0.01464	0.27054
1.00000	0.25096	0.00930	0.02383	0.47784	0.00594	0.15546	0.02002	0.02335	0.03008	0.00322
1.00000	0.00215	0.97647	0.01662	0.00044	0.00086	0.00038	0.00044	0.00157	0.00042	0.00065
1.00000	0.06013	0.00036	0.01853	0.00226	0.00232	0.20939	0.70107	0.00043	0.00405	0.00147
1.00000	0.00201	0.00056	0.00037	0.00162	0.08119	0.04256	0.00254	0.07302	0.00447	0.79165
1.00000	0.02144	0.87751	0.01020	0.00741	0.02873	0.00095	0.00652	0.01378	0.00517	0.02830
1.00000	0.02555	0.00070	0.00041	0.00596	0.03085	0.01037	0.00286	0.16693	0.01396	0.74241
1.00000	0.03285	0.01443	0.03037	0.79740	0.00303	0.07168	0.01525	0.00333	0.01964	0.01202
0.00000	0.65741	0.00380	0.18531	0.05006	0.00080	0.04095	0.05003	0.00511	0.00429	0.00223
1.00000	0.02208	0.00264	0.02588	0.00348	0.73012	0.02327	0.07416	0.01803	0.01784	0.08251
1.00000	0.01129	0.00165	0.00027	0.00182	0.65107	0.02098	0.00086	0.02788	0.00060	0.28359
1.00000	0.06000	0.01337	0.06306	0.76442	0.00032	0.06663	0.00253	0.01532	0.01145	0.00290
1.00000	0.83000	0.00052	0.01406	0.00435	0.00353	0.08934	0.01742	0.01098	0.01069	0.01910
1.00000	0.06605	0.01583	0.02356	0.01322	0.64525	0.05445	0.09086	0.02910	0.01165	0.05001
1.00000	0.05835	0.00016	0.00653	0.00275	0.72405	0.07469	0.05301	0.00635	0.00441	0.06970
1.00000	0.02943	0.87494	0.00723	0.00137	0.00254	0.02770	0.00118	0.04917	0.00154	0.00490
1.00000	0.08522	0.00292	0.01230	0.41564	0.02787	0.15129	0.02158	0.01537	0.19566	0.07215
1.00000	0.63475	0.00242	0.06059	0.01445	0.00721	0.06212	0.09787	0.06192	0.04556	0.01312
1.00000	0.00168	0.00235	0.00932	0.00187	0.06692	0.04508	0.00224	0.01378	0.01223	0.84453
1.00000	0.00137	0.00029	0.00167	0.00207	0.19096	0.01753	0.00064	0.02554	0.00935	0.75056
1.00000	0.02260	0.07869	0.07815	0.00396	0.02399	0.14945	0.62967	0.00077	0.00736	0.00534
1.00000	0.01073	0.00123	0.09064	0.05294	0.00230	0.05756	0.00959	0.00035	0.77347	0.00121
1.00000	0.00766	0.04690	0.64863	0.13970	0.01788	0.00973	0.00819	0.06712	0.03409	0.02010
0.00000	0.01648	0.02450	0.00438	0.13168	0.09200	0.32024	0.04610	0.04434	0.05154	0.26875
1.00000	0.01307	0.11352	0.01153	0.02354	0.11738	0.05228	0.00485	0.54787	0.01585	0.10010
1.00000	0.07761	0.01287	0.02057	0.06314	0.00483	0.76736	0.01204	0.00113	0.03900	0.00146
1.00000	0.01432	0.01057	0.20636	0.06169	0.08444	0.01220	0.04895	0.39694	0.05572	0.10881
1.00000	0.02612	0.08366	0.03317	0.01341	0.00830	0.06689	0.00325	0.00360	0.67884	0.08278
1.00000	0.05194	0.03452	0.00686	0.01339	0.11620	0.04977	0.00986	0.13556	0.11329	0.46860
1.00000	0.02420	0.00181	0.75893	0.01461	0.04619	0.03152	0.03228	0.00183	0.07157	0.01707
1.00000	0.07589	0.00583	0.00188	0.00150	0.03646	0.83727	0.02118	0.00184	0.00838	0.00976
1.00000	0.00605	0.00126	0.91395	0.01998	0.01847	0.00201	0.02037	0.00471	0.01078	0.00241
1.00000	0.14678	0.00359	0.04042	0.51670	0.00120	0.18556	0.00999	0.02496	0.05957	0.01122
1.00000	0.01589	0.00244	0.01121	0.00826	0.00168	0.13035	0.02194	0.04592	0.72129	0.04103
0.00000	0.07395	0.00264	0.29627	0.21627	0.02345	0.02558	0.00210	0.00062	0.32318	0.03594
1.00000	0.00612	0.00623	0.05127	0.71175	0.00044	0.07044	0.00775	0.05185	0.08663	0.00754
1.00000	0.00534	0.00052	0.00369	0.00630	0.16324	0.04907	0.00173	0.01936	0.04110	0.70966
1.00000	0.00010	0.00008	0.00431	0.00025	0.02739	0.00548	0.96099	0.00011	0.00103	0.00026
1.00000	0.00498	0.03706	0.00095	0.00457	0.00242	0.00122	0.00018	0.91629	0.00138	0.03095
1.00000	0.93836	0.00036	0.00096	0.00819	0.00251	0.02012	0.02840	0.00053	0.00042	0.00014
1.00000	0.91829	0.00107	0.00703	0.00840	0.00056	0.00851	0.04811	0.00105	0.00449	0.00250
1.00000	0.00331	0.00211	0.01820	0.00101	0.02777	0.88156	0.04078	0.00985	0.01056	0.00486
1.00000	0.01160	0.00702	0.81758	0.05649	0.00070	0.00513	0.08870	0.00143	0.01070	0.00065
1.00000	0.04122	0.00324	0.15522	0.73876	0.00119	0.00969	0.00051	0.02037	0.02902	0.00078
1.00000	0.01181	0.00576	0.69754	0.03313	0.01344	0.01219	0.04515	0.04328	0.09338	0.04431
1.00000	0.01927	0.00237	0.00093	0.00357	0.04091	0.85365	0.00131	0.00075	0.04727	0.02997
1.00000	0.00333	0.86986	0.00274	0.00678	0.03791	0.00871	0.00934	0.01637	0.01030	0.03468
1.00000	0.81133	0.00226	0.04186	0.00578	0.02917	0.00163	0.09103	0.00332	0.00373	0.00987
1.00000	0.04136	0.01306	0.25741	0.18143	0.00223	0.02699	0.00498	0.38801	0.07388	0.01066
1.00000	0.01555	0.00562	0.00986	0.01522	0.03987	0.01888	0.02759	0.00569	0.85748	0.00424
0.00000	0.00809	0.01517	0.01224	0.00237	0.29504	0.05260	0.01192	0.06034	0.01117	0.53106
1.00000	0.08612	0.00061	0.00291	0.00340	0.60539	0.02430	0.05513	0.01225	0.00787	0.20201
1.00000	0.01813	0.00597	0.60579	0.06501	0.01524	0.01262	0.00372	0.00875	0.26408	0.00068
1.00000	0.00166	0.05515	0.85862	0.00782	0.01011	0.02609	0.01494	0.00021	0.01645	0.00895
1.00000	0.02114	0.01478	0.03058	0.25410	0.01908	0.21388	0.01188	0.04413	0.33690	0.05352
