1.00000	0.00239	0.92648	0.01372	0.01434	0.00333	0.02567	0.00179	0.00664	0.00242	0.00321
1.00000	0.00073	0.00038	0.00058	0.00073	0.00125	0.00018	0.00006	0.98929	0.00074	0.00607
1.00000	0.87171	0.00036	0.01350	0.00987	0.00024	0.01837	0.07180	0.00791	0.00458	0.00165
1.00000	0.05665	0.07747	0.00315	0.01482	0.00669	0.74032	0.00582	0.00568	0.07597	0.01343
1.00000	0.00211	0.00563	0.01031	0.00185	0.81071	0.03482	0.00214	0.06306	0.00336	0.06601
1.00000	0.01332	0.09510	0.02632	0.00580	0.19422	0.01797	0.00123	0.45407	0.04629	0.14568
1.00000	0.02290	0.01385	0.00301	0.00503	0.00015	0.93780	0.00379	0.00080	0.00554	0.00712
1.00000	0.27328	0.00324	0.39724	0.01727	0.06940	0.02862	0.19123	0.00144	0.01466	0.00362
0.00000	0.00642	0.01759	0.02659	0.03158	0.09560	0.02940	0.00919	0.17525	0.08000	0.52837
1.00000	0.07047	0.03872	0.03329	0.01412	0.24912	0.09970	0.02403	0.04792	0.08440	0.33824
1.00000	0.00256	0.88498	0.01468	0.03374	0.00292	0.00554	0.00085	0.01518	0.01793	0.02163
1.00000	0.03111	0.00090	0.94743	0.00080	0.00615	0.00149	0.00965	0.00020	0.00205	0.00021
1.00000	0.00159	0.02503	0.00616	0.00202	0.69637	0.02148	0.00117	0.00921	0.02426	0.21272
1.00000	0.00359	0.91732	0.00360	0.01618	0.00087	0.00815	0.00134	0.00809	0.02460	0.01626
1.00000	0.01239	0.79975	0.03428	0.03249	0.00284	0.00960	0.00069	0.04445	0.05823	0.00529
1.00000	0.02143	0.02586	0.07772	0.28285	0.12213	0.09273	0.06351	0.06373	0.10276	0.14729
1.00000	0.00098	0.95843	0.00643	0.01230	0.00084	0.00571	0.00071	0.00830	0.00360	0.00270
1.00000	0.05420	0.00327	0.01474	0.00713	0.00237	0.09395	0.77105	0.00028	0.04673	0.00628
1.00000	0.00046	0.00491	0.00162	0.00104	0.92038	0.00400	0.00021	0.00662	0.00589	0.05486
1.00000	0.00763	0.00477	0.00893	0.01827	0.18547	0.00437	0.00329	0.03032	0.09646	0.64050
1.00000	0.01468	0.00188	0.01776	0.85473	0.00119	0.02884	0.00418	0.00161	0.07030	0.00482
1.00000	0.00276	0.00130	0.00946	0.00820	0.72324	0.00646	0.00333	0.01320	0.10339	0.12867
1.00000	0.00251	0.00030	0.00051	0.00020	0.04969	0.00485	0.00057	0.01402	0.04832	0.87903
1.00000	0.14930	0.00542	0.01808	0.33766	0.00123	0.00244	0.01108	0.00266	0.43505	0.03709
1.00000	0.00361	0.00363	0.00231	0.00271	0.05708	0.00643	0.00267	0.02393	0.21580	0.68184
1.00000	0.60347	0.01291	0.10319	0.05921	0.00239	0.09643	0.07070	0.01615	0.02555	0.00999
1.00000	0.00304	0.00192	0.00767	0.00701	0.00520	0.00143	0.00010	0.88471	0.03319	0.05572
1.00000	0.10835	0.02040	0.05458	0.00674	0.00148	0.00781	0.76053	0.00082	0.03433	0.00495
1.00000	0.02622	0.02007	0.07815	0.00620	0.07224	0.17324	0.03732	0.00455	0.56568	0.01632
1.00000	0.00387	0.00022	0.00372	0.00019	0.00054	0.00082	0.98828	0.00031	0.00176	0.00028
1.00000	0.01548	0.59618	0.04732	0.01066	0.05530	0.00133	0.02104	0.01656	0.22657	0.00956
1.00000	0.10173	0.01091	0.00938	0.81103	0.00057	0.04034	0.00149	0.00120	0.02259	0.00076
1.00000	0.00912	0.90381	0.01254	0.00147	0.00049	0.00243	0.00666	0.00063	0.04864	0.01422
1.00000	0.05651	0.01372	0.04272	0.01014	0.55577	0.02655	0.04792	0.03112	0.12496	0.09059
1.00000	0.00139	0.00062	0.03285	0.00050	0.00313	0.00318	0.94745	0.00291	0.00437	0.00361
1.00000	0.00698	0.12053	0.63933	0.04199	0.00807	0.01214	0.12208	0.00175	0.02563	0.02150
1.00000	0.00507	0.02086	0.01366	0.01213	0.12579	0.20498	0.01546	0.01647	0.54574	0.03985
1.00000	0.90104	0.00192	0.02242	0.01301	0.00333	0.00348	0.02322	0.01811	0.00136	0.01210
1.00000	0.00323	0.11472	0.02055	0.01041	0.56409	0.03999	0.00640	0.05312	0.00508	0.18242
1.00000	0.03011	0.01569	0.42742	0.12354	0.00380	0.03458	0.00895	0.03776	0.27918	0.03898
1.00000	0.17775	0.00395	0.04743	0.41566	0.00146	0.20744	0.00697	0.00141	0.13661	0.00133
1.00000	0.00464	0.01202	0.92222	0.01230	0.02158	0.00094	0.00222	0.00439	0.01785	0.00183
1.00000	0.99600	0.00016	0.00013	0.00043	0.00005	0.00123	0.00170	0.00021	0.00006	0.00004
1.00000	0.01063	0.00866	0.06124	0.00670	0.25552	0.00625	0.02521	0.02204	0.05523	0.54851
1.00000	0.09499	0.00815	0.62054	0.10460	0.00441	0.06306	0.00838	0.00126	0.09231	0.00231
1.00000	0.00215	0.95817	0.00447	0.00934	0.00382	0.00882	0.00081	0.00374	0.00378	0.00491
1.00000	0.00485	0.01287	0.12355	0.66032	0.00770	0.05464	0.00753	0.00700	0.12017	0.00137
1.00000	0.00409	0.01725	0.03061	0.77625	0.00758	0.02090	0.00212	0.04266	0.09275	0.00580
0.00000	0.00981	0.00829	0.00836	0.32624	0.00073	0.03511	0.00046	0.00215	0.59511	0.01375
1.00000	0.05676	0.00210	0.05334	0.18738	0.01149	0.57355	0.02264	0.00490	0.05286	0.03497
1.00000	0.02369	0.03780	0.05570	0.01440	0.28106	0.03283	0.06954	0.02517	0.27027	0.18953
1.00000	0.06978	0.00335	0.01439	0.01055	0.00405	0.05420	0.82251	0.00042	0.01784	0.00289
1.00000	0.00948	0.10739	0.04995	0.09192	0.00168	0.01119	0.00059	0.60086	0.03326	0.09369
1.00000	0.02489	0.00538	0.01215	0.02862	0.02276	0.02189	0.00120	0.79105	0.00401	0.08805
1.00000	0.10196	0.01812	0.00369	0.12548	0.00316	0.69403	0.00551	0.00680	0.03622	0.00504
1.00000	0.00690	0.07344	0.07409	0.01363	0.13204	0.00993	0.00582	0.06038	0.07544	0.54833
1.00000	0.00091	0.01315	0.06191	0.00174	0.83773	0.00469	0.00974	0.00274	0.02541	0.04199
1.00000	0.00831	0.01135	0.03374	0.00835	0.77149	0.00752	0.00319	0.04506	0.01331	0.09767
1.00000	0.77871	0.01163	0.05403	0.03528	0.00131	0.01135	0.05292	0.01077	0.00790	0.03611
1.00000	0.06238	0.00340	0.00514	0.07897	0.02452	0.06146	0.01186	0.01315	0.66086	0.07825
1.00000	0.02245	0.01965	0.00500	0.04021	0.06848	0.63462	0.04993	0.01597	0.03686	0.10682
1.00000	0.63254	0.03057	0.02507	0.07166	0.01182	0.05805	0.03767	0.04199	0.05094	0.03969
1.00000	0.04638	0.00345	0.00253	0.01127	0.52478	0.11077	0.05411	0.02008	0.05049	0.17615
1.00000	0.00171	0.00344	0.00666	0.00738	0.11477	0.02731	0.00084	0.04873	0.03684	0.75233
1.00000	0.01089	0.00482	0.00364	0.01963	0.00206	0.00077	0.00027	0.94887	0.00697	0.00209
1.00000	0.00215	0.00820	0.00091	0.00148	0.04928	0.01035	0.00160	0.86602	0.00122	0.05879
1.00000	0.10608	0.01653	0.09287	0.03563	0.02743	0.01336	0.03741	0.06936	0.02365	0.57768
1.00000	0.00291	0.00223	0.00603	0.03286	0.00493	0.00173	0.00037	0.84132	0.09597	0.01165
1.00000	0.00097	0.00656	0.00338	0.01912	0.09003	0.00661	0.00741	0.11944	0.01056	0.73591
1.00000	0.06179	0.01420	0.10640	0.02062	0.05665	0.01412	0.63442	0.03145	0.04287	0.01746
1.00000	0.81429	0.00217	0.02745	0.02573	0.00110	0.05071	0.05505	0.01027	0.01220	0.00103
1.00000	0.09705	0.01621	0.00168	0.21841	0.00572	0.51712	0.08161	0.02020	0.03042	0.01157
1.00000	0.00825	0.05270	0.00134	0.00768	0.00181	0.85684	0.00097	0.01604	0.04410	0.01026
1.00000	0.01346	0.00305	0.07872	0.01872	0.01746	0.00518	0.76127	0.03505	0.01094	0.05617
1.00000	0.01484	0.01073	0.09271	0.00125	0.02758	0.13123	0.60367	0.00186	0.09175	0.02438
1.00000	0.01404	0.11733	0.05794	0.00159	0.07797	0.62564	0.00885	0.02926	0.04891	0.01848
1.00000	0.00660	0.00773	0.01877	0.06450	0.01668	0.00554	0.00267	0.34986	0.25654	0.27111
1.00000	0.54739	0.03310	0.06218	0.09738	0.00835	0.05222	0.00590	0.15199	0.01757	0.02391
1.00000	0.00117	0.00014	0.00020	0.00035	0.00066	0.00016	0.00003	0.99263	0.00043	0.00423
1.00000	0.01592	0.03433	0.00834	0.01911	0.01425	0.74971	0.00263	0.09400	0.04159	0.02012
1.00000	0.00264	0.00836	0.00187	0.01979	0.16385	0.01178	0.00090	0.06139	0.02972	0.69970
1.00000	0.00377	0.02732	0.02632	0.02227	0.48492	0.02869	0.17241	0.01970	0.08637	0.12823
1.00000	0.00802	0.00848	0.02261	0.00812	0.84358	0.01216	0.00272	0.07115	0.00129	0.02188
1.00000	0.01171	0.00243	0.02261	0.00156	0.19179	0.00257	0.00235	0.01600	0.04178	0.70719
1.00000	0.00406	0.00122	0.97335	0.00778	0.00120	0.00109	0.00219	0.00128	0.00587	0.00196
1.00000	0.93630	0.00057	0.00252	0.02612	0.00026	0.01705	0.00601	0.00428	0.00344	0.00345
1.00000	0.07001	0.01828	0.58500	0.03917	0.02651	0.03335	0.08163	0.00344	0.10489	0.03770
1.00000	0.00483	0.00703	0.00177	0.00079	0.11744	0.00981	0.00050	0.44873	0.00273	0.40638
1.00000	0.00349	0.94822	0.00300	0.00136	0.00085	0.01394	0.00265	0.01003	0.00542	0.01104
1.00000	0.03676	0.17082	0.01484	0.50340	0.00179	0.14962	0.02270	0.00130	0.08246	0.01631
1.00000	0.01921	0.00437	0.88747	0.00803	0.03650	0.00271	0.00430	0.00572	0.02385	0.00785
1.00000	0.89590	0.00150	0.00802	0.00711	0.00689	0.02003	0.02863	0.01443	0.00185	0.01564
1.00000	0.09367	0.00210	0.07699	0.00160	0.00147	0.04264	0.77822	0.00024	0.00236	0.00072
1.00000	0.00477	0.89854	0.03368	0.00171	0.00066	0.00095	0.00111	0.00113	0.05141	0.00604
1.00000	0.01242	0.00166	0.00183	0.00764	0.00245	0.00076	0.00021	0.95523	0.00618	0.01161
1.00000	0.03295	0.00249	0.00811	0.00305	0.05736	0.02446	0.00280	0.69283	0.05495	0.12101
0.00000	0.20257	0.00554	0.02833	0.01931	0.25775	0.09211	0.00802	0.18271	0.02282	0.18083
0.00000	0.00298	0.00078	0.00313	0.01507	0.06936	0.00614	0.00312	0.04451	0.22579	0.62911
1.00000	0.01622	0.00117	0.04187	0.00219	0.71197	0.01896	0.04617	0.04863	0.03130	0.08152
1.00000	0.00040	0.00013	0.00043	0.00063	0.00020	0.00031	0.00013	0.98288	0.00134	0.01354
1.00000	0.00907	0.13934	0.06649	0.01238	0.03979	0.05411	0.01358	0.41895	0.17608	0.07021
1.00000	0.03024	0.00169	0.07628	0.00209	0.27995	0.00784	0.56092	0.01000	0.00437	0.02663
1.00000	0.00152	0.00032	0.00345	0.01362	0.00002	0.00021	0.00002	0.00027	0.97780	0.00276
0.00000	0.06212	0.03282	0.06405	0.02613	0.47741	0.01325	0.08857	0.13063	0.00919	0.09583
1.00000	0.23995	0.04229	0.31041	0.06155	0.00317	0.03810	0.04109	0.00045	0.26043	0.00256
1.00000	0.04327	0.00473	0.00721	0.00622	0.00798	0.72882	0.00382	0.00135	0.19163	0.00496
1.00000	0.09623	0.01437	0.04673	0.00781	0.55848	0.03364	0.09329	0.02521	0.02109	0.10316
1.00000	0.06554	0.00711	0.01306	0.82374	0.00315	0.02863	0.03049	0.00619	0.02146	0.00063
1.00000	0.00659	0.00128	0.00161	0.00103	0.64918	0.02851	0.01006	0.00831	0.02009	0.27335
1.00000	0.00235	0.00003	0.00011	0.00103	0.00010	0.00018	0.00002	0.99367	0.00089	0.00163
0.00000	0.22253	0.03157	0.14011	0.14852	0.02987	0.11268	0.07158	0.06206	0.03456	0.14652
1.00000	0.00348	0.00026	0.01802	0.04440	0.00035	0.00278	0.01064	0.00278	0.91201	0.00528
1.00000	0.00459	0.00080	0.00116	0.00336	0.00362	0.00099	0.01948	0.02912	0.93423	0.00265
1.00000	0.00101	0.15792	0.00923	0.00401	0.00622	0.00832	0.00080	0.76108	0.01011	0.04130
1.00000	0.01382	0.80135	0.01224	0.02912	0.00254	0.04594	0.00124	0.04493	0.01963	0.02920
1.00000	0.16643	0.00274	0.04964	0.53014	0.00010	0.19092	0.00200	0.00341	0.05166	0.00295
1.00000	0.02221	0.00148	0.01323	0.00032	0.00570	0.02402	0.92492	0.00036	0.00424	0.00351
1.00000	0.00320	0.00024	0.00087	0.01082	0.14060	0.00545	0.00234	0.01784	0.04964	0.76898
1.00000	0.00093	0.86642	0.01273	0.01343	0.00563	0.00358	0.00193	0.00548	0.04042	0.04944
1.00000	0.00180	0.02188	0.00343	0.00565	0.00995	0.00194	0.00060	0.89469	0.00339	0.05666
1.00000	0.00560	0.00278	0.01891	0.00925	0.69686	0.00413	0.08541	0.03662	0.06712	0.07333
0.00000	0.08724	0.06014	0.10990	0.05459	0.33055	0.04119	0.17168	0.10238	0.02947	0.01286
1.00000	0.06274	0.01637	0.25702	0.49315	0.00229	0.02693	0.05082	0.02450	0.06078	0.00539
1.00000	0.86902	0.00908	0.01516	0.01231	0.00773	0.01481	0.05508	0.01099	0.00269	0.00314
1.00000	0.05918	0.10107	0.00708	0.03549	0.02224	0.42968	0.01899	0.11135	0.11995	0.09496
1.00000	0.03294	0.00213	0.07113	0.75145	0.00013	0.10648	0.00265	0.00157	0.02834	0.00317
1.00000	0.05958	0.00258	0.59435	0.02248	0.12595	0.02329	0.09983	0.02499	0.03324	0.01370
1.00000	0.00320	0.00449	0.14533	0.70029	0.00193	0.02322	0.00324	0.00656	0.10948	0.00225
1.00000	0.11853	0.00323	0.00311	0.22871	0.00104	0.60024	0.00816	0.00485	0.02791	0.00422
1.00000	0.01525	0.00096	0.00373	0.04648	0.00485	0.76825	0.00129	0.00154	0.15659	0.00106
1.00000	0.00021	0.00033	0.00025	0.00067	0.03530	0.00075	0.00017	0.01206	0.03415	0.91611
0.00000	0.07979	0.01138	0.08499	0.27158	0.01402	0.15079	0.05731	0.03123	0.19351	0.10539
1.00000	0.00146	0.00021	0.00398	0.00564	0.01036	0.01815	0.95209	0.00042	0.00555	0.00214
1.00000	0.00070	0.00025	0.00048	0.00309	0.89322	0.00736	0.00501	0.00946	0.00781	0.07262
1.00000	0.90475	0.00079	0.01276	0.03352	0.00048	0.02467	0.01563	0.00145	0.00530	0.00066
1.00000	0.00458	0.01732	0.00871	0.02256	0.03002	0.03140	0.00673	0.03769	0.71548	0.12551
1.00000	0.99058	0.00014	0.00023	0.00057	0.00009	0.00320	0.00447	0.00039	0.00019	0.00016
1.00000	0.01416	0.01983	0.00898	0.09024	0.02761	0.00418	0.00783	0.77137	0.00824	0.04757
0.00000	0.42916	0.00542	0.26868	0.08982	0.00763	0.08921	0.02144	0.01448	0.07154	0.00262
1.00000	0.01862	0.01420	0.02930	0.00775	0.01861	0.01600	0.01444	0.30579	0.46710	0.10819
1.00000	0.04258	0.00940	0.04848	0.12157	0.00227	0.07386	0.05475	0.00582	0.63845	0.00282
1.00000	0.20810	0.00976	0.04738	0.11534	0.00804	0.18798	0.01605	0.00050	0.39714	0.00971
1.00000	0.00093	0.00025	0.00047	0.00080	0.00042	0.00023	0.00007	0.99398	0.00103	0.00183
1.00000	0.01956	0.07502	0.39780	0.18190	0.00036	0.01054	0.00371	0.01785	0.28137	0.01189
1.00000	0.00429	0.00078	0.03392	0.00564	0.00521	0.03704	0.89469	0.00486	0.01181	0.00176
1.00000	0.89123	0.00372	0.00266	0.00880	0.00322	0.02732	0.03608	0.00999	0.01628	0.00070
1.00000	0.04809	0.05488	0.00445	0.01598	0.02268	0.66203	0.03939	0.00241	0.12100	0.02908
1.00000	0.04900	0.01369	0.01425	0.31803	0.00095	0.46419	0.02796	0.01219	0.09647	0.00326
1.00000	0.02576	0.00746	0.79986	0.01474	0.01103	0.00872	0.01031	0.00510	0.11553	0.00149
1.00000	0.01506	0.01404	0.01684	0.00756	0.01253	0.89636	0.01560	0.00134	0.01946	0.00121
1.00000	0.00895	0.59600	0.03046	0.12333	0.01657	0.01329	0.01029	0.00556	0.05642	0.13912
1.00000	0.00900	0.00096	0.01278	0.88837	0.00044	0.02262	0.00307	0.00094	0.06163	0.00021
1.00000	0.02952	0.01752	0.04960	0.01007	0.04972	0.01370	0.79924	0.01753	0.00995	0.00315
1.00000	0.09283	0.00682	0.06904	0.01476	0.58737	0.05917	0.09502	0.01951	0.02648	0.02899
1.00000	0.00213	0.06585	0.05113	0.03406	0.01167	0.00563	0.00150	0.64152	0.05280	0.13372
1.00000	0.03442	0.00275	0.01177	0.00061	0.84491	0.00262	0.00229	0.00337	0.00521	0.09207
1.00000	0.94736	0.00275	0.01817	0.00767	0.00017	0.01404	0.00186	0.00068	0.00169	0.00560
0.00000	0.03491	0.12387	0.28241	0.10540	0.00209	0.00490	0.00085	0.00110	0.44069	0.00378
1.00000	0.35208	0.00918	0.22032	0.03128	0.02850	0.00884	0.11921	0.12415	0.01154	0.09490
0.00000	0.09061	0.00620	0.27092	0.34748	0.00458	0.00800	0.03326	0.10784	0.09773	0.03338
1.00000	0.01579	0.01033	0.00152	0.01774	0.12152	0.03185	0.00757	0.02379	0.04624	0.72364
1.00000	0.01740	0.03816	0.80034	0.05604	0.00656	0.00298	0.01291	0.02112	0.04317	0.00133
1.00000	0.03748	0.00408	0.00175	0.03073	0.00438	0.84492	0.00582	0.00904	0.05235	0.00945
0.00000	0.39770	0.00546	0.34432	0.00699	0.00385	0.02503	0.15176	0.02258	0.03170	0.01062
0.00000	0.00957	0.00850	0.02061	0.00459	0.46556	0.09160	0.16006	0.00788	0.16280	0.06883
1.00000	0.00132	0.00293	0.00807	0.05552	0.06758	0.01491	0.03902	0.01528	0.26099	0.53439
1.00000	0.00196	0.00186	0.00145	0.00311	0.06523	0.01908	0.00055	0.05119	0.00813	0.84745
1.00000	0.06155	0.00367	0.06510	0.00676	0.02327	0.01406	0.76823	0.01704	0.00855	0.03179
1.00000	0.00978	0.00666	0.07258	0.08575	0.00330	0.01432	0.00373	0.00728	0.76382	0.03280
1.00000	0.28499	0.00204	0.59428	0.01996	0.04084	0.00207	0.01544	0.00295	0.03504	0.00241
1.00000	0.60412	0.00155	0.06904	0.06866	0.00203	0.04768	0.13933	0.04028	0.02242	0.00490
1.00000	0.00708	0.02048	0.01053	0.04259	0.00059	0.00373	0.00188	0.01522	0.88268	0.01522
1.00000	0.02543	0.01967	0.00140	0.00334	0.00077	0.85621	0.04963	0.00023	0.04238	0.00093
1.00000	0.01107	0.01006	0.00156	0.00579	0.70507	0.00429	0.00604	0.01935	0.02179	0.21499
1.00000	0.03694	0.00057	0.02581	0.00029	0.00728	0.00926	0.91782	0.00016	0.00133	0.00055
1.00000	0.01706	0.00431	0.03739	0.03137	0.56272	0.00896	0.01905	0.01524	0.09317	0.21073
1.00000	0.02042	0.00094	0.00142	0.00535	0.00011	0.00103	0.00020	0.96257	0.00180	0.00617
1.00000	0.05833	0.01712	0.03623	0.62169	0.00277	0.07804	0.00138	0.06682	0.08564	0.03200
1.00000	0.00067	0.00111	0.00120	0.01756	0.00244	0.00451	0.00061	0.00042	0.96973	0.00174
0.00000	0.00645	0.00524	0.19619	0.06847	0.00216	0.00732	0.00560	0.06411	0.62732	0.01715
1.00000	0.31207	0.03846	0.05560	0.01991	0.07987	0.05362	0.14398	0.20860	0.00579	0.08211
1.00000	0.01071	0.01067	0.05274	0.49624	0.02970	0.09228	0.02669	0.01239	0.23244	0.03613
1.00000	0.01971	0.01598	0.00437	0.00271	0.02018	0.04783	0.83267	0.00129	0.05489	0.00038
1.00000	0.00196	0.96858	0.01246	0.00128	0.00131	0.00103	0.00134	0.00182	0.00904	0.00119
1.00000	0.03246	0.00535	0.03031	0.71957	0.00047	0.08649	0.00264	0.00480	0.11684	0.00107
1.00000	0.20109	0.00930	0.02570	0.26156	0.00310	0.02821	0.00397	0.00090	0.45946	0.00671
1.00000	0.00836	0.00739	0.03236	0.09399	0.00886	0.01819	0.01114	0.00724	0.74868	0.06379
1.00000	0.03887	0.00438	0.00187	0.00181	0.00396	0.89603	0.01632	0.00023	0.02323	0.01329
0.00000	0.28362	0.01815	0.10005	0.17216	0.01379	0.05282	0.01429	0.06317	0.21592	0.06603
1.00000	0.13675	0.00737	0.03237	0.63746	0.00112	0.02250	0.00870	0.00148	0.11470	0.03757
0.00000	0.46121	0.02615	0.09725	0.31140	0.00064	0.01651	0.01908	0.00649	0.05997	0.00130
1.00000	0.00568	0.00095	0.00422	0.02630	0.67415	0.00652	0.05196	0.03260	0.06606	0.13156
1.00000	0.03521	0.01914	0.16034	0.45809	0.00082	0.00672	0.00455	0.00536	0.30049	0.00928
0.00000	0.05444	0.01837	0.48650	0.10802	0.08026	0.03097	0.03114	0.07649	0.07924	0.03456
1.00000	0.04266	0.01815	0.03616	0.23710	0.00422	0.08862	0.03995	0.04166	0.39730	0.09419
1.00000	0.00969	0.00852	0.07362	0.17744	0.01142	0.03340	0.01931	0.02356	0.59480	0.04824
1.00000	0.99010	0.00003	0.00012	0.00052	0.00008	0.00376	0.00345	0.00046	0.00106	0.00041
1.00000	0.00464	0.00035	0.00051	0.01045	0.00051	0.97297	0.00089	0.00079	0.00687	0.00203
1.00000	0.04415	0.00559	0.07827	0.84822	0.00051	0.00368	0.00173	0.00608	0.01065	0.00111
1.00000	0.03354	0.00358	0.02619	0.00520	0.58582	0.05635	0.06691	0.05365	0.05198	0.11678
1.00000	0.00627	0.12799	0.05385	0.00290	0.53582	0.12179	0.00840	0.06650	0.02136	0.05513
1.00000	0.00086	0.00037	0.00110	0.01952	0.01140	0.00112	0.00087	0.04348	0.07378	0.84751
1.00000	0.01318	0.01248	0.00124	0.00944	0.06109	0.21043	0.01668	0.22416	0.04126	0.41005
1.00000	0.04380	0.01171	0.23361	0.61186	0.00359	0.01701	0.00736	0.01510	0.05504	0.00093
1.00000	0.00635	0.00575	0.01170	0.08040	0.04641	0.00474	0.01076	0.07927	0.12545	0.62917
1.00000	0.02355	0.01863	0.00158	0.00234	0.03475	0.09946	0.00215	0.00694	0.67910	0.13150
1.00000	0.00060	0.00041	0.00296	0.00077	0.06989	0.00509	0.00094	0.01413	0.04766	0.85755
1.00000	0.00954	0.00224	0.00329	0.06084	0.00393	0.02295	0.01136	0.00305	0.79520	0.08760
1.00000	0.97939	0.00067	0.00128	0.00203	0.00091	0.00378	0.00763	0.00065	0.00098	0.00269
1.00000	0.01260	0.80941	0.07024	0.00245	0.00208	0.00287	0.00159	0.00164	0.08570	0.01141
0.00000	0.01189	0.00200	0.00066	0.41644	0.00345	0.01482	0.00030	0.00171	0.52576	0.02296
1.00000	0.97278	0.00018	0.00188	0.00280	0.00014	0.01792	0.00088	0.00062	0.00267	0.00013
1.00000	0.06456	0.00855	0.53623	0.02680	0.18252	0.01510	0.04763	0.02448	0.01291	0.08123
1.00000	0.00394	0.00358	0.00303	0.04223	0.02263	0.01150	0.00211	0.06565	0.19455	0.65079
1.00000	0.00029	0.00105	0.00042	0.00103	0.00943	0.00030	0.00002	0.93211	0.00057	0.05478
1.00000	0.03176	0.05813	0.02503	0.00220	0.00205	0.04283	0.07535	0.00062	0.75314	0.00889
1.00000	0.10180	0.00287	0.03576	0.00815	0.01257	0.04630	0.00739	0.70590	0.04104	0.03822
1.00000	0.97233	0.00010	0.00128	0.00557	0.00007	0.00597	0.00809	0.00451	0.00176	0.00033
1.00000	0.00446	0.02766	0.00461	0.03924	0.04158	0.00709	0.00331	0.09622	0.06108	0.71475
1.00000	0.07649	0.00797	0.18429	0.01246	0.01997	0.01107	0.67226	0.00349	0.00877	0.00322
1.00000	0.00138	0.08654	0.01203	0.01230	0.00057	0.01040	0.00129	0.76018	0.00845	0.10686
1.00000	0.00678	0.00052	0.00850	0.00215	0.80878	0.02725	0.01484	0.04134	0.01516	0.07468
1.00000	0.02655	0.00122	0.00441	0.00350	0.00342	0.01144	0.00018	0.80152	0.00286	0.14489
1.00000	0.04511	0.56611	0.13167	0.01531	0.02283	0.00113	0.00206	0.00864	0.19192	0.01521
1.00000	0.00256	0.00120	0.00059	0.00981	0.06479	0.01841	0.00030	0.01916	0.15464	0.72855
1.00000	0.06253	0.02673	0.51207	0.22029	0.00297	0.00675	0.02290	0.12430	0.01709	0.00436
0.00000	0.35754	0.00439	0.30953	0.09322	0.01121	0.06445	0.02031	0.01799	0.04354	0.07782
1.00000	0.00482	0.00214	0.74658	0.17522	0.00082	0.00151	0.02291	0.00070	0.04505	0.00024
1.00000	0.00400	0.91144	0.00463	0.03709	0.00613	0.00678	0.00298	0.00261	0.00857	0.01576
1.00000	0.00044	0.00291	0.03094	0.00424	0.00915	0.00186	0.00041	0.00009	0.94623	0.00373
1.00000	0.00686	0.00479	0.02307	0.85207	0.00087	0.00312	0.00010	0.00141	0.10375	0.00396
1.00000	0.04188	0.00080	0.01232	0.87887	0.00061	0.02181	0.00085	0.00267	0.03946	0.00071
1.00000	0.00399	0.00211	0.04149	0.84746	0.00030	0.00685	0.00027	0.00117	0.09598	0.00040
1.00000	0.01533	0.00020	0.00076	0.02130	0.00373	0.00109	0.00015	0.92306	0.01353	0.02084
1.00000	0.61132	0.00952	0.07656	0.11986	0.00139	0.03544	0.07135	0.05175	0.00942	0.01339
1.00000	0.25102	0.01882	0.01311	0.00802	0.06815	0.02869	0.12623	0.01273	0.16053	0.31270
1.00000	0.40769	0.00664	0.06248	0.00564	0.05981	0.08017	0.17660	0.14264	0.00385	0.05447
1.00000	0.02087	0.00789	0.00349	0.48415	0.00517	0.08815	0.01161	0.00612	0.31291	0.05964
1.00000	0.00074	0.92441	0.00244	0.02566	0.00017	0.00378	0.00121	0.00229	0.01432	0.02498
1.00000	0.04498	0.01294	0.00362	0.64798	0.00135	0.18619	0.00779	0.00809	0.08446	0.00261
1.00000	0.01852	0.01912	0.00994	0.01717	0.06911	0.02419	0.07418	0.73538	0.00728	0.02512
1.00000	0.09520	0.00078	0.00179	0.01935	0.00176	0.82018	0.00896	0.00123	0.01301	0.03774
0.00000	0.12846	0.52863	0.01858	0.01170	0.00193	0.20390	0.04657	0.00416	0.05433	0.00176
1.00000	0.01297	0.03946	0.00996	0.01807	0.00380	0.01755	0.01455	0.01799	0.77444	0.09122
1.00000	0.00994	0.03188	0.01026	0.03547	0.00975	0.00267	0.00841	0.62944	0.00595	0.25625
1.00000	0.00841	0.00071	0.00318	0.06651	0.00219	0.01074	0.00295	0.00777	0.75844	0.13909
1.00000	0.00213	0.09026	0.00367	0.00203	0.62250	0.01563	0.00339	0.01562	0.06178	0.18299
1.00000	0.03946	0.02352	0.00570	0.09611	0.00089	0.76013	0.01339	0.00355	0.05533	0.00192
1.00000	0.01089	0.00233	0.01003	0.00452	0.83474	0.02257	0.03147	0.00697	0.02173	0.05475
1.00000	0.04386	0.02285	0.74915	0.00567	0.10023	0.00636	0.03337	0.00179	0.03038	0.00634
1.00000	0.00563	0.12273	0.02987	0.01931	0.03988	0.00775	0.00277	0.02728	0.19705	0.54772
1.00000	0.00397	0.95416	0.00073	0.00192	0.00031	0.00662	0.00065	0.01418	0.00964	0.00780
1.00000	0.00130	0.01563	0.02159	0.00192	0.70565	0.03322	0.00414	0.00938	0.00602	0.20116
1.00000	0.04004	0.02741	0.03165	0.10075	0.00099	0.00801	0.00235	0.00320	0.76526	0.02035
1.00000	0.00137	0.00060	0.00061	0.00146	0.06565	0.00295	0.00097	0.01991	0.04713	0.85935
1.00000	0.05090	0.02340	0.00656	0.16716	0.00287	0.41605	0.00143	0.03971	0.27836	0.01357
0.00000	0.02533	0.13656	0.01465	0.21408	0.14590	0.11605	0.04628	0.11121	0.06180	0.12814
1.00000	0.00226	0.00615	0.00119	0.01232	0.00034	0.00346	0.00030	0.00035	0.95241	0.02121
1.00000	0.05365	0.00457	0.04637	0.17728	0.00078	0.01046	0.00415	0.00055	0.70186	0.00033
1.00000	0.90408	0.00224	0.02389	0.01992	0.00054	0.02310	0.01616	0.00188	0.00270	0.00549
1.00000	0.01562	0.03401	0.01775	0.12016	0.05970	0.34942	0.25988	0.00510	0.12633	0.01204
1.00000	0.29538	0.02475	0.42703	0.07136	0.00827	0.00824	0.05187	0.01033	0.09659	0.00617
1.00000	0.15420	0.00097	0.00942	0.01974	0.00232	0.24377	0.49949	0.00039	0.06762	0.00208
1.00000	0.09355	0.03256	0.08115	0.09324	0.00946	0.00524	0.00360	0.57367	0.07677	0.03078
1.00000	0.01486	0.01174	0.02288	0.67187	0.01126	0.05533	0.00396	0.05214	0.13346	0.02251
1.00000	0.00074	0.00056	0.00305	0.03076	0.02534	0.00457	0.00386	0.01617	0.07305	0.84191
1.00000	0.02783	0.01411	0.82770	0.06144	0.00372	0.00418	0.00736	0.00247	0.04962	0.00157
1.00000	0.00920	0.01137	0.00283	0.01135	0.00044	0.00266	0.00033	0.00622	0.93538	0.02021
1.00000	0.05334	0.04081	0.00351	0.01022	0.05309	0.66738	0.04624	0.00236	0.06084	0.06220
0.00000	0.12140	0.02300	0.20417	0.08455	0.07494	0.01078	0.05038	0.13530	0.19985	0.09563
1.00000	0.00148	0.02328	0.00409	0.01173	0.05692	0.03133	0.00417	0.07226	0.05799	0.73675
1.00000	0.00799	0.00501	0.86745	0.01100	0.03148	0.00098	0.00321	0.04020	0.03211	0.00057
1.00000	0.00483	0.00239	0.05146	0.00130	0.01318	0.00813	0.89292	0.00574	0.01600	0.00407
1.00000	0.00316	0.00476	0.01205	0.00468	0.12273	0.00551	0.00125	0.06338	0.05377	0.72869
1.00000	0.00923	0.05292	0.71895	0.02627	0.03769	0.00584	0.02582	0.06505	0.03531	0.02292
1.00000	0.94571	0.00038	0.00387	0.00533	0.00038	0.02560	0.00215	0.00290	0.01308	0.00061
1.00000	0.06707	0.25286	0.03236	0.00990	0.04667	0.09546	0.41173	0.00173	0.06850	0.01372
0.00000	0.00469	0.00342	0.04660	0.07043	0.00240	0.01917	0.00600	0.00260	0.82965	0.01503
1.00000	0.96626	0.00058	0.00512	0.00116	0.00115	0.01299	0.01131	0.00038	0.00084	0.00022
1.00000	0.33161	0.03256	0.10177	0.00967	0.02064	0.12930	0.34374	0.00501	0.01859	0.00711
1.00000	0.61112	0.00332	0.00937	0.06512	0.00535	0.15900	0.03626	0.07823	0.02170	0.01052
1.00000	0.08520	0.04950	0.02295	0.57158	0.00057	0.10666	0.07602	0.00545	0.07794	0.00413
1.00000	0.01625	0.09629	0.78140	0.03107	0.00493	0.00273	0.04344	0.00937	0.01094	0.00359
1.00000	0.00071	0.00037	0.00331	0.00079	0.00069	0.00028	0.98742	0.00085	0.00507	0.00051
1.00000	0.00683	0.02680	0.03047	0.03767	0.10133	0.05661	0.01413	0.11166	0.09291	0.52158
1.00000	0.00169	0.00261	0.00152	0.00370	0.00056	0.00158	0.00004	0.92390	0.00426	0.06014
1.00000	0.01252	0.02163	0.00517	0.00578	0.11252	0.00435	0.00691	0.03676	0.08087	0.71348
1.00000	0.75506	0.00595	0.00415	0.04084	0.00072	0.06488	0.00386	0.01027	0.09804	0.01622
1.00000	0.01654	0.00063	0.00345	0.00428	0.01653	0.00369	0.00650	0.10873	0.10937	0.73028
0.00000	0.34428	0.00387	0.00848	0.39237	0.00120	0.07500	0.00911	0.00097	0.12219	0.04254
1.00000	0.03963	0.00485	0.02797	0.07865	0.02225	0.00442	0.01157	0.00354	0.67713	0.12999
1.00000	0.00536	0.00098	0.10763	0.00285	0.14036	0.00237	0.71566	0.00222	0.00856	0.01401
1.00000	0.00219	0.00657	0.00109	0.02689	0.05496	0.00414	0.00137	0.83791	0.00566	0.05922
1.00000	0.26869	0.00780	0.00248	0.04223	0.00396	0.62188	0.02288	0.00234	0.02455	0.00319
1.00000	0.87222	0.00071	0.00847	0.00288	0.00068	0.03707	0.03896	0.00356	0.03460	0.00085
1.00000	0.00492	0.96386	0.01053	0.00080	0.00054	0.00250	0.00202	0.00577	0.00808	0.00096
0.00000	0.42577	0.00589	0.00953	0.19663	0.00214	0.27421	0.01641	0.03126	0.03265	0.00551
1.00000	0.20242	0.00323	0.57864	0.03784	0.07878	0.00803	0.00837	0.01854	0.02651	0.03764
1.00000	0.06326	0.00051	0.00153	0.00288	0.00044	0.73209	0.00206	0.00021	0.18831	0.00871
1.00000	0.02442	0.01557	0.00940	0.01016	0.66213	0.02257	0.01264	0.05011	0.02809	0.16491
1.00000	0.00345	0.02537	0.04599	0.03689	0.09613	0.00555	0.01883	0.72065	0.00914	0.03798
1.00000	0.04698	0.03629	0.41565	0.18041	0.00687	0.01581	0.02304	0.04862	0.21355	0.01280
1.00000	0.00377	0.00105	0.02477	0.05331	0.00478	0.02533	0.00214	0.00152	0.87736	0.00595
1.00000	0.04242	0.00103	0.00444	0.00202	0.00328	0.09515	0.84354	0.00039	0.00736	0.00038
1.00000	0.19045	0.00431	0.04378	0.00789	0.04373	0.00823	0.41322	0.00589	0.24113	0.04137
1.00000	0.00066	0.97911	0.00154	0.00221	0.00031	0.01179	0.00068	0.00082	0.00048	0.00240
0.00000	0.75314	0.00525	0.10371	0.05001	0.00559	0.01844	0.01656	0.01249	0.02983	0.00498
1.00000	0.00089	0.00173	0.00230	0.00201	0.00010	0.00017	0.00003	0.97714	0.00726	0.00837
1.00000	0.08428	0.02259	0.46109	0.04634	0.11677	0.00626	0.07067	0.12420	0.03624	0.03157
0.00000	0.18851	0.00285	0.09991	0.13083	0.00468	0.03227	0.01524	0.00134	0.52042	0.00396
1.00000	0.15300	0.00932	0.01915	0.08772	0.02879	0.54757	0.04988	0.01303	0.08520	0.00635
1.00000	0.00155	0.00070	0.00045	0.00487	0.00118	0.00336	0.00023	0.92393	0.02922	0.03450
1.00000	0.16463	0.00204	0.01554	0.02009	0.00394	0.13483	0.58762	0.00339	0.04050	0.02742
1.00000	0.90613	0.00093	0.03337	0.03093	0.00053	0.00480	0.01536	0.00596	0.00089	0.00108
1.00000	0.01266	0.00637	0.04285	0.63878	0.00466	0.11423	0.01702	0.00393	0.14536	0.01414
1.00000	0.00062	0.00029	0.00078	0.00059	0.76336	0.00096	0.00084	0.05180	0.02140	0.15937
1.00000	0.03136	0.00339	0.87469	0.00885	0.00608	0.00534	0.00865	0.04307	0.00652	0.01204
1.00000	0.08359	0.00747	0.00614	0.00826	0.42060	0.06841	0.09878	0.02801	0.22311	0.05562
1.00000	0.05158	0.04786	0.01713	0.11165	0.00051	0.64745	0.00326	0.00096	0.10907	0.01053
1.00000	0.02024	0.80027	0.00714	0.00913	0.00883	0.00756	0.06397	0.00168	0.04206	0.03913
1.00000	0.00526	0.09522	0.08419	0.02083	0.22236	0.02258	0.00540	0.38145	0.03609	0.12662
1.00000	0.00981	0.00645	0.11641	0.02277	0.01038	0.03384	0.04745	0.00293	0.74014	0.00982
1.00000	0.87609	0.00121	0.08488	0.00328	0.00166	0.00708	0.01685	0.00170	0.00591	0.00135
1.00000	0.00423	0.88667	0.00870	0.03726	0.00248	0.00719	0.00372	0.00288	0.03606	0.01081
1.00000	0.01459	0.00841	0.03991	0.03149	0.85175	0.00575	0.00758	0.01417	0.01151	0.01484
1.00000	0.00111	0.00274	0.00674	0.00771	0.77682	0.00206	0.00516	0.17025	0.01540	0.01201
1.00000	0.09875	0.00949	0.00543	0.02074	0.01027	0.68532	0.02831	0.01142	0.10795	0.02232
1.00000	0.00447	0.00704	0.00252	0.05832	0.01825	0.48633	0.01357	0.19631	0.19238	0.02081
1.00000	0.00306	0.00032	0.00589	0.00736	0.17800	0.00267	0.01262	0.02660	0.06741	0.69608
1.00000	0.77270	0.00263	0.02771	0.02184	0.02219	0.00904	0.05030	0.00460	0.08044	0.00854
1.00000	0.02067	0.00162	0.94101	0.00271	0.00391	0.00116	0.00717	0.00112	0.01361	0.00704
1.00000	0.03209	0.68306	0.00493	0.06512	0.00305	0.01344	0.01856	0.00451	0.07932	0.09593
1.00000	0.05199	0.00091	0.02061	0.00393	0.62185	0.01081	0.16682	0.04211	0.02107	0.05990
1.00000	0.87417	0.00237	0.03662	0.00650	0.00314	0.00899	0.03432	0.00704	0.01322	0.01363
1.00000	0.03226	0.00143	0.00063	0.00133	0.00041	0.00025	0.00011	0.96111	0.00071	0.00175
1.00000	0.06520	0.04810	0.13500	0.01285	0.03040	0.01231	0.05926	0.02229	0.53861	0.07599
0.00000	0.07641	0.01257	0.00344	0.18420	0.01853	0.16841	0.02272	0.02580	0.20398	0.28395
1.00000	0.02367	0.27020	0.02784	0.02099	0.00627	0.09450	0.00741	0.15514	0.30843	0.08555
1.00000	0.01433	0.02150	0.04592	0.00493	0.09755	0.01479	0.00872	0.02471	0.21566	0.55189
1.00000	0.14300	0.00471	0.00528	0.16402	0.01080	0.32451	0.00914	0.00567	0.29532	0.03755
0.00000	0.07704	0.08895	0.00565	0.11405	0.01134	0.08606	0.13605	0.00916	0.38356	0.08814
1.00000	0.00560	0.00135	0.00403	0.00115	0.77631	0.00631	0.02889	0.01295	0.00390	0.15950
1.00000	0.00392	0.00482	0.02689	0.08275	0.05141	0.00286	0.01172	0.74692	0.01066	0.05803
1.00000	0.00200	0.91604	0.01867	0.01811	0.00307	0.00468	0.00044	0.01519	0.00464	0.01717
1.00000	0.00300	0.00239	0.00075	0.00138	0.00714	0.00968	0.00092	0.94132	0.00692	0.02649
1.00000	0.00438	0.11205	0.03090	0.03113	0.00190	0.00605	0.00038	0.70192	0.06906	0.04222
1.00000	0.04299	0.14129	0.57744	0.13494	0.00433	0.00388	0.01309	0.00643	0.06542	0.01019
1.00000	0.01320	0.00515	0.95274	0.01596	0.00183	0.00018	0.00126	0.00082	0.00828	0.00058
1.00000	0.00123	0.97076	0.00193	0.00750	0.00045	0.00560	0.00071	0.00174	0.00149	0.00860
1.00000	0.00047	0.97070	0.00328	0.01012	0.00062	0.00128	0.00055	0.00303	0.00411	0.00584
1.00000	0.00815	0.00031	0.00041	0.00406	0.07900	0.06673	0.01043	0.00374	0.03701	0.79017
1.00000	0.00124	0.92318	0.00460	0.00539	0.00362	0.04502	0.00151	0.00914	0.00126	0.00504
1.00000	0.58589	0.00248	0.02220	0.01071	0.00480	0.01538	0.12911	0.11151	0.02578	0.09212
1.00000	0.00113	0.00031	0.00363	0.00732	0.00043	0.00218	0.00081	0.00030	0.93553	0.04836
1.00000	0.86718	0.00070	0.01172	0.00666	0.00042	0.06759	0.01608	0.01273	0.01324	0.00368
1.00000	0.00894	0.00064	0.00147	0.00026	0.96021	0.00127	0.00121	0.00584	0.00105	0.01912
1.00000	0.01145	0.10187	0.01190	0.01240	0.58737	0.01679	0.00992	0.00599	0.09637	0.14593
1.00000	0.27738	0.00237	0.47086	0.03432	0.01671	0.01104	0.10372	0.00413	0.07664	0.00282
1.00000	0.02352	0.00134	0.04886	0.81837	0.00065	0.02180	0.00511	0.00731	0.07038	0.00267
1.00000	0.00118	0.00069	0.00386	0.01497	0.00018	0.00099	0.00013	0.96388	0.00363	0.01049
1.00000	0.83779	0.00241	0.00714	0.04317	0.00097	0.03994	0.02204	0.01299	0.01029	0.02326
1.00000	0.00635	0.00047	0.01242	0.00327	0.00615	0.04967	0.91680	0.00119	0.00255	0.00113
1.00000	0.00198	0.00064	0.00543	0.00721	0.70179	0.00433	0.00126	0.00253	0.04349	0.23135
1.00000	0.00359	0.01301	0.02181	0.07566	0.00450	0.00365	0.00044	0.77209	0.07281	0.03244
1.00000	0.10528	0.04569	0.16383	0.08674	0.03168	0.00190	0.00441	0.01636	0.51911	0.02500
1.00000	0.00074	0.95673	0.00128	0.00361	0.00076	0.00315	0.00251	0.00856	0.00363	0.01901
1.00000	0.02295	0.20433	0.02275	0.38145	0.00804	0.05794	0.01198	0.00573	0.26446	0.02037
0.00000	0.00839	0.02294	0.01135	0.41612	0.00120	0.02786	0.00074	0.00977	0.49223	0.00939
1.00000	0.01565	0.05248	0.75786	0.01684	0.00252	0.01263	0.01717	0.00180	0.12180	0.00125
1.00000	0.01100	0.01882	0.82232	0.01309	0.00189	0.00919	0.10991	0.00279	0.01058	0.00041
0.00000	0.02718	0.03136	0.27940	0.27303	0.00124	0.01881	0.00308	0.03123	0.33149	0.00317
1.00000	0.96517	0.00016	0.00125	0.00289	0.00011	0.02191	0.00541	0.00035	0.00258	0.00017
1.00000	0.05312	0.02401	0.76911	0.00878	0.04174	0.02480	0.02986	0.00901	0.01246	0.02712
1.00000	0.04332	0.01586	0.00571	0.82277	0.00137	0.06724	0.00243	0.01233	0.02759	0.00138
1.00000	0.03554	0.01730	0.01536	0.10462	0.01139	0.13418	0.01053	0.00247	0.64144	0.02717
1.00000	0.09030	0.00296	0.05176	0.00127	0.00552	0.00633	0.83020	0.00104	0.00597	0.00466
1.00000	0.00670	0.00717	0.00708	0.00518	0.02744	0.00432	0.00033	0.03469	0.05032	0.85678
1.00000	0.05045	0.16674	0.01006	0.32558	0.01122	0.06437	0.00563	0.11190	0.13391	0.12014
1.00000	0.00236	0.02984	0.12842	0.03475	0.11497	0.00572	0.62483	0.00370	0.04205	0.01336
1.00000	0.06101	0.00961	0.01247	0.07697	0.00069	0.00834	0.01008	0.00165	0.81290	0.00627
1.00000	0.04393	0.00703	0.00229	0.01794	0.00127	0.84267	0.05752	0.00011	0.02678	0.00047
0.00000	0.04930	0.07886	0.11127	0.01183	0.14958	0.02436	0.11580	0.00058	0.42363	0.03479
1.00000	0.01306	0.00171	0.02939	0.00390	0.05274	0.01186	0.00728	0.00985	0.08881	0.78141
1.00000	0.00402	0.03279	0.00319	0.00882	0.02302	0.01592	0.00108	0.78208	0.00107	0.12800
1.00000	0.05581	0.30328	0.51449	0.03025	0.00051	0.00255	0.02952	0.00204	0.05931	0.00226
1.00000	0.00010	0.00022	0.00034	0.00103	0.00031	0.00027	0.00006	0.99481	0.00043	0.00243
1.00000	0.02402	0.00079	0.03472	0.02337	0.00170	0.00257	0.00552	0.00866	0.87168	0.02697
0.00000	0.01257	0.00232	0.00573	0.35706	0.00586	0.06257	0.00021	0.00757	0.49990	0.04621
1.00000	0.05405	0.02074	0.02224	0.08343	0.00294	0.72202	0.02095	0.00128	0.06872	0.00362
1.00000	0.65327	0.01003	0.05040	0.01195	0.01196	0.00928	0.08961	0.00816	0.13323	0.02212
1.00000	0.02847	0.20518	0.22070	0.07298	0.00544	0.00159	0.00199	0.24192	0.19736	0.02437
1.00000	0.00075	0.00344	0.00300	0.00059	0.76938	0.01137	0.00075	0.00374	0.02285	0.18411
1.00000	0.03476	0.00151	0.00777	0.00834	0.06403	0.00544	0.03455	0.03028	0.07921	0.73411
1.00000	0.08152	0.03062	0.05211	0.68943	0.00682	0.03236	0.00732	0.00288	0.09189	0.00505
1.00000	0.15209	0.00208	0.00279	0.12612	0.00151	0.58496	0.00367	0.00567	0.11757	0.00354
1.00000	0.00511	0.00056	0.00177	0.00325	0.91770	0.00969	0.00213	0.02560	0.00909	0.02511
1.00000	0.08529	0.04424	0.19198	0.26801	0.00963	0.03710	0.09762	0.00083	0.26433	0.00096
1.00000	0.97306	0.00020	0.00192	0.00494	0.00037	0.00999	0.00232	0.00100	0.00554	0.00065
1.00000	0.00838	0.01972	0.79815	0.07815	0.00051	0.00821	0.02618	0.02505	0.03462	0.00102
1.00000	0.15007	0.02491	0.19112	0.00599	0.12859	0.03779	0.12980	0.01839	0.04481	0.26854
1.00000	0.39098	0.00657	0.02349	0.40249	0.00075	0.05068	0.03482	0.00744	0.07979	0.00300
1.00000	0.00054	0.97553	0.00455	0.00448	0.00034	0.00620	0.00112	0.00060	0.00124	0.00541
1.00000	0.07702	0.01108	0.06103	0.00779	0.00096	0.22273	0.59570	0.00037	0.01607	0.00726
1.00000	0.00393	0.00041	0.00092	0.00127	0.05661	0.01243	0.00033	0.03488	0.04117	0.84804
1.00000	0.00226	0.85276	0.00667	0.01376	0.01956	0.00715	0.00066	0.00679	0.00460	0.08579
1.00000	0.00235	0.00300	0.00187	0.01630	0.03849	0.00726	0.00062	0.15618	0.07147	0.70247
1.00000	0.17399	0.01100	0.00854	0.72545	0.00070	0.04526	0.00778	0.00112	0.02267	0.00349
0.00000	0.63260	0.00885	0.23717	0.04961	0.00144	0.01607	0.01047	0.01746	0.02275	0.00357
1.00000	0.01624	0.04021	0.01801	0.00131	0.59106	0.00880	0.17759	0.00603	0.02333	0.11742
1.00000	0.00250	0.00183	0.00030	0.00036	0.64667	0.01542	0.00214	0.01957	0.00318	0.30802
1.00000	0.01697	0.05880	0.02571	0.79155	0.00044	0.01793	0.00198	0.03432	0.05050	0.00180
1.00000	0.88774	0.00108	0.00946	0.00196	0.00171	0.02723	0.00501	0.01384	0.05058	0.00139
1.00000	0.04046	0.00790	0.04936	0.05317	0.70846	0.01309	0.04325	0.04206	0.01575	0.02651
1.00000	0.10464	0.00260	0.01317	0.00089	0.64370	0.02368	0.05416	0.01725	0.01404	0.12587
1.00000	0.00829	0.90854	0.00840	0.00416	0.00082	0.02969	0.00064	0.01148	0.01723	0.01076
1.00000	0.03985	0.01178	0.01761	0.47344	0.00423	0.12311	0.02212	0.02691	0.23252	0.04842
1.00000	0.49217	0.00392	0.10182	0.04334	0.00271	0.05548	0.09790	0.03308	0.13029	0.03929
1.00000	0.00197	0.00463	0.00745	0.00596	0.06120	0.03638	0.00236	0.02424	0.06930	0.78651
1.00000	0.00199	0.00024	0.00072	0.00113	0.16090	0.00143	0.00110	0.00349	0.07078	0.75823
1.00000	0.05926	0.18627	0.04260	0.01481	0.00987	0.04525	0.51286	0.00181	0.09809	0.02918
1.00000	0.01795	0.00496	0.02707	0.00467	0.00028	0.00136	0.00100	0.00008	0.94218	0.00046
1.00000	0.02260	0.01751	0.53575	0.17078	0.02374	0.00870	0.01443	0.06647	0.11609	0.02393
1.00000	0.06501	0.00989	0.00732	0.20364	0.03201	0.21491	0.03444	0.08198	0.10501	0.24579
1.00000	0.00587	0.27179	0.01563	0.02472	0.14435	0.02381	0.00359	0.38692	0.00741	0.11593
1.00000	0.08864	0.03820	0.00424	0.07474	0.00220	0.67876	0.02212	0.00072	0.09004	0.00035
0.00000	0.00998	0.00575	0.10643	0.13566	0.05156	0.02121	0.05756	0.20551	0.32608	0.08024
1.00000	0.01797	0.01938	0.03816	0.00236	0.00135	0.01190	0.00172	0.00606	0.88283	0.01828
1.00000	0.04364	0.03371	0.01425	0.02088	0.07156	0.00931	0.00850	0.08091	0.29345	0.42380
1.00000	0.03722	0.00188	0.64393	0.04418	0.06317	0.02758	0.01171	0.00219	0.15147	0.01667
1.00000	0.07036	0.06063	0.02481	0.00043	0.00984	0.77091	0.02791	0.00169	0.02600	0.00741
1.00000	0.02467	0.00417	0.83026	0.01775	0.04348	0.01646	0.02774	0.00610	0.01844	0.01094
1.00000	0.13242	0.00638	0.01854	0.63718	0.00076	0.15744	0.01309	0.00936	0.02197	0.00286
1.00000	0.04199	0.00387	0.03803	0.04436	0.02806	0.08053	0.01410	0.00443	0.72839	0.01623
0.00000	0.07283	0.01337	0.18943	0.09143	0.00485	0.01405	0.00374	0.00104	0.59095	0.01830
1.00000	0.00317	0.00889	0.03023	0.67619	0.00091	0.00954	0.01046	0.00416	0.25531	0.00114
1.00000	0.00501	0.01578	0.00198	0.01180	0.08318	0.01248	0.00227	0.01475	0.15120	0.70155
1.00000	0.00038	0.00028	0.01493	0.00675	0.00535	0.00247	0.95893	0.00023	0.00522	0.00547
1.00000	0.00298	0.03410	0.00756	0.03412	0.01305	0.00469	0.00052	0.79249	0.00650	0.10398
1.00000	0.99320	0.00060	0.00127	0.00057	0.00044	0.00208	0.00139	0.00010	0.00016	0.00020
1.00000	0.90533	0.00028	0.01164	0.03642	0.00097	0.01930	0.00796	0.01285	0.00076	0.00448
1.00000	0.00910	0.00567	0.00635	0.00066	0.03683	0.86054	0.03439	0.02056	0.01450	0.01141
1.00000	0.01947	0.00478	0.67172	0.05291	0.00062	0.00336	0.20336	0.00083	0.04082	0.00212
1.00000	0.05222	0.00587	0.16890	0.65804	0.00170	0.02604	0.00451	0.02013	0.05680	0.00579
1.00000	0.02108	0.03214	0.49752	0.02090	0.04489	0.00648	0.02175	0.08720	0.20196	0.06609
1.00000	0.01688	0.01972	0.00692	0.00103	0.03961	0.70841	0.02269	0.00134	0.16253	0.02088
1.00000	0.00852	0.84956	0.01058	0.03484	0.01073	0.02954	0.00450	0.00467	0.02149	0.02556
1.00000	0.72220	0.00249	0.09411	0.01315	0.01186	0.00770	0.08227	0.02653	0.01386	0.02584
1.00000	0.02345	0.03133	0.09598	0.18577	0.00117	0.00149	0.00926	0.55767	0.09159	0.00228
1.00000	0.00569	0.02500	0.01970	0.00471	0.00100	0.00451	0.01414	0.00010	0.92222	0.00293
0.00000	0.00331	0.00634	0.04674	0.00425	0.22982	0.00883	0.01305	0.02058	0.07132	0.59577
1.00000	0.08834	0.00126	0.00627	0.00692	0.37868	0.06357	0.05842	0.01969	0.03201	0.34486
0.00000	0.01041	0.01220	0.30062	0.06556	0.00364	0.00671	0.02358	0.00667	0.56934	0.00127
1.00000	0.00173	0.03296	0.81218	0.00879	0.00084	0.00377	0.04531	0.00052	0.09296	0.00095
1.00000	0.00661	0.04661	0.08179	0.21695	0.03664	0.05589	0.00864	0.00981	0.47731	0.05976
