1.00000	0.00059	0.98231	0.00227	0.00058	0.00367	0.00522	0.00094	0.00134	0.00079	0.00228
1.00000	0.00073	0.00030	0.00122	0.00550	0.00282	0.00143	0.00005	0.98077	0.00040	0.00679
1.00000	0.96633	0.00064	0.00506	0.00573	0.00201	0.01058	0.00217	0.00098	0.00240	0.00409
1.00000	0.01541	0.02599	0.00290	0.00527	0.06346	0.76710	0.00488	0.01043	0.09315	0.01139
1.00000	0.00926	0.00185	0.00082	0.00916	0.83765	0.00502	0.00148	0.04139	0.01940	0.07396
1.00000	0.02602	0.13014	0.04135	0.00633	0.18433	0.02485	0.00278	0.39854	0.04491	0.14075
1.00000	0.01108	0.00094	0.00025	0.00494	0.00347	0.95854	0.00158	0.00047	0.01163	0.00709
1.00000	0.22839	0.05195	0.42962	0.02821	0.12502	0.01688	0.09891	0.00762	0.00754	0.00585
0.00000	0.00389	0.00783	0.05928	0.00655	0.15845	0.00979	0.00854	0.15107	0.02039	0.57421
0.00000	0.18713	0.03488	0.00665	0.08132	0.19552	0.12782	0.00888	0.09473	0.11183	0.15122
1.00000	0.00293	0.90140	0.01329	0.00558	0.00731	0.00734	0.00089	0.01260	0.01910	0.02955
1.00000	0.01234	0.00216	0.94169	0.00594	0.01059	0.00035	0.01698	0.00648	0.00263	0.00083
1.00000	0.00423	0.04492	0.00166	0.00203	0.83816	0.00521	0.00126	0.00198	0.04441	0.05611
1.00000	0.00104	0.92123	0.00087	0.00066	0.00443	0.01829	0.00122	0.01458	0.00418	0.03351
1.00000	0.00491	0.73550	0.07065	0.02470	0.01179	0.03401	0.00181	0.08264	0.02983	0.00417
1.00000	0.03783	0.02003	0.04891	0.23885	0.11861	0.06994	0.04669	0.17584	0.08113	0.16216
1.00000	0.00084	0.94028	0.00189	0.00047	0.00623	0.01551	0.00132	0.00763	0.00926	0.01656
1.00000	0.06673	0.00185	0.00324	0.00853	0.00578	0.07762	0.82289	0.00058	0.01217	0.00061
1.00000	0.00456	0.00784	0.00035	0.00209	0.91943	0.00085	0.00242	0.00939	0.01058	0.04249
1.00000	0.00067	0.00708	0.00912	0.02540	0.15474	0.03225	0.00613	0.10158	0.02600	0.63704
1.00000	0.00846	0.00054	0.00396	0.92991	0.00637	0.03024	0.00306	0.00082	0.01231	0.00432
1.00000	0.00223	0.00125	0.00110	0.00257	0.80982	0.00062	0.00754	0.00756	0.04122	0.12609
1.00000	0.00121	0.00204	0.00056	0.00125	0.08245	0.00107	0.01064	0.01659	0.00843	0.87578
1.00000	0.20447	0.00945	0.07605	0.08755	0.02571	0.01626	0.02954	0.01358	0.46266	0.07471
1.00000	0.00314	0.00266	0.01690	0.00263	0.04424	0.00167	0.01522	0.01357	0.16628	0.73370
1.00000	0.65724	0.00206	0.07237	0.06867	0.03790	0.05858	0.07570	0.00320	0.01897	0.00530
1.00000	0.00448	0.00137	0.00071	0.02005	0.00209	0.00410	0.00021	0.70775	0.01623	0.24302
1.00000	0.08362	0.00198	0.03768	0.00526	0.00291	0.00391	0.82498	0.00103	0.03162	0.00702
1.00000	0.01368	0.01029	0.06345	0.00508	0.11294	0.20884	0.02933	0.08822	0.45595	0.01222
1.00000	0.00375	0.00005	0.00228	0.00115	0.00041	0.00334	0.98556	0.00147	0.00167	0.00032
1.00000	0.01840	0.61504	0.04834	0.01442	0.03853	0.02694	0.00657	0.03283	0.18793	0.01100
1.00000	0.05383	0.00771	0.01926	0.78424	0.00153	0.08930	0.00422	0.00239	0.03652	0.00099
1.00000	0.00840	0.87674	0.02011	0.00348	0.00343	0.01915	0.00293	0.00278	0.04596	0.01703
1.00000	0.04920	0.00795	0.02211	0.01377	0.62499	0.03447	0.05802	0.03689	0.11724	0.03537
1.00000	0.00277	0.00069	0.02623	0.00038	0.00473	0.00540	0.95148	0.00307	0.00256	0.00270
1.00000	0.00446	0.14873	0.62092	0.06009	0.05959	0.00413	0.06537	0.01221	0.01768	0.00680
1.00000	0.00857	0.03213	0.01048	0.03723	0.16339	0.13469	0.03390	0.03526	0.48356	0.06078
1.00000	0.86351	0.00706	0.05117	0.01975	0.00737	0.00579	0.02790	0.00766	0.00592	0.00388
1.00000	0.00776	0.18416	0.01196	0.00328	0.48816	0.03854	0.00503	0.04261	0.00604	0.21244
1.00000	0.08853	0.01113	0.46243	0.05333	0.00479	0.00874	0.03196	0.04589	0.18567	0.10753
1.00000	0.16387	0.00384	0.01079	0.47495	0.01794	0.22503	0.02282	0.00080	0.07164	0.00833
1.00000	0.00335	0.00164	0.89190	0.06018	0.00107	0.00111	0.00529	0.01774	0.01567	0.00205
1.00000	0.99251	0.00036	0.00092	0.00012	0.00020	0.00191	0.00304	0.00028	0.00013	0.00054
1.00000	0.00203	0.00682	0.03471	0.03278	0.11171	0.01216	0.04078	0.09832	0.01261	0.64808
1.00000	0.03333	0.00775	0.56070	0.21522	0.03308	0.05654	0.01586	0.00380	0.07077	0.00295
1.00000	0.00090	0.94659	0.00759	0.00100	0.00528	0.00392	0.00125	0.00590	0.00440	0.02316
1.00000	0.00814	0.00381	0.02475	0.85414	0.00379	0.05665	0.00118	0.02786	0.01797	0.00171
1.00000	0.00397	0.00573	0.06355	0.73397	0.01788	0.02292	0.00402	0.09428	0.03459	0.01909
0.00000	0.00182	0.00390	0.00065	0.35447	0.00743	0.09314	0.00061	0.00464	0.47859	0.05476
1.00000	0.05521	0.00251	0.00673	0.15868	0.03000	0.61153	0.04329	0.01813	0.05719	0.01674
0.00000	0.10858	0.00418	0.10651	0.01358	0.26077	0.03069	0.02571	0.08654	0.27247	0.09098
1.00000	0.16220	0.00091	0.00302	0.02075	0.00200	0.06390	0.74239	0.00058	0.00357	0.00069
1.00000	0.00264	0.05638	0.04815	0.00993	0.00086	0.00056	0.00017	0.84126	0.00521	0.03485
1.00000	0.10727	0.00675	0.01656	0.02996	0.01479	0.03113	0.00742	0.72745	0.00563	0.05304
1.00000	0.04787	0.00250	0.01113	0.08054	0.03040	0.71801	0.02158	0.01175	0.06623	0.01000
1.00000	0.00301	0.05162	0.06389	0.00301	0.20867	0.00591	0.00492	0.05377	0.05348	0.55170
1.00000	0.00175	0.00341	0.00265	0.00033	0.89993	0.00056	0.00821	0.00646	0.03643	0.04026
1.00000	0.01677	0.00765	0.02441	0.01837	0.68128	0.05401	0.03418	0.08977	0.00297	0.07060
1.00000	0.79518	0.02388	0.02786	0.01645	0.02363	0.06028	0.01184	0.00328	0.01981	0.01779
1.00000	0.02409	0.00334	0.00337	0.06082	0.09244	0.05344	0.00312	0.08190	0.57525	0.10224
1.00000	0.03199	0.00364	0.00913	0.07263	0.04008	0.60908	0.07891	0.01582	0.01653	0.12221
1.00000	0.52787	0.00388	0.02155	0.05389	0.03726	0.14400	0.00628	0.06968	0.01231	0.12328
1.00000	0.05620	0.00716	0.00104	0.00714	0.53759	0.07681	0.02170	0.02306	0.04020	0.22909
1.00000	0.00115	0.00215	0.00071	0.00539	0.03246	0.00568	0.00325	0.04510	0.01337	0.89074
1.00000	0.00095	0.00191	0.00504	0.03781	0.01113	0.00168	0.00016	0.93981	0.00016	0.00136
1.00000	0.00224	0.00123	0.00147	0.01755	0.04039	0.00448	0.00380	0.91036	0.00147	0.01700
1.00000	0.13594	0.00392	0.03586	0.04008	0.07883	0.03921	0.03894	0.11247	0.01520	0.49955
1.00000	0.00069	0.00074	0.00205	0.06894	0.02218	0.00270	0.00008	0.86064	0.03629	0.00568
1.00000	0.00210	0.00670	0.00062	0.00589	0.04660	0.01621	0.00141	0.10387	0.02392	0.79268
1.00000	0.07658	0.00719	0.08870	0.05749	0.07834	0.00619	0.61285	0.06205	0.00812	0.00251
1.00000	0.84975	0.00035	0.02140	0.01011	0.00224	0.05720	0.04476	0.00552	0.00517	0.00350
1.00000	0.07634	0.00257	0.00102	0.22881	0.00584	0.55584	0.05331	0.03556	0.00781	0.03289
1.00000	0.00772	0.00826	0.00171	0.00351	0.01194	0.84068	0.00045	0.02913	0.02972	0.06688
1.00000	0.02904	0.00448	0.05460	0.02300	0.04495	0.01595	0.76658	0.02108	0.03251	0.00782
1.00000	0.06642	0.00104	0.06876	0.00364	0.03728	0.05975	0.72418	0.00572	0.02845	0.00476
1.00000	0.02950	0.05508	0.03665	0.00426	0.05627	0.57169	0.02265	0.05177	0.13524	0.03689
1.00000	0.00512	0.00707	0.01764	0.01246	0.03103	0.00902	0.00325	0.56524	0.06923	0.27995
1.00000	0.40058	0.01238	0.04938	0.04263	0.02391	0.20935	0.00597	0.19945	0.01237	0.04398
1.00000	0.01924	0.00046	0.00108	0.01582	0.00073	0.00369	0.00021	0.94592	0.00140	0.01145
1.00000	0.03159	0.04475	0.00213	0.00080	0.04326	0.72123	0.00091	0.08415	0.05010	0.02106
1.00000	0.00120	0.01947	0.00045	0.00742	0.08548	0.00446	0.00453	0.12525	0.01353	0.73821
1.00000	0.01724	0.03785	0.01179	0.02465	0.57343	0.03411	0.16919	0.04865	0.03041	0.05267
1.00000	0.01167	0.00055	0.03419	0.00617	0.91224	0.00740	0.01133	0.00390	0.00135	0.01119
1.00000	0.00267	0.00063	0.00147	0.00128	0.11033	0.00338	0.00349	0.02523	0.00920	0.84233
1.00000	0.00031	0.00014	0.94376	0.05010	0.00028	0.00013	0.00308	0.00070	0.00146	0.00005
1.00000	0.98040	0.00081	0.00057	0.00341	0.00034	0.00788	0.00299	0.00043	0.00143	0.00174
1.00000	0.01186	0.00210	0.54249	0.03363	0.02726	0.08058	0.17645	0.02511	0.07789	0.02263
1.00000	0.03318	0.00306	0.00059	0.00261	0.11006	0.01405	0.01520	0.49439	0.00309	0.32377
1.00000	0.00536	0.92178	0.01067	0.00034	0.00298	0.01885	0.00174	0.01636	0.00407	0.01784
1.00000	0.01919	0.05546	0.01503	0.54617	0.00726	0.24495	0.01848	0.04951	0.03457	0.00938
1.00000	0.00898	0.00294	0.83386	0.06470	0.03456	0.00191	0.01874	0.01851	0.01469	0.00110
1.00000	0.84261	0.00334	0.06376	0.00668	0.01405	0.01159	0.03281	0.00601	0.00269	0.01646
1.00000	0.02388	0.00033	0.04799	0.02284	0.00685	0.01295	0.88072	0.00067	0.00360	0.00016
1.00000	0.00517	0.85497	0.05397	0.02214	0.00884	0.00265	0.00262	0.01357	0.02829	0.00778
1.00000	0.02673	0.00069	0.00213	0.00271	0.00957	0.00112	0.00013	0.90078	0.00887	0.04727
1.00000	0.03372	0.00266	0.02223	0.00871	0.08449	0.01604	0.00876	0.71512	0.03750	0.07076
0.00000	0.19936	0.00900	0.00414	0.04493	0.33784	0.04267	0.01461	0.15872	0.03050	0.15822
0.00000	0.00562	0.00325	0.00188	0.00437	0.15215	0.00341	0.00284	0.01110	0.30003	0.51535
1.00000	0.01713	0.00136	0.01269	0.00401	0.80897	0.00062	0.06457	0.03421	0.00573	0.05071
1.00000	0.00496	0.00017	0.00019	0.00020	0.00048	0.00141	0.00009	0.98029	0.00074	0.01145
1.00000	0.00551	0.15042	0.01927	0.00266	0.09994	0.05619	0.00538	0.48341	0.12729	0.04994
1.00000	0.01095	0.00262	0.02850	0.00946	0.36026	0.00383	0.53024	0.01794	0.00359	0.03261
1.00000	0.00712	0.00274	0.00321	0.01027	0.00110	0.00125	0.00036	0.00094	0.96677	0.00623
0.00000	0.14849	0.00957	0.07798	0.01100	0.39952	0.01061	0.11599	0.18186	0.01126	0.03373
1.00000	0.20408	0.00353	0.27292	0.14218	0.03510	0.06263	0.06377	0.00132	0.21255	0.00192
1.00000	0.00295	0.00086	0.00076	0.00288	0.00126	0.93764	0.00036	0.00058	0.05136	0.00135
1.00000	0.12624	0.00691	0.02779	0.02229	0.61985	0.03882	0.02518	0.05613	0.03472	0.04208
1.00000	0.15971	0.00887	0.01165	0.70730	0.00602	0.08636	0.00103	0.01059	0.00653	0.00194
1.00000	0.00955	0.00264	0.00286	0.00168	0.74395	0.02257	0.00659	0.02500	0.00315	0.18202
1.00000	0.00135	0.00022	0.00010	0.00061	0.00011	0.00102	0.00002	0.98868	0.00036	0.00753
0.00000	0.22560	0.02990	0.10715	0.13499	0.09541	0.08814	0.04929	0.08363	0.05948	0.12640
1.00000	0.03721	0.00050	0.00258	0.01915	0.00278	0.00397	0.00166	0.00217	0.89667	0.03330
1.00000	0.00635	0.01169	0.00376	0.01888	0.02075	0.00459	0.00717	0.02126	0.85158	0.05397
1.00000	0.00059	0.05107	0.00262	0.00092	0.01033	0.00808	0.00075	0.89162	0.01441	0.01960
1.00000	0.00264	0.82356	0.01224	0.00225	0.01638	0.04572	0.00321	0.01416	0.00205	0.07779
1.00000	0.07358	0.00232	0.02957	0.63105	0.00166	0.24164	0.00858	0.00322	0.00476	0.00362
1.00000	0.01651	0.00035	0.00981	0.00014	0.00381	0.00284	0.95944	0.00043	0.00413	0.00254
1.00000	0.00211	0.00196	0.00396	0.00035	0.11785	0.00255	0.00288	0.01681	0.04966	0.80186
1.00000	0.00314	0.90819	0.00746	0.00063	0.00959	0.00762	0.00208	0.01247	0.01028	0.03854
1.00000	0.00217	0.00549	0.00582	0.01546	0.00480	0.00209	0.00036	0.92650	0.00220	0.03510
1.00000	0.00304	0.00538	0.00852	0.01428	0.68671	0.00176	0.11692	0.03315	0.00590	0.12434
0.00000	0.05512	0.06069	0.15454	0.03580	0.28428	0.01968	0.19743	0.16133	0.01152	0.01962
1.00000	0.05555	0.01339	0.11748	0.61172	0.02256	0.04917	0.01229	0.07967	0.03219	0.00598
1.00000	0.92121	0.00377	0.00538	0.00661	0.01520	0.00856	0.00758	0.00809	0.02032	0.00328
1.00000	0.04229	0.11544	0.00826	0.01097	0.02493	0.42829	0.01189	0.20106	0.05563	0.10123
1.00000	0.00829	0.00078	0.00829	0.85262	0.00049	0.11579	0.00290	0.00692	0.00229	0.00163
1.00000	0.10948	0.00672	0.60565	0.00682	0.11589	0.00189	0.11562	0.00680	0.02577	0.00535
1.00000	0.00794	0.00323	0.08076	0.70435	0.00462	0.07988	0.01532	0.00506	0.08228	0.01656
1.00000	0.13904	0.01154	0.00764	0.13672	0.00919	0.66121	0.00764	0.00502	0.01247	0.00955
1.00000	0.00236	0.00065	0.00045	0.09168	0.00187	0.86588	0.00050	0.00140	0.03447	0.00073
1.00000	0.00734	0.00053	0.00163	0.00099	0.05206	0.00053	0.00479	0.00418	0.00895	0.91900
0.00000	0.11880	0.01475	0.05461	0.19047	0.04985	0.17646	0.01531	0.08973	0.07669	0.21334
1.00000	0.00248	0.00076	0.02635	0.00182	0.00793	0.00240	0.95598	0.00037	0.00093	0.00098
1.00000	0.00633	0.00066	0.00491	0.01754	0.85263	0.00105	0.01575	0.04761	0.00164	0.05188
1.00000	0.89633	0.00062	0.00892	0.00395	0.01008	0.04778	0.02989	0.00151	0.00043	0.00048
1.00000	0.01326	0.00601	0.00497	0.00960	0.05653	0.02424	0.00373	0.02432	0.60697	0.25037
1.00000	0.93169	0.00038	0.00271	0.00088	0.00052	0.04089	0.01532	0.00489	0.00160	0.00113
1.00000	0.05086	0.00546	0.01322	0.10391	0.01775	0.01063	0.00206	0.74923	0.00423	0.04266
1.00000	0.18339	0.01538	0.35680	0.06462	0.04699	0.14945	0.10937	0.02633	0.03184	0.01583
0.00000	0.04311	0.02817	0.01043	0.02572	0.08320	0.02951	0.01601	0.37788	0.31402	0.07195
1.00000	0.06967	0.01237	0.02161	0.21818	0.02763	0.11173	0.08852	0.01614	0.42553	0.00862
1.00000	0.21151	0.00187	0.04076	0.18650	0.01039	0.18331	0.00772	0.00198	0.35262	0.00335
1.00000	0.00185	0.00018	0.00095	0.01198	0.00033	0.01077	0.00021	0.95465	0.00016	0.01892
1.00000	0.00696	0.05169	0.36328	0.21541	0.00645	0.05058	0.00947	0.07151	0.18969	0.03497
1.00000	0.00320	0.00483	0.04475	0.01460	0.05272	0.02033	0.83574	0.00314	0.01411	0.00658
1.00000	0.84875	0.00535	0.00897	0.00487	0.00694	0.02652	0.05095	0.02961	0.00134	0.01669
1.00000	0.03346	0.02734	0.00902	0.01915	0.06079	0.64502	0.03536	0.00627	0.03422	0.12937
1.00000	0.02390	0.00793	0.01436	0.16460	0.00281	0.63298	0.00429	0.01272	0.12604	0.01036
1.00000	0.01375	0.01580	0.75113	0.05237	0.01106	0.00103	0.03772	0.01565	0.09950	0.00201
1.00000	0.01602	0.02799	0.00074	0.00928	0.00944	0.85760	0.00728	0.00158	0.06704	0.00304
1.00000	0.00957	0.65544	0.02701	0.06970	0.05282	0.03805	0.01191	0.05960	0.01851	0.05739
1.00000	0.00118	0.00048	0.00461	0.90761	0.00278	0.04087	0.00036	0.01117	0.03041	0.00053
1.00000	0.01264	0.00318	0.05581	0.01243	0.05286	0.00876	0.82874	0.01016	0.00870	0.00672
1.00000	0.15320	0.00187	0.14712	0.01193	0.50639	0.03752	0.05212	0.01152	0.01709	0.06123
1.00000	0.00577	0.09939	0.02137	0.01718	0.02078	0.00122	0.00168	0.72207	0.01738	0.09315
1.00000	0.00171	0.00318	0.00395	0.00024	0.93786	0.00209	0.01780	0.02044	0.00190	0.01083
1.00000	0.92956	0.00080	0.00343	0.01409	0.00196	0.02557	0.00791	0.00160	0.01098	0.00412
0.00000	0.02611	0.03047	0.27206	0.13888	0.00875	0.02200	0.00199	0.00196	0.49535	0.00245
1.00000	0.45004	0.00143	0.17424	0.03854	0.02725	0.01350	0.16733	0.06605	0.00743	0.05418
0.00000	0.02305	0.02276	0.22960	0.37368	0.00194	0.01317	0.00766	0.25146	0.02845	0.04825
1.00000	0.00390	0.00090	0.00419	0.00902	0.01757	0.03246	0.01352	0.01012	0.02223	0.88608
1.00000	0.03854	0.01253	0.77289	0.06187	0.00203	0.00868	0.02219	0.04527	0.03440	0.00160
1.00000	0.03475	0.00770	0.00020	0.04152	0.01456	0.82143	0.00823	0.02669	0.01576	0.02915
0.00000	0.42850	0.01259	0.33736	0.00766	0.01806	0.01127	0.11893	0.00695	0.04591	0.01277
0.00000	0.02794	0.00458	0.04083	0.00313	0.37968	0.04863	0.18438	0.02353	0.13115	0.15614
1.00000	0.00139	0.02131	0.00755	0.07146	0.06695	0.02129	0.01743	0.05230	0.16338	0.57693
1.00000	0.00134	0.00237	0.00021	0.00196	0.04495	0.00121	0.00319	0.03350	0.00476	0.90651
1.00000	0.02652	0.01038	0.09610	0.02039	0.03371	0.02205	0.70307	0.01920	0.02585	0.04273
1.00000	0.01155	0.01318	0.04317	0.03537	0.01330	0.05319	0.01358	0.00435	0.76504	0.04728
1.00000	0.19162	0.00260	0.67701	0.06932	0.00535	0.00129	0.00760	0.01127	0.03038	0.00356
1.00000	0.77544	0.00242	0.02680	0.02323	0.00575	0.07195	0.03630	0.02248	0.02073	0.01491
1.00000	0.00729	0.02949	0.00524	0.05716	0.01028	0.00939	0.00108	0.01844	0.85181	0.00983
1.00000	0.02067	0.00244	0.00171	0.03978	0.03315	0.88456	0.00563	0.00068	0.01040	0.00098
1.00000	0.01046	0.00176	0.00455	0.01761	0.73438	0.00242	0.02421	0.07114	0.00538	0.12809
1.00000	0.00335	0.00020	0.00530	0.00075	0.00297	0.01140	0.97435	0.00066	0.00062	0.00040
1.00000	0.03946	0.00160	0.04969	0.00215	0.77865	0.00356	0.01225	0.01022	0.02498	0.07745
1.00000	0.00207	0.00014	0.00051	0.00053	0.00023	0.00459	0.00012	0.98988	0.00146	0.00046
1.00000	0.05265	0.03740	0.00815	0.61199	0.00484	0.06459	0.00867	0.11200	0.05321	0.04650
1.00000	0.01056	0.00494	0.01867	0.02547	0.00740	0.01636	0.00094	0.00403	0.89394	0.01770
0.00000	0.02163	0.02228	0.11343	0.10237	0.00835	0.02985	0.00907	0.08448	0.56698	0.04156
1.00000	0.38695	0.00338	0.07594	0.01253	0.15665	0.04536	0.15896	0.11829	0.02160	0.02034
1.00000	0.02735	0.00644	0.01142	0.55315	0.03734	0.10844	0.01596	0.08096	0.12956	0.02938
1.00000	0.02190	0.00449	0.00985	0.00514	0.00327	0.03554	0.87427	0.00549	0.03958	0.00048
1.00000	0.00481	0.89029	0.04775	0.00131	0.01408	0.00783	0.00180	0.00840	0.02098	0.00275
1.00000	0.01004	0.00209	0.00552	0.72341	0.00102	0.17318	0.00029	0.00447	0.07535	0.00464
1.00000	0.26557	0.02326	0.02065	0.19725	0.01358	0.02502	0.00419	0.00299	0.35748	0.09002
1.00000	0.01426	0.02693	0.01112	0.07233	0.03835	0.03385	0.01512	0.00290	0.72530	0.05985
1.00000	0.04066	0.00199	0.00096	0.00152	0.04353	0.85929	0.02179	0.00160	0.01116	0.01749
0.00000	0.23838	0.01843	0.07725	0.17702	0.02125	0.05806	0.02544	0.15073	0.13567	0.09776
1.00000	0.07183	0.00568	0.09975	0.68948	0.00878	0.01707	0.00538	0.00514	0.07725	0.01964
1.00000	0.30970	0.00894	0.04365	0.50723	0.00323	0.05003	0.00754	0.00918	0.05335	0.00713
1.00000	0.04393	0.00330	0.00242	0.00440	0.62854	0.00346	0.06224	0.06380	0.06615	0.12175
1.00000	0.05814	0.03047	0.10605	0.50099	0.00135	0.06306	0.02284	0.02000	0.19411	0.00299
0.00000	0.00544	0.00518	0.48000	0.17008	0.09273	0.05583	0.03526	0.11211	0.01976	0.02362
1.00000	0.09401	0.01358	0.08536	0.08891	0.03220	0.14473	0.02413	0.02490	0.43371	0.05848
1.00000	0.02996	0.00548	0.11158	0.17238	0.01901	0.06532	0.00727	0.03425	0.51885	0.03589
1.00000	0.95048	0.00019	0.00147	0.00022	0.00035	0.03472	0.00947	0.00067	0.00194	0.00052
1.00000	0.02810	0.00604	0.00033	0.01445	0.00328	0.91943	0.00315	0.00479	0.01227	0.00816
1.00000	0.00250	0.00293	0.09911	0.82837	0.00107	0.01402	0.00445	0.00491	0.03633	0.00630
1.00000	0.02872	0.00354	0.10162	0.00441	0.65202	0.04090	0.01202	0.06098	0.05225	0.04355
1.00000	0.01166	0.07145	0.07589	0.00835	0.70520	0.05608	0.01697	0.00714	0.03336	0.01389
1.00000	0.00131	0.00078	0.00420	0.00358	0.00491	0.00279	0.00035	0.07132	0.02218	0.88857
1.00000	0.10251	0.02133	0.00392	0.04819	0.18635	0.15273	0.02578	0.11851	0.06794	0.27274
1.00000	0.01386	0.00307	0.16688	0.76116	0.00232	0.01355	0.00540	0.00619	0.02263	0.00494
1.00000	0.01241	0.00499	0.02063	0.02574	0.04013	0.01720	0.01702	0.14205	0.11769	0.60214
1.00000	0.02430	0.00405	0.00313	0.01185	0.01763	0.16676	0.01345	0.00556	0.63974	0.11354
1.00000	0.00456	0.00041	0.00168	0.00423	0.20141	0.00124	0.00577	0.01239	0.00643	0.76188
1.00000	0.03419	0.00380	0.00348	0.04469	0.02445	0.02888	0.00276	0.00249	0.76509	0.09016
1.00000	0.94072	0.00070	0.00453	0.00258	0.00065	0.01788	0.02906	0.00238	0.00098	0.00053
1.00000	0.00576	0.84125	0.06772	0.00531	0.03051	0.00491	0.00972	0.00647	0.01837	0.00997
1.00000	0.01785	0.00237	0.00112	0.45108	0.00584	0.03334	0.00096	0.01061	0.37847	0.09836
1.00000	0.93326	0.00065	0.00155	0.00491	0.00189	0.04214	0.01282	0.00094	0.00090	0.00092
1.00000	0.04185	0.00483	0.50661	0.03157	0.25127	0.00703	0.04313	0.06911	0.00799	0.03661
1.00000	0.02330	0.00279	0.00191	0.00408	0.04679	0.00632	0.00107	0.10226	0.12517	0.68629
1.00000	0.00065	0.00022	0.00031	0.00076	0.00208	0.00266	0.00015	0.94668	0.00107	0.04541
1.00000	0.01538	0.00713	0.04005	0.02961	0.01728	0.17120	0.09581	0.00170	0.61550	0.00634
1.00000	0.09602	0.00144	0.00271	0.02932	0.02125	0.06091	0.00246	0.73620	0.00403	0.04567
1.00000	0.99628	0.00006	0.00086	0.00042	0.00017	0.00012	0.00043	0.00014	0.00096	0.00057
1.00000	0.00230	0.05413	0.00335	0.00380	0.10630	0.00844	0.00047	0.11385	0.06224	0.64511
1.00000	0.06241	0.00135	0.09161	0.02929	0.01768	0.00377	0.75662	0.01448	0.01734	0.00544
1.00000	0.00042	0.01415	0.00420	0.00114	0.00064	0.00039	0.00009	0.95253	0.00739	0.01906
1.00000	0.00939	0.00027	0.00257	0.00109	0.92773	0.00406	0.00371	0.00768	0.00583	0.03768
1.00000	0.00740	0.00025	0.00454	0.00072	0.00244	0.00273	0.00222	0.94238	0.00071	0.03661
1.00000	0.02899	0.52496	0.12102	0.02694	0.05354	0.00742	0.00979	0.05259	0.16799	0.00676
1.00000	0.00285	0.00656	0.00070	0.01277	0.06152	0.01089	0.00189	0.01212	0.08178	0.80893
1.00000	0.02182	0.00608	0.56976	0.24956	0.00424	0.00744	0.00877	0.12092	0.00859	0.00281
1.00000	0.24084	0.03296	0.31465	0.10325	0.03430	0.04630	0.03786	0.02128	0.09965	0.06893
1.00000	0.00924	0.00199	0.78674	0.13175	0.00384	0.00189	0.01817	0.00249	0.04234	0.00156
1.00000	0.00074	0.93484	0.00390	0.00297	0.00640	0.01558	0.00439	0.00851	0.00337	0.01930
1.00000	0.00095	0.00331	0.01135	0.00902	0.00895	0.02345	0.00101	0.00069	0.93056	0.01071
1.00000	0.01698	0.00566	0.00253	0.89639	0.00284	0.01803	0.00086	0.00348	0.05087	0.00236
1.00000	0.03396	0.00056	0.05532	0.85524	0.00344	0.02952	0.00590	0.00328	0.01067	0.00211
1.00000	0.00121	0.00232	0.00260	0.79812	0.00081	0.03976	0.00037	0.02778	0.12526	0.00178
1.00000	0.01479	0.00008	0.00183	0.00027	0.00227	0.00368	0.00010	0.97328	0.00020	0.00350
1.00000	0.54257	0.00567	0.07851	0.22628	0.00329	0.02819	0.06586	0.02313	0.00274	0.02376
0.00000	0.34373	0.00289	0.03950	0.00416	0.09236	0.02101	0.03078	0.10770	0.14261	0.21526
1.00000	0.66879	0.00349	0.03505	0.00131	0.10151	0.01195	0.07110	0.07737	0.01050	0.01893
1.00000	0.05834	0.01276	0.01594	0.41757	0.01570	0.05789	0.02527	0.00465	0.32681	0.06508
1.00000	0.00220	0.91147	0.00836	0.00103	0.00173	0.01768	0.00178	0.01643	0.01979	0.01954
1.00000	0.02341	0.01667	0.00205	0.54435	0.00556	0.35983	0.00284	0.01034	0.03170	0.00326
1.00000	0.05042	0.00847	0.00521	0.04189	0.02682	0.02179	0.02214	0.76443	0.00609	0.05273
1.00000	0.02623	0.00127	0.00029	0.00688	0.00278	0.92293	0.02057	0.00088	0.01575	0.00244
1.00000	0.07535	0.38040	0.03797	0.01156	0.00509	0.42353	0.01680	0.00315	0.04362	0.00253
1.00000	0.03457	0.03314	0.00625	0.03024	0.00376	0.02585	0.00106	0.02523	0.75824	0.08166
1.00000	0.01663	0.03344	0.00981	0.01098	0.02313	0.00391	0.00146	0.81949	0.00672	0.07442
1.00000	0.01385	0.01921	0.00548	0.10043	0.00235	0.02786	0.00140	0.08459	0.72310	0.02172
1.00000	0.00683	0.10774	0.00249	0.00247	0.76973	0.00330	0.01766	0.01311	0.04113	0.03554
1.00000	0.03550	0.00940	0.00234	0.05671	0.00856	0.79917	0.02754	0.00113	0.05272	0.00692
1.00000	0.02661	0.00387	0.04034	0.00422	0.90151	0.00573	0.00372	0.00454	0.00711	0.00235
1.00000	0.02912	0.01197	0.78898	0.00752	0.07924	0.00607	0.02877	0.00231	0.03964	0.00638
1.00000	0.01991	0.09181	0.00277	0.00418	0.08310	0.00822	0.00322	0.07209	0.12192	0.59275
1.00000	0.00237	0.90734	0.00407	0.00089	0.01013	0.01286	0.00182	0.01389	0.03372	0.01290
1.00000	0.00627	0.01655	0.00574	0.00176	0.73636	0.01767	0.02158	0.00849	0.00557	0.18001
1.00000	0.03001	0.01254	0.00582	0.06475	0.01099	0.06920	0.00734	0.00758	0.76262	0.02914
1.00000	0.00220	0.00413	0.00088	0.00070	0.10419	0.00154	0.00253	0.00865	0.01136	0.86383
1.00000	0.09854	0.03023	0.00221	0.02576	0.01326	0.54193	0.00084	0.03305	0.18843	0.06575
0.00000	0.02409	0.06345	0.03053	0.12935	0.16716	0.20071	0.01296	0.21444	0.02366	0.13364
1.00000	0.00791	0.00063	0.00213	0.00205	0.00158	0.01699	0.00058	0.00072	0.94206	0.02534
1.00000	0.07280	0.00203	0.14361	0.31182	0.00306	0.03052	0.01592	0.00085	0.41528	0.00410
1.00000	0.91430	0.01796	0.00872	0.01303	0.00565	0.01763	0.00773	0.00167	0.00974	0.00357
1.00000	0.01805	0.00872	0.01080	0.16587	0.08551	0.42180	0.21802	0.00434	0.04877	0.01810
1.00000	0.16674	0.03113	0.44202	0.14693	0.03129	0.06013	0.01346	0.02386	0.08069	0.00376
1.00000	0.22260	0.00124	0.00167	0.00427	0.00961	0.16822	0.56843	0.00147	0.01950	0.00298
1.00000	0.02403	0.01197	0.06900	0.04225	0.00770	0.00866	0.00856	0.75958	0.05832	0.00993
1.00000	0.01165	0.02958	0.02304	0.64386	0.00707	0.05391	0.00643	0.07437	0.11332	0.03676
1.00000	0.00144	0.00244	0.00130	0.00679	0.09181	0.00324	0.00372	0.03749	0.03685	0.81491
1.00000	0.00378	0.00161	0.86450	0.05644	0.02014	0.02179	0.00865	0.00682	0.01466	0.00163
1.00000	0.01088	0.01357	0.00279	0.02590	0.00680	0.00352	0.00193	0.00343	0.92845	0.00273
1.00000	0.05154	0.01487	0.00561	0.00305	0.12637	0.64717	0.03775	0.00469	0.03842	0.07054
1.00000	0.13069	0.01142	0.14526	0.05452	0.05169	0.04796	0.09161	0.15886	0.22735	0.08064
1.00000	0.00177	0.01413	0.00229	0.00275	0.09541	0.01199	0.00239	0.05833	0.01025	0.80069
1.00000	0.00498	0.00053	0.86115	0.03545	0.00188	0.00103	0.00446	0.06234	0.02597	0.00222
1.00000	0.00382	0.00485	0.01139	0.00196	0.02009	0.00061	0.94345	0.00109	0.00990	0.00284
1.00000	0.00816	0.00166	0.00298	0.00168	0.12528	0.00379	0.00411	0.05317	0.00821	0.79097
1.00000	0.00339	0.00830	0.81187	0.05438	0.00934	0.00352	0.03061	0.04065	0.00226	0.03568
1.00000	0.96590	0.00023	0.00056	0.00338	0.00025	0.01919	0.00057	0.00052	0.00066	0.00874
1.00000	0.08566	0.08682	0.03812	0.00399	0.06772	0.09110	0.56022	0.00366	0.02445	0.03825
0.00000	0.01068	0.00343	0.05998	0.11569	0.01398	0.02364	0.02096	0.00365	0.69395	0.05404
1.00000	0.92260	0.00096	0.00095	0.00389	0.00101	0.04128	0.01349	0.01253	0.00225	0.00104
1.00000	0.21288	0.00277	0.05758	0.00991	0.04318	0.18185	0.47751	0.00260	0.01040	0.00132
1.00000	0.43062	0.00284	0.01483	0.07814	0.02279	0.33351	0.01203	0.06026	0.00615	0.03884
1.00000	0.03738	0.03190	0.01863	0.58245	0.01990	0.24095	0.02171	0.01140	0.03446	0.00123
1.00000	0.00077	0.00454	0.86843	0.05695	0.00293	0.02052	0.00939	0.01851	0.01645	0.00150
1.00000	0.01036	0.00015	0.01102	0.00139	0.00805	0.00443	0.95647	0.00595	0.00199	0.00019
1.00000	0.04479	0.03157	0.01986	0.03188	0.06067	0.06421	0.00565	0.17221	0.06420	0.50497
1.00000	0.00178	0.00279	0.00027	0.00181	0.00235	0.00097	0.00006	0.97547	0.00026	0.01425
1.00000	0.00266	0.00031	0.00323	0.00368	0.09504	0.00176	0.00068	0.08358	0.00537	0.80368
1.00000	0.69268	0.00361	0.00413	0.04143	0.00313	0.14000	0.00436	0.03519	0.01804	0.05744
1.00000	0.01906	0.00112	0.00649	0.00507	0.04032	0.00610	0.00060	0.23622	0.03450	0.65054
0.00000	0.24114	0.00217	0.05341	0.44416	0.00878	0.04812	0.01429	0.00103	0.15779	0.02910
1.00000	0.07284	0.00258	0.03684	0.02696	0.02813	0.05866	0.01287	0.02440	0.59621	0.14052
1.00000	0.00416	0.00107	0.07588	0.00031	0.04942	0.00069	0.84297	0.01756	0.00340	0.00456
1.00000	0.02600	0.00260	0.00057	0.00985	0.02717	0.00756	0.00508	0.82210	0.00840	0.09067
1.00000	0.20523	0.01259	0.00084	0.07568	0.01182	0.65397	0.00402	0.00156	0.01324	0.02105
1.00000	0.93497	0.00014	0.00771	0.00258	0.00248	0.01917	0.02164	0.00263	0.00516	0.00351
1.00000	0.00118	0.93989	0.03426	0.00292	0.00334	0.00454	0.00549	0.00203	0.00409	0.00225
1.00000	0.29548	0.00986	0.01983	0.23876	0.00537	0.34421	0.03300	0.00666	0.03778	0.00906
1.00000	0.06760	0.00610	0.58039	0.02265	0.09392	0.02948	0.01466	0.04533	0.04973	0.09014
1.00000	0.01501	0.00216	0.00029	0.00818	0.00358	0.88423	0.00715	0.00009	0.07465	0.00466
1.00000	0.03740	0.00610	0.04775	0.01888	0.60146	0.01317	0.01010	0.06776	0.06916	0.12820
1.00000	0.00521	0.01718	0.06879	0.00609	0.09663	0.00603	0.00641	0.77178	0.00130	0.02059
0.00000	0.03042	0.00713	0.24163	0.32171	0.01775	0.07831	0.04489	0.13277	0.11519	0.01020
1.00000	0.00577	0.00104	0.01050	0.05697	0.00381	0.01684	0.00811	0.00057	0.86789	0.02848
1.00000	0.00628	0.00016	0.00150	0.00070	0.00042	0.00332	0.97843	0.00013	0.00892	0.00014
1.00000	0.11995	0.00225	0.03079	0.00746	0.06955	0.00142	0.53599	0.01132	0.17862	0.04265
1.00000	0.00220	0.95694	0.00943	0.00016	0.00302	0.00415	0.00112	0.00882	0.00070	0.01347
0.00000	0.65376	0.00617	0.09791	0.06737	0.00460	0.06363	0.00319	0.02410	0.06445	0.01482
1.00000	0.00021	0.00014	0.00011	0.00024	0.00023	0.00101	0.00004	0.99699	0.00029	0.00075
1.00000	0.01128	0.01345	0.60259	0.03964	0.06764	0.00647	0.06108	0.13048	0.05267	0.01470
0.00000	0.24631	0.00163	0.11129	0.23731	0.00223	0.01833	0.01943	0.00167	0.36014	0.00167
1.00000	0.18066	0.01010	0.02002	0.11068	0.04286	0.44817	0.04761	0.00775	0.10132	0.03084
1.00000	0.00053	0.00056	0.00038	0.00027	0.00043	0.00642	0.00004	0.97815	0.00318	0.01004
1.00000	0.26828	0.00065	0.00642	0.07211	0.00397	0.06449	0.53161	0.00612	0.03535	0.01099
1.00000	0.90847	0.00099	0.02581	0.02025	0.00311	0.01331	0.00563	0.00155	0.00555	0.01534
1.00000	0.00957	0.00520	0.02044	0.73266	0.00924	0.12673	0.00641	0.00481	0.06595	0.01899
1.00000	0.00222	0.00169	0.00032	0.00036	0.88280	0.00022	0.01166	0.02267	0.00710	0.07097
1.00000	0.00076	0.00876	0.96914	0.01203	0.00185	0.00068	0.00465	0.00078	0.00115	0.00020
1.00000	0.11230	0.01905	0.00312	0.00325	0.48283	0.01996	0.03861	0.04117	0.13241	0.14730
1.00000	0.01569	0.00213	0.00268	0.23792	0.00185	0.67189	0.01292	0.01471	0.02590	0.01431
1.00000	0.01075	0.82011	0.01669	0.00294	0.01082	0.04672	0.03139	0.00385	0.02260	0.03412
1.00000	0.05793	0.04564	0.06045	0.01950	0.18842	0.02703	0.04241	0.44392	0.01762	0.09707
1.00000	0.04527	0.00631	0.17822	0.05215	0.03405	0.09477	0.12583	0.02120	0.41232	0.02988
1.00000	0.68883	0.03586	0.07632	0.01090	0.01336	0.01125	0.11964	0.02714	0.00575	0.01095
1.00000	0.00051	0.95296	0.00312	0.00140	0.00218	0.00862	0.00282	0.01189	0.00175	0.01474
1.00000	0.01601	0.00702	0.02385	0.01158	0.83691	0.00505	0.01505	0.02208	0.02909	0.03335
1.00000	0.02592	0.00398	0.00658	0.01732	0.77410	0.00108	0.04326	0.10565	0.00467	0.01746
1.00000	0.03582	0.00988	0.00097	0.00384	0.04741	0.71090	0.00386	0.01888	0.13857	0.02986
1.00000	0.00370	0.01309	0.00524	0.02971	0.02391	0.55828	0.00335	0.22146	0.10625	0.03501
1.00000	0.00132	0.00088	0.00139	0.00107	0.03338	0.00772	0.00288	0.02401	0.01212	0.91523
1.00000	0.82896	0.00155	0.01331	0.01122	0.00414	0.04080	0.01310	0.01232	0.04500	0.02960
1.00000	0.00155	0.00309	0.97028	0.00644	0.00403	0.00149	0.00258	0.00094	0.00835	0.00125
1.00000	0.01003	0.82160	0.02011	0.01609	0.00895	0.01072	0.00216	0.01034	0.06782	0.03219
1.00000	0.02429	0.00285	0.01818	0.00232	0.86743	0.00162	0.04668	0.02449	0.00631	0.00583
1.00000	0.94284	0.00119	0.00142	0.00184	0.00465	0.00129	0.00169	0.01134	0.03240	0.00135
1.00000	0.00805	0.00025	0.00102	0.00460	0.00068	0.00244	0.00007	0.93312	0.00020	0.04957
1.00000	0.01639	0.00757	0.09985	0.04104	0.10082	0.01060	0.06797	0.05620	0.46599	0.13357
0.00000	0.06486	0.01553	0.00077	0.28495	0.05096	0.28320	0.01625	0.04363	0.08860	0.15124
0.00000	0.02705	0.24670	0.02630	0.00668	0.02848	0.09872	0.00949	0.15216	0.22635	0.17807
1.00000	0.00386	0.01052	0.02721	0.00738	0.12367	0.01179	0.00750	0.01350	0.09393	0.70064
1.00000	0.27021	0.01871	0.00596	0.18878	0.01332	0.31822	0.00661	0.01759	0.14927	0.01134
0.00000	0.06543	0.07428	0.00896	0.14344	0.05938	0.16752	0.03675	0.03997	0.28974	0.11454
1.00000	0.00459	0.00117	0.00700	0.00038	0.91232	0.00582	0.01348	0.00900	0.00609	0.04015
1.00000	0.00572	0.00895	0.01486	0.02016	0.07900	0.01248	0.01581	0.75338	0.00818	0.08146
1.00000	0.00479	0.88528	0.00944	0.00319	0.02083	0.01162	0.00081	0.03080	0.01112	0.02212
1.00000	0.02441	0.00056	0.00706	0.00438	0.00410	0.07402	0.00030	0.86406	0.00210	0.01901
1.00000	0.00182	0.02918	0.01158	0.00529	0.00079	0.00126	0.00009	0.91216	0.01598	0.02184
1.00000	0.02897	0.13464	0.51198	0.21703	0.00521	0.00655	0.02815	0.01953	0.04682	0.00113
1.00000	0.00052	0.00067	0.95229	0.02944	0.00218	0.00241	0.00835	0.00189	0.00181	0.00047
1.00000	0.00204	0.93981	0.00538	0.00037	0.00608	0.01602	0.00157	0.00710	0.00165	0.01999
1.00000	0.00335	0.93320	0.00527	0.00051	0.01053	0.00567	0.00082	0.00789	0.02603	0.00671
1.00000	0.00558	0.00103	0.00117	0.00237	0.06597	0.01244	0.00766	0.00635	0.01647	0.88095
1.00000	0.00243	0.95205	0.00655	0.00046	0.01005	0.00237	0.00131	0.00791	0.00782	0.00906
1.00000	0.70973	0.00558	0.07712	0.00603	0.03774	0.03715	0.07558	0.03362	0.00574	0.01171
1.00000	0.00073	0.00081	0.00026	0.00069	0.00413	0.00418	0.00036	0.00024	0.98318	0.00542
1.00000	0.94055	0.00020	0.00218	0.00027	0.00163	0.03608	0.01324	0.00086	0.00411	0.00087
1.00000	0.00071	0.00011	0.00125	0.00142	0.97011	0.00075	0.00081	0.00086	0.00038	0.02361
1.00000	0.00873	0.05642	0.00901	0.02858	0.63664	0.00842	0.03132	0.02182	0.02496	0.17409
1.00000	0.20013	0.00976	0.47716	0.08572	0.05882	0.01636	0.10897	0.00144	0.03661	0.00503
1.00000	0.02688	0.00056	0.00881	0.85361	0.00070	0.01243	0.00336	0.00347	0.08687	0.00331
1.00000	0.00040	0.00037	0.00026	0.00051	0.00020	0.00049	0.00001	0.99672	0.00018	0.00084
1.00000	0.82761	0.00450	0.06497	0.01670	0.00408	0.02532	0.03657	0.00660	0.00518	0.00847
1.00000	0.00064	0.00037	0.00659	0.00215	0.00176	0.01830	0.95053	0.00081	0.01874	0.00012
1.00000	0.00180	0.00279	0.00226	0.04174	0.81222	0.00492	0.00535	0.03501	0.01336	0.08056
1.00000	0.00308	0.00603	0.00456	0.04997	0.02393	0.01248	0.00033	0.86180	0.00904	0.02879
1.00000	0.08336	0.00499	0.21511	0.14324	0.02157	0.01027	0.00314	0.02218	0.39468	0.10146
1.00000	0.00408	0.91211	0.00765	0.00222	0.00363	0.01418	0.00522	0.01894	0.01076	0.02122
1.00000	0.01350	0.19149	0.03318	0.31129	0.05399	0.12062	0.00637	0.01563	0.15580	0.09814
1.00000	0.00462	0.01092	0.00710	0.54921	0.00830	0.03820	0.00126	0.03860	0.31909	0.02272
1.00000	0.00999	0.01341	0.77078	0.06594	0.02023	0.02025	0.02924	0.00196	0.06363	0.00457
1.00000	0.01459	0.01603	0.74950	0.01158	0.00634	0.02736	0.13828	0.00211	0.01863	0.01558
0.00000	0.06715	0.00907	0.28328	0.14969	0.00770	0.04644	0.00997	0.03792	0.37015	0.01862
1.00000	0.92806	0.00239	0.01063	0.01083	0.00100	0.02091	0.02063	0.00049	0.00281	0.00226
1.00000	0.01039	0.00482	0.78938	0.01585	0.04151	0.01129	0.04338	0.02955	0.04004	0.01380
1.00000	0.04656	0.00168	0.01997	0.85679	0.00267	0.05459	0.00471	0.00402	0.00835	0.00066
1.00000	0.02005	0.02213	0.02345	0.11455	0.03634	0.31957	0.03929	0.01065	0.38898	0.02499
1.00000	0.04506	0.00080	0.06601	0.00132	0.00552	0.00210	0.87637	0.00100	0.00070	0.00112
1.00000	0.00039	0.02291	0.00081	0.00514	0.01005	0.00964	0.00408	0.06003	0.01720	0.86976
0.00000	0.01602	0.10743	0.01667	0.15106	0.03118	0.11862	0.00586	0.31751	0.09212	0.14354
1.00000	0.00563	0.01354	0.07492	0.01582	0.04272	0.01232	0.78598	0.02627	0.01223	0.01057
1.00000	0.08077	0.00243	0.00543	0.02567	0.01719	0.02640	0.00184	0.00497	0.80044	0.03486
1.00000	0.00326	0.00151	0.03440	0.02864	0.00152	0.91414	0.01146	0.00048	0.00422	0.00037
1.00000	0.02304	0.04246	0.07732	0.06230	0.32973	0.01922	0.13345	0.00595	0.25605	0.05050
1.00000	0.02204	0.00642	0.03765	0.00170	0.20863	0.00561	0.06097	0.02279	0.02400	0.61019
1.00000	0.00122	0.01195	0.00961	0.00162	0.01230	0.06263	0.00100	0.79315	0.00771	0.09882
1.00000	0.01647	0.31438	0.49820	0.04726	0.00907	0.01190	0.03353	0.00261	0.06557	0.00102
1.00000	0.00073	0.00044	0.00087	0.00466	0.00105	0.04189	0.00010	0.94657	0.00063	0.00305
1.00000	0.12074	0.00179	0.01250	0.02913	0.00922	0.00212	0.00581	0.03811	0.73241	0.04816
0.00000	0.01271	0.00731	0.00342	0.28391	0.00833	0.06677	0.00090	0.04155	0.48636	0.08875
1.00000	0.12113	0.00477	0.03034	0.05616	0.00292	0.65411	0.05305	0.00747	0.05301	0.01705
1.00000	0.70043	0.00341	0.04188	0.01115	0.02818	0.05088	0.08581	0.00647	0.04251	0.02928
1.00000	0.00629	0.07954	0.20234	0.12796	0.00499	0.00175	0.00206	0.41815	0.13489	0.02203
1.00000	0.00263	0.00197	0.00031	0.00074	0.90393	0.00144	0.00168	0.00214	0.01682	0.06834
1.00000	0.02698	0.00165	0.00759	0.00480	0.05504	0.00088	0.05585	0.02018	0.03743	0.78960
1.00000	0.05756	0.01223	0.02719	0.47317	0.03093	0.23546	0.00456	0.01559	0.13916	0.00418
1.00000	0.14995	0.00668	0.00253	0.16634	0.04606	0.56010	0.00173	0.00159	0.06236	0.00267
1.00000	0.00870	0.00177	0.00990	0.00352	0.89932	0.00713	0.00215	0.05002	0.01410	0.00340
1.00000	0.02211	0.00976	0.21555	0.38144	0.00329	0.05350	0.10222	0.00451	0.19498	0.01265
1.00000	0.89986	0.00241	0.00291	0.02816	0.01515	0.01692	0.00749	0.00302	0.02058	0.00350
1.00000	0.00496	0.01555	0.55729	0.31840	0.02117	0.02061	0.02175	0.00406	0.03305	0.00316
1.00000	0.07453	0.00594	0.33060	0.00933	0.10113	0.02845	0.03452	0.02515	0.02709	0.36327
1.00000	0.21337	0.00963	0.02988	0.54547	0.01189	0.09188	0.00388	0.00472	0.08268	0.00659
1.00000	0.00075	0.96676	0.00693	0.00048	0.00150	0.00188	0.00080	0.00715	0.00074	0.01300
1.00000	0.10974	0.00041	0.02649	0.00740	0.00385	0.15955	0.68742	0.00158	0.00245	0.00110
1.00000	0.00755	0.00356	0.00149	0.00337	0.13052	0.00562	0.00492	0.05479	0.01840	0.76978
1.00000	0.00132	0.85785	0.00682	0.00150	0.01765	0.00516	0.00237	0.05049	0.00388	0.05295
1.00000	0.00278	0.02851	0.00108	0.02023	0.08728	0.01064	0.00100	0.16250	0.04480	0.64116
1.00000	0.06461	0.00633	0.02896	0.80068	0.00070	0.05909	0.00213	0.00136	0.02820	0.00795
0.00000	0.54010	0.03262	0.14135	0.14774	0.00545	0.04898	0.01675	0.04587	0.01635	0.00478
1.00000	0.04236	0.00186	0.01103	0.00188	0.62545	0.01714	0.11789	0.01049	0.01317	0.15872
1.00000	0.00981	0.00263	0.00151	0.00089	0.66145	0.00717	0.00361	0.04365	0.00697	0.26232
1.00000	0.03894	0.04255	0.00853	0.73989	0.00138	0.06600	0.00415	0.02297	0.06136	0.01422
1.00000	0.82940	0.00536	0.01147	0.00398	0.00722	0.06644	0.00134	0.01344	0.00193	0.05942
1.00000	0.05798	0.00432	0.03300	0.00664	0.74471	0.00537	0.06788	0.02391	0.02357	0.03261
1.00000	0.08583	0.00092	0.00689	0.00515	0.80699	0.00648	0.02270	0.02796	0.01012	0.02697
1.00000	0.00386	0.83915	0.02966	0.00831	0.00706	0.05631	0.00126	0.02125	0.02931	0.00383
1.00000	0.06329	0.04546	0.00519	0.44301	0.01138	0.16972	0.02164	0.04077	0.17659	0.02295
1.00000	0.69385	0.01179	0.06978	0.02738	0.00706	0.04133	0.04031	0.03410	0.02404	0.05036
1.00000	0.00094	0.01729	0.00100	0.02175	0.03047	0.02988	0.01212	0.04905	0.01688	0.82061
1.00000	0.01205	0.00371	0.00145	0.00466	0.14546	0.00065	0.00216	0.00724	0.07331	0.74932
1.00000	0.06601	0.09599	0.03885	0.00738	0.02436	0.12445	0.57278	0.00344	0.02390	0.04283
1.00000	0.00334	0.00169	0.11358	0.03860	0.01695	0.01434	0.01087	0.00050	0.79178	0.00836
1.00000	0.01894	0.04902	0.45159	0.25773	0.00865	0.03007	0.00909	0.09487	0.06052	0.01953
1.00000	0.04021	0.02014	0.00230	0.07873	0.02009	0.25966	0.01270	0.07481	0.08815	0.40320
1.00000	0.01001	0.14595	0.03171	0.00471	0.22165	0.02491	0.00612	0.41229	0.05314	0.08951
1.00000	0.04369	0.00668	0.02992	0.15306	0.00474	0.72539	0.01339	0.00430	0.01725	0.00157
1.00000	0.01805	0.01061	0.08880	0.17365	0.05664	0.01326	0.02322	0.41823	0.11567	0.08187
1.00000	0.03243	0.03257	0.01103	0.00409	0.06792	0.01254	0.00308	0.01040	0.80424	0.02170
1.00000	0.02586	0.01518	0.01498	0.00940	0.05811	0.04209	0.02224	0.07229	0.24843	0.49142
1.00000	0.00975	0.00310	0.74168	0.04843	0.07304	0.00547	0.00827	0.00797	0.07519	0.02709
1.00000	0.09546	0.02361	0.00520	0.00367	0.03861	0.73061	0.02406	0.00282	0.06413	0.01184
1.00000	0.00692	0.00232	0.77318	0.08930	0.01804	0.00837	0.01582	0.04993	0.02538	0.01075
1.00000	0.10911	0.01663	0.01219	0.53815	0.02839	0.24234	0.00166	0.00637	0.03255	0.01260
1.00000	0.08485	0.00177	0.02644	0.00584	0.02588	0.17391	0.02659	0.01671	0.56307	0.07493
0.00000	0.08172	0.00208	0.19118	0.12564	0.00326	0.02313	0.00477	0.00249	0.54352	0.02223
1.00000	0.00746	0.01869	0.01590	0.72212	0.00249	0.05814	0.00127	0.01871	0.14428	0.01094
1.00000	0.00092	0.02034	0.00136	0.00526	0.03451	0.00396	0.00355	0.05008	0.11493	0.76509
1.00000	0.00059	0.00043	0.04543	0.00014	0.00132	0.00260	0.94700	0.00013	0.00191	0.00045
1.00000	0.00164	0.02155	0.00137	0.00261	0.02054	0.00193	0.00010	0.93876	0.00096	0.01053
1.00000	0.92016	0.00253	0.01068	0.00157	0.00094	0.01578	0.04226	0.00190	0.00281	0.00136
1.00000	0.94310	0.00105	0.00132	0.00291	0.00056	0.03478	0.01083	0.00190	0.00156	0.00200
1.00000	0.00617	0.01808	0.02154	0.00476	0.03661	0.83025	0.01656	0.00724	0.01665	0.04213
1.00000	0.05887	0.00957	0.62610	0.05815	0.00207	0.05983	0.13831	0.00663	0.03972	0.00076
1.00000	0.01516	0.00241	0.14281	0.76706	0.00060	0.01513	0.00850	0.00383	0.03917	0.00533
1.00000	0.00439	0.04701	0.53723	0.06012	0.06829	0.01936	0.02245	0.07268	0.07537	0.09310
1.00000	0.00719	0.00214	0.00163	0.00081	0.00528	0.78021	0.02246	0.00291	0.15742	0.01995
1.00000	0.00202	0.88871	0.00482	0.00390	0.02167	0.04986	0.00456	0.00711	0.00324	0.01411
1.00000	0.84939	0.00454	0.03573	0.01214	0.02329	0.00478	0.04179	0.01427	0.01049	0.00358
1.00000	0.04624	0.00198	0.19882	0.15251	0.00362	0.00477	0.00774	0.50463	0.06508	0.01460
1.00000	0.02141	0.00095	0.03126	0.04859	0.00361	0.01074	0.01660	0.00126	0.84143	0.02415
0.00000	0.01274	0.01455	0.00934	0.00338	0.28793	0.00286	0.01082	0.02256	0.01727	0.61856
1.00000	0.12126	0.00048	0.00478	0.00159	0.47732	0.01203	0.07066	0.01349	0.01924	0.27915
1.00000	0.01439	0.00908	0.40214	0.16410	0.00718	0.01176	0.03348	0.02321	0.33174	0.00291
1.00000	0.00993	0.04863	0.79278	0.02447	0.03011	0.00944	0.02107	0.00264	0.05893	0.00199
1.00000	0.00139	0.01120	0.03077	0.26314	0.05242	0.07764	0.00694	0.05176	0.43976	0.06498
