1.00000	0.00150	0.98591	0.00163	0.00072	0.00196	0.00197	0.00068	0.00175	0.00055	0.00334
1.00000	0.00183	0.00090	0.00632	0.01124	0.00056	0.00056	0.00067	0.96805	0.00180	0.00807
1.00000	0.88001	0.00136	0.00604	0.00240	0.00092	0.04386	0.02609	0.01606	0.01353	0.00973
1.00000	0.04908	0.00478	0.00425	0.02169	0.01447	0.72741	0.04526	0.00522	0.05664	0.07120
1.00000	0.00125	0.00081	0.02086	0.01142	0.80958	0.00763	0.00152	0.05156	0.00269	0.09266
0.00000	0.00395	0.01754	0.04615	0.00636	0.10437	0.10566	0.00410	0.33080	0.03806	0.34300
1.00000	0.00064	0.00240	0.00128	0.00823	0.00025	0.97433	0.00175	0.00030	0.00327	0.00754
1.00000	0.26517	0.01787	0.40338	0.06257	0.07478	0.08594	0.05604	0.00972	0.01204	0.01250
0.00000	0.00277	0.00621	0.02348	0.00843	0.13152	0.03500	0.00279	0.24370	0.03336	0.51274
1.00000	0.07253	0.01789	0.01152	0.00452	0.16882	0.06997	0.02249	0.10702	0.09163	0.43363
1.00000	0.00324	0.90194	0.00512	0.02182	0.01397	0.00868	0.00312	0.02376	0.00660	0.01175
1.00000	0.02429	0.00064	0.93628	0.00050	0.00512	0.00061	0.02887	0.00059	0.00166	0.00144
1.00000	0.00062	0.03873	0.00862	0.00811	0.63734	0.05061	0.01099	0.00596	0.00516	0.23386
1.00000	0.00392	0.94812	0.00250	0.00137	0.00180	0.01967	0.00488	0.00638	0.00215	0.00919
1.00000	0.00654	0.81795	0.03564	0.00738	0.00718	0.04731	0.00160	0.05814	0.01309	0.00517
1.00000	0.00812	0.01004	0.09665	0.30753	0.07469	0.24432	0.05683	0.08107	0.02443	0.09633
1.00000	0.00177	0.97314	0.00153	0.00126	0.00288	0.00361	0.00333	0.01079	0.00034	0.00134
1.00000	0.02021	0.00858	0.01036	0.02036	0.03021	0.11867	0.77173	0.00081	0.01397	0.00509
1.00000	0.00018	0.00040	0.00251	0.00042	0.90898	0.00078	0.00113	0.00080	0.00224	0.08256
1.00000	0.00095	0.00063	0.01404	0.03040	0.15415	0.01596	0.01792	0.05754	0.02785	0.68056
1.00000	0.00663	0.00090	0.00686	0.90217	0.00198	0.03425	0.00443	0.01736	0.01927	0.00617
1.00000	0.00038	0.00012	0.00703	0.00452	0.73956	0.00047	0.00446	0.00510	0.02750	0.21085
1.00000	0.00038	0.00001	0.00024	0.00010	0.13240	0.00534	0.00120	0.00736	0.00247	0.85051
1.00000	0.06888	0.02899	0.04577	0.13369	0.01196	0.07311	0.03064	0.00621	0.56087	0.03988
1.00000	0.00196	0.00015	0.00351	0.00096	0.01636	0.00693	0.00444	0.00451	0.06167	0.89948
1.00000	0.69540	0.00258	0.07654	0.02668	0.00601	0.03768	0.07661	0.01164	0.06331	0.00354
1.00000	0.00168	0.00025	0.01621	0.00829	0.00418	0.00491	0.00344	0.77315	0.00301	0.18488
1.00000	0.04120	0.01203	0.03665	0.00557	0.00205	0.00458	0.86380	0.00282	0.02534	0.00596
1.00000	0.01369	0.02249	0.05746	0.00724	0.08726	0.24999	0.08418	0.03030	0.38451	0.06289
1.00000	0.00203	0.01232	0.00695	0.00762	0.01837	0.00136	0.94554	0.00175	0.00065	0.00341
1.00000	0.01188	0.58034	0.04228	0.06458	0.06500	0.02207	0.00821	0.04052	0.11785	0.04726
1.00000	0.01485	0.00283	0.02778	0.91637	0.00041	0.02348	0.00103	0.00168	0.01047	0.00111
1.00000	0.01170	0.87365	0.03147	0.01293	0.00324	0.00922	0.01068	0.00175	0.04052	0.00484
1.00000	0.04559	0.00291	0.02655	0.01187	0.40469	0.05272	0.06922	0.09112	0.10895	0.18638
1.00000	0.00326	0.00150	0.02098	0.00301	0.00816	0.01195	0.94543	0.00143	0.00145	0.00282
1.00000	0.00793	0.13683	0.71362	0.03082	0.01589	0.00512	0.04656	0.00691	0.01510	0.02121
1.00000	0.00162	0.00788	0.00708	0.02425	0.08874	0.26109	0.06173	0.03147	0.48367	0.03247
1.00000	0.86062	0.00136	0.03461	0.00928	0.00821	0.02474	0.03793	0.00775	0.00356	0.01195
1.00000	0.00118	0.09200	0.01127	0.03332	0.39699	0.05397	0.02635	0.01687	0.00888	0.35917
1.00000	0.02368	0.01356	0.34839	0.06153	0.00828	0.02811	0.03370	0.08459	0.26492	0.13324
1.00000	0.19964	0.00493	0.02006	0.43663	0.00733	0.10625	0.05485	0.02213	0.14287	0.00531
1.00000	0.01575	0.00589	0.91904	0.01422	0.00128	0.00053	0.02782	0.00546	0.00921	0.00080
1.00000	0.96400	0.00015	0.00057	0.00016	0.00036	0.01410	0.01759	0.00028	0.00270	0.00010
1.00000	0.00318	0.00149	0.03960	0.00433	0.16383	0.01965	0.01212	0.01118	0.01493	0.72969
1.00000	0.01792	0.02624	0.64248	0.10651	0.01512	0.03269	0.03648	0.01516	0.10011	0.00730
1.00000	0.00080	0.97259	0.00162	0.00301	0.00204	0.00516	0.00091	0.00513	0.00124	0.00750
1.00000	0.00931	0.02148	0.04037	0.69029	0.00178	0.03458	0.00372	0.08028	0.10244	0.01575
1.00000	0.00066	0.00180	0.01288	0.89795	0.00493	0.01346	0.00174	0.04416	0.01849	0.00393
0.00000	0.00092	0.01109	0.00286	0.47033	0.00770	0.02454	0.00043	0.00891	0.42223	0.05099
1.00000	0.08292	0.00249	0.01648	0.17497	0.01916	0.51841	0.11477	0.00500	0.05459	0.01122
1.00000	0.07023	0.00595	0.05501	0.00277	0.26760	0.09878	0.05385	0.02676	0.26661	0.15244
1.00000	0.01274	0.00097	0.00497	0.01465	0.00335	0.14519	0.80859	0.00067	0.00805	0.00083
1.00000	0.00814	0.06094	0.08536	0.03155	0.00383	0.00384	0.00126	0.63020	0.01295	0.16192
1.00000	0.01653	0.01041	0.02335	0.04464	0.05196	0.06355	0.01644	0.65488	0.00963	0.10860
1.00000	0.01118	0.01462	0.01491	0.04392	0.00468	0.76398	0.01528	0.00531	0.11192	0.01420
1.00000	0.00417	0.02905	0.01067	0.00542	0.12241	0.06139	0.01123	0.02840	0.03480	0.69246
1.00000	0.00149	0.00692	0.02115	0.00025	0.84938	0.00176	0.02261	0.01056	0.00738	0.07850
1.00000	0.02633	0.00846	0.03088	0.01549	0.62648	0.01383	0.01767	0.05006	0.00612	0.20468
1.00000	0.79622	0.00121	0.07084	0.03476	0.00241	0.01393	0.00768	0.02148	0.03488	0.01659
1.00000	0.05481	0.00186	0.00914	0.01278	0.01375	0.10685	0.01084	0.02083	0.46469	0.30443
1.00000	0.00123	0.00070	0.00438	0.04127	0.05139	0.62791	0.14769	0.00320	0.02082	0.10141
1.00000	0.55973	0.01002	0.01508	0.04164	0.00295	0.19549	0.04639	0.03727	0.02681	0.06462
1.00000	0.03314	0.00182	0.00132	0.01820	0.52572	0.11045	0.07979	0.01902	0.02725	0.18329
1.00000	0.00023	0.00136	0.00307	0.00309	0.11006	0.00653	0.00084	0.04622	0.01488	0.81373
1.00000	0.00121	0.00133	0.02075	0.04107	0.00245	0.00217	0.00082	0.92097	0.00015	0.00908
1.00000	0.00377	0.00057	0.00163	0.00480	0.04668	0.02183	0.01052	0.86526	0.00518	0.03975
1.00000	0.08578	0.00421	0.03999	0.04675	0.02750	0.04831	0.05148	0.14488	0.01345	0.53766
1.00000	0.00074	0.00424	0.01138	0.06619	0.00260	0.00253	0.00027	0.82811	0.00496	0.07899
1.00000	0.00022	0.00033	0.00069	0.00932	0.07291	0.01162	0.00359	0.07133	0.00658	0.82342
1.00000	0.04060	0.01721	0.17110	0.04491	0.05237	0.01338	0.58550	0.02499	0.04425	0.00571
1.00000	0.86903	0.00087	0.03979	0.01711	0.00287	0.02331	0.01700	0.01042	0.01861	0.00098
1.00000	0.03299	0.01113	0.00731	0.24308	0.00205	0.50547	0.07707	0.06997	0.02146	0.02946
1.00000	0.00495	0.05423	0.00115	0.00313	0.00779	0.89452	0.00095	0.00664	0.01230	0.01435
1.00000	0.01577	0.00356	0.11949	0.03233	0.02056	0.04224	0.64870	0.04047	0.04616	0.03073
1.00000	0.00283	0.00117	0.02908	0.00257	0.01503	0.13051	0.77550	0.00502	0.01913	0.01916
1.00000	0.00818	0.07550	0.08662	0.00676	0.04757	0.67792	0.03200	0.02533	0.02700	0.01311
0.00000	0.00641	0.00256	0.05605	0.05135	0.02256	0.00630	0.00381	0.37457	0.08148	0.39493
1.00000	0.33747	0.05391	0.06578	0.03266	0.00814	0.17477	0.03912	0.24940	0.02616	0.01259
1.00000	0.03207	0.00059	0.00688	0.00569	0.01955	0.01455	0.00715	0.86771	0.00040	0.04541
1.00000	0.02830	0.04719	0.03473	0.00760	0.02323	0.75347	0.00663	0.06864	0.01879	0.01142
1.00000	0.00030	0.00912	0.00072	0.00261	0.12820	0.00606	0.00558	0.08169	0.00640	0.75932
1.00000	0.00244	0.01718	0.01115	0.01510	0.49340	0.04096	0.15832	0.03451	0.02931	0.19762
1.00000	0.01617	0.00183	0.03000	0.00556	0.86250	0.01088	0.02389	0.02687	0.00385	0.01846
1.00000	0.00037	0.00011	0.00261	0.00080	0.09635	0.00093	0.00403	0.01313	0.02642	0.85524
1.00000	0.00130	0.00266	0.97679	0.00384	0.00127	0.00059	0.00752	0.00324	0.00268	0.00009
1.00000	0.96315	0.00031	0.00292	0.00721	0.00017	0.01517	0.00092	0.00084	0.00477	0.00454
1.00000	0.04772	0.01027	0.63927	0.05125	0.02913	0.03591	0.11225	0.03526	0.03014	0.00879
0.00000	0.00782	0.00250	0.00176	0.00073	0.08434	0.01511	0.00298	0.38530	0.00100	0.49846
1.00000	0.00473	0.95789	0.00157	0.00163	0.00124	0.00972	0.00380	0.01642	0.00123	0.00178
1.00000	0.00684	0.05328	0.04015	0.53745	0.01376	0.21765	0.00729	0.00718	0.08173	0.03467
1.00000	0.00549	0.00242	0.96907	0.00083	0.00291	0.00376	0.00364	0.00089	0.00953	0.00147
1.00000	0.78231	0.00641	0.05183	0.00980	0.02555	0.05842	0.02101	0.01434	0.01226	0.01807
1.00000	0.01644	0.00246	0.03621	0.02192	0.00966	0.07624	0.83229	0.00224	0.00157	0.00098
1.00000	0.00420	0.90502	0.03904	0.00308	0.00542	0.00884	0.00634	0.00428	0.02041	0.00336
1.00000	0.00152	0.00042	0.00391	0.01537	0.00074	0.00291	0.00114	0.94985	0.00185	0.02230
1.00000	0.05448	0.00388	0.01881	0.00121	0.12692	0.02954	0.05864	0.56003	0.05848	0.08801
0.00000	0.21315	0.00543	0.02685	0.02899	0.24498	0.08074	0.00472	0.18648	0.01432	0.19434
0.00000	0.00148	0.00032	0.00329	0.00093	0.07019	0.00588	0.00654	0.02306	0.12396	0.76435
1.00000	0.02132	0.00127	0.00414	0.00077	0.73885	0.00562	0.04955	0.03852	0.00603	0.13394
1.00000	0.00920	0.00079	0.00204	0.00267	0.00104	0.01625	0.00510	0.92885	0.00079	0.03328
1.00000	0.00716	0.03371	0.09772	0.01733	0.06016	0.05379	0.04049	0.45647	0.10509	0.12808
1.00000	0.02072	0.00361	0.03169	0.00444	0.35471	0.00797	0.47770	0.07650	0.00262	0.02002
1.00000	0.00437	0.00022	0.00483	0.00123	0.00008	0.00019	0.00035	0.00235	0.98080	0.00558
0.00000	0.03993	0.00900	0.02284	0.00691	0.64651	0.01354	0.07823	0.09915	0.00465	0.07923
1.00000	0.15030	0.01920	0.22479	0.16961	0.01175	0.07756	0.12710	0.00348	0.18587	0.03034
1.00000	0.00477	0.00019	0.00253	0.00188	0.00094	0.93410	0.00159	0.00219	0.05150	0.00030
1.00000	0.12058	0.00577	0.03061	0.01142	0.57709	0.07326	0.07115	0.01379	0.00449	0.09183
1.00000	0.06572	0.00099	0.01364	0.76437	0.00220	0.05769	0.00763	0.05767	0.02689	0.00321
1.00000	0.00431	0.00021	0.00092	0.00235	0.64484	0.02110	0.01169	0.01523	0.00285	0.29651
1.00000	0.00033	0.00018	0.00151	0.00083	0.00125	0.00157	0.00132	0.98246	0.00004	0.01050
0.00000	0.24979	0.00717	0.15536	0.13140	0.04349	0.08265	0.06322	0.08764	0.04938	0.12990
1.00000	0.00744	0.00059	0.02059	0.00679	0.00128	0.00851	0.00080	0.02423	0.90581	0.02397
1.00000	0.00585	0.00156	0.03010	0.02046	0.00520	0.01051	0.00202	0.06425	0.79987	0.06018
1.00000	0.00043	0.09153	0.01164	0.01962	0.00325	0.05338	0.00196	0.63795	0.01404	0.16619
1.00000	0.00143	0.84003	0.00324	0.00820	0.00214	0.02483	0.00199	0.02293	0.00317	0.09203
1.00000	0.02893	0.00321	0.11608	0.61850	0.00177	0.18667	0.01353	0.00870	0.02026	0.00235
1.00000	0.00623	0.00017	0.02636	0.00055	0.01010	0.00464	0.95059	0.00022	0.00048	0.00065
1.00000	0.00048	0.00011	0.00356	0.00024	0.08016	0.00333	0.00180	0.01408	0.01018	0.88606
1.00000	0.00649	0.87260	0.00690	0.00221	0.00569	0.01683	0.06645	0.00697	0.00575	0.01011
1.00000	0.00061	0.01290	0.00976	0.01340	0.01209	0.00545	0.00263	0.87751	0.00095	0.06469
1.00000	0.00208	0.00054	0.01378	0.00402	0.66674	0.00420	0.07473	0.02167	0.05527	0.15698
0.00000	0.01558	0.01962	0.19378	0.10262	0.29555	0.08990	0.16341	0.09428	0.00784	0.01742
1.00000	0.02903	0.00952	0.31986	0.52976	0.00193	0.02397	0.05615	0.01000	0.01445	0.00533
1.00000	0.78459	0.00431	0.02649	0.00964	0.00975	0.07425	0.02537	0.01514	0.03598	0.01447
1.00000	0.00769	0.05918	0.00263	0.05000	0.01069	0.57117	0.03182	0.05832	0.02904	0.17947
1.00000	0.01816	0.00116	0.02355	0.83574	0.00220	0.10298	0.00527	0.00281	0.00633	0.00180
1.00000	0.03866	0.01523	0.65707	0.01828	0.01690	0.00294	0.15341	0.01125	0.04781	0.03846
1.00000	0.00488	0.01144	0.13028	0.56084	0.00508	0.04956	0.00268	0.00587	0.22649	0.00289
1.00000	0.07316	0.00787	0.01018	0.18502	0.00273	0.68329	0.00510	0.01197	0.01585	0.00486
1.00000	0.00362	0.00056	0.00057	0.05085	0.00115	0.87513	0.00478	0.00408	0.05852	0.00074
1.00000	0.00011	0.00002	0.00013	0.00008	0.06988	0.00073	0.00295	0.00486	0.00556	0.91567
0.00000	0.04930	0.01376	0.07289	0.27500	0.05454	0.13829	0.09254	0.03571	0.22049	0.04748
1.00000	0.00233	0.00363	0.00811	0.00473	0.00549	0.01318	0.95602	0.00051	0.00118	0.00482
1.00000	0.00286	0.00008	0.00211	0.00652	0.85693	0.00119	0.00347	0.01634	0.00490	0.10561
1.00000	0.94015	0.00018	0.01159	0.00279	0.00036	0.01705	0.00460	0.00205	0.02068	0.00056
1.00000	0.00602	0.00361	0.03757	0.04081	0.01492	0.02134	0.01555	0.04565	0.50367	0.31087
1.00000	0.88030	0.00264	0.00617	0.00407	0.00248	0.02206	0.04724	0.00151	0.03271	0.00083
1.00000	0.00767	0.00212	0.03308	0.13145	0.00447	0.01117	0.00939	0.73124	0.00999	0.05943
1.00000	0.23755	0.03536	0.26859	0.06925	0.01019	0.22923	0.02896	0.01565	0.09467	0.01054
1.00000	0.04930	0.00759	0.04405	0.00512	0.07975	0.02299	0.01636	0.23006	0.39656	0.14823
1.00000	0.04921	0.00450	0.01988	0.16126	0.00242	0.11604	0.06992	0.03747	0.52414	0.01517
1.00000	0.06620	0.00592	0.06498	0.07795	0.01516	0.21878	0.05407	0.00432	0.48662	0.00600
1.00000	0.00089	0.00032	0.00169	0.00914	0.00011	0.00456	0.00113	0.96750	0.00018	0.01450
1.00000	0.00371	0.05168	0.39373	0.23524	0.02125	0.01599	0.01028	0.05977	0.16678	0.04156
1.00000	0.00920	0.03325	0.14551	0.01458	0.01930	0.03154	0.60788	0.06377	0.02055	0.05442
1.00000	0.75953	0.00340	0.02958	0.01411	0.04431	0.06734	0.05276	0.01298	0.00765	0.00834
1.00000	0.01271	0.00952	0.00160	0.00908	0.01070	0.70404	0.01305	0.00751	0.06630	0.16549
1.00000	0.01484	0.00611	0.01128	0.07793	0.00275	0.72845	0.01005	0.01081	0.12656	0.01122
1.00000	0.00804	0.00632	0.81763	0.02220	0.00156	0.01066	0.01312	0.00701	0.10941	0.00407
1.00000	0.00388	0.00118	0.00538	0.00682	0.00772	0.93057	0.02633	0.00073	0.01507	0.00231
1.00000	0.00856	0.65376	0.01264	0.06249	0.02618	0.03754	0.00607	0.03317	0.07349	0.08610
1.00000	0.00186	0.00024	0.02273	0.95526	0.00019	0.01132	0.00048	0.00110	0.00552	0.00129
1.00000	0.09260	0.01547	0.06286	0.02372	0.05753	0.01992	0.56503	0.07956	0.04048	0.04283
1.00000	0.17680	0.01281	0.08125	0.00756	0.50032	0.10892	0.04211	0.01231	0.01038	0.04754
1.00000	0.00434	0.04828	0.02232	0.09502	0.02515	0.00302	0.00170	0.61555	0.00375	0.18088
1.00000	0.00320	0.00035	0.00973	0.00016	0.94233	0.00493	0.01479	0.00177	0.00164	0.02109
1.00000	0.96342	0.00030	0.01386	0.00787	0.00026	0.00434	0.00450	0.00140	0.00363	0.00042
0.00000	0.04765	0.03909	0.33168	0.10369	0.00487	0.02937	0.00533	0.00727	0.42812	0.00293
1.00000	0.30899	0.00715	0.12164	0.01937	0.02215	0.01065	0.26644	0.08668	0.03080	0.12614
0.00000	0.07279	0.02961	0.24542	0.29379	0.00166	0.01005	0.02398	0.19617	0.08210	0.04443
1.00000	0.00656	0.00015	0.01603	0.00195	0.04044	0.03074	0.01581	0.01662	0.02806	0.84363
1.00000	0.04650	0.00218	0.85256	0.01785	0.00066	0.00091	0.00846	0.01089	0.05913	0.00086
1.00000	0.00900	0.00236	0.00142	0.02715	0.01179	0.86813	0.00292	0.01312	0.01735	0.04677
1.00000	0.26256	0.00130	0.40591	0.00549	0.01672	0.02872	0.14859	0.00555	0.06955	0.05560
0.00000	0.00840	0.00480	0.03284	0.00670	0.46304	0.09001	0.11975	0.01635	0.04730	0.21081
1.00000	0.00157	0.00222	0.02229	0.08117	0.05172	0.03837	0.02975	0.04745	0.20448	0.52098
1.00000	0.00029	0.00014	0.00044	0.00082	0.06628	0.01029	0.00128	0.03533	0.00096	0.88417
1.00000	0.06399	0.03589	0.17561	0.01288	0.06011	0.01225	0.53228	0.04385	0.05564	0.00751
1.00000	0.01095	0.00182	0.13266	0.04893	0.01302	0.03115	0.02665	0.01297	0.66135	0.06050
1.00000	0.09304	0.00478	0.76232	0.02755	0.00134	0.00338	0.01693	0.00338	0.08531	0.00199
1.00000	0.69463	0.00099	0.04897	0.03824	0.02018	0.05905	0.06104	0.04578	0.02616	0.00496
1.00000	0.00120	0.03615	0.00899	0.08849	0.00167	0.00678	0.00379	0.03472	0.75476	0.06345
1.00000	0.00718	0.00816	0.00202	0.00118	0.00200	0.92595	0.04525	0.00045	0.00480	0.00300
1.00000	0.00390	0.00043	0.00086	0.02209	0.63958	0.00324	0.02489	0.04526	0.00924	0.25051
1.00000	0.00794	0.00012	0.02750	0.00344	0.00643	0.02206	0.93170	0.00046	0.00008	0.00026
1.00000	0.02756	0.00217	0.04162	0.00128	0.54752	0.02617	0.06894	0.02519	0.05770	0.20186
1.00000	0.00557	0.00063	0.00355	0.00525	0.00062	0.00277	0.00040	0.92732	0.00396	0.04994
1.00000	0.04810	0.01545	0.05069	0.61383	0.00753	0.03184	0.00924	0.09939	0.07336	0.05055
1.00000	0.00149	0.00058	0.00776	0.00119	0.00553	0.02031	0.00547	0.00605	0.93882	0.01279
0.00000	0.03485	0.00315	0.22491	0.10622	0.01117	0.00393	0.00662	0.04649	0.53612	0.02654
1.00000	0.24717	0.00340	0.08260	0.02502	0.11292	0.07269	0.18348	0.12531	0.01694	0.13048
1.00000	0.00675	0.01306	0.02795	0.60694	0.01167	0.08743	0.02607	0.03541	0.08153	0.10319
1.00000	0.01338	0.00477	0.00725	0.01439	0.01742	0.06304	0.85101	0.00178	0.02528	0.00169
1.00000	0.00077	0.93173	0.01182	0.00095	0.00825	0.00712	0.00472	0.00434	0.02455	0.00576
1.00000	0.02703	0.00120	0.01043	0.85138	0.00071	0.07731	0.00477	0.00578	0.01943	0.00197
1.00000	0.14621	0.00316	0.07039	0.06452	0.00163	0.03584	0.01181	0.05697	0.59635	0.01312
1.00000	0.00897	0.00620	0.04280	0.08021	0.01308	0.05743	0.06005	0.07124	0.56391	0.09612
1.00000	0.00540	0.00216	0.00380	0.00263	0.00633	0.91387	0.03131	0.00115	0.00449	0.02885
0.00000	0.13320	0.01403	0.03881	0.11421	0.01082	0.08476	0.08600	0.13935	0.26088	0.11794
1.00000	0.03391	0.00936	0.12292	0.55601	0.00400	0.04784	0.02282	0.01364	0.17398	0.01552
1.00000	0.34563	0.01535	0.11278	0.38703	0.00187	0.05470	0.02442	0.01021	0.04622	0.00179
1.00000	0.01035	0.00148	0.00916	0.00265	0.67079	0.03548	0.04675	0.02485	0.10338	0.09512
1.00000	0.00847	0.03046	0.16350	0.37990	0.00324	0.05846	0.00336	0.02803	0.31498	0.00958
0.00000	0.01362	0.00907	0.41560	0.15764	0.08728	0.03252	0.05535	0.15079	0.03321	0.04493
1.00000	0.05673	0.00341	0.05540	0.08011	0.03896	0.12458	0.06339	0.04766	0.40863	0.12115
1.00000	0.02892	0.00244	0.06468	0.14594	0.03229	0.07808	0.00466	0.03262	0.54540	0.06497
1.00000	0.93307	0.00027	0.00101	0.00270	0.00065	0.01814	0.02640	0.00150	0.01592	0.00034
1.00000	0.00133	0.00053	0.00184	0.01709	0.00081	0.96312	0.00949	0.00085	0.00326	0.00169
1.00000	0.00457	0.00216	0.06094	0.91651	0.00041	0.00819	0.00075	0.00167	0.00407	0.00074
1.00000	0.02589	0.00648	0.03246	0.00136	0.62682	0.09747	0.06552	0.06985	0.02835	0.04580
1.00000	0.00677	0.02714	0.03393	0.00644	0.64334	0.13630	0.02786	0.02290	0.00846	0.08686
1.00000	0.00052	0.00034	0.01915	0.00074	0.00407	0.00541	0.00018	0.02627	0.01157	0.93175
1.00000	0.02096	0.00325	0.01212	0.03425	0.12902	0.19818	0.05587	0.16569	0.03684	0.34382
1.00000	0.00245	0.00098	0.16936	0.75327	0.00105	0.00777	0.00402	0.01101	0.04866	0.00143
1.00000	0.01176	0.00154	0.02719	0.01118	0.02758	0.00883	0.02688	0.11436	0.09646	0.67422
1.00000	0.01290	0.00182	0.00338	0.00946	0.01163	0.23527	0.04366	0.00127	0.52694	0.15368
1.00000	0.00023	0.00028	0.00008	0.00062	0.13487	0.00529	0.00353	0.00667	0.00574	0.84269
1.00000	0.02689	0.00224	0.00931	0.06196	0.00177	0.04128	0.00777	0.00607	0.72687	0.11583
1.00000	0.94437	0.00068	0.00315	0.00550	0.00091	0.02382	0.00923	0.00095	0.00918	0.00220
1.00000	0.01160	0.82835	0.07590	0.00152	0.00710	0.02585	0.00518	0.00133	0.03768	0.00549
1.00000	0.01159	0.00207	0.00386	0.38689	0.00812	0.01376	0.00772	0.05355	0.35836	0.15408
1.00000	0.92405	0.00030	0.00301	0.01581	0.00035	0.02121	0.02446	0.00071	0.00984	0.00026
1.00000	0.02998	0.01603	0.72099	0.00817	0.10512	0.00822	0.01399	0.02722	0.01849	0.05178
1.00000	0.00101	0.00073	0.00043	0.00188	0.00487	0.00832	0.00068	0.09296	0.03987	0.84925
1.00000	0.00758	0.00076	0.00697	0.00078	0.00303	0.01473	0.00167	0.92841	0.00112	0.03496
1.00000	0.02297	0.00604	0.01869	0.00405	0.00326	0.12784	0.19370	0.00335	0.59811	0.02201
1.00000	0.14594	0.00250	0.00568	0.00416	0.03160	0.07216	0.00438	0.65938	0.01563	0.05857
1.00000	0.97858	0.00012	0.00339	0.00066	0.00016	0.00246	0.00092	0.00006	0.01261	0.00104
1.00000	0.02370	0.00182	0.00120	0.00538	0.06489	0.04417	0.00141	0.05966	0.01789	0.77989
1.00000	0.02523	0.00768	0.22169	0.01995	0.03312	0.00873	0.64052	0.01621	0.01175	0.01514
1.00000	0.00262	0.06686	0.03999	0.01602	0.00652	0.00376	0.00068	0.67183	0.00409	0.18764
1.00000	0.00326	0.00137	0.00389	0.00053	0.79885	0.02360	0.02005	0.04809	0.01269	0.08767
1.00000	0.02131	0.00446	0.00860	0.00148	0.00931	0.03009	0.01545	0.74591	0.00477	0.15861
1.00000	0.00893	0.51981	0.09227	0.05526	0.04012	0.01601	0.01086	0.02915	0.21227	0.01530
1.00000	0.00490	0.00147	0.00639	0.00751	0.07126	0.01529	0.00464	0.02168	0.09308	0.77376
1.00000	0.02285	0.03286	0.58395	0.22052	0.00195	0.00578	0.01926	0.10589	0.00497	0.00198
1.00000	0.28879	0.00337	0.37696	0.04015	0.05254	0.04399	0.01823	0.04370	0.12428	0.00800
1.00000	0.00628	0.00571	0.88427	0.03518	0.00149	0.00197	0.02834	0.00337	0.03111	0.00226
1.00000	0.00084	0.94525	0.00258	0.00315	0.00261	0.01593	0.00226	0.00610	0.00216	0.01912
1.00000	0.00073	0.02071	0.06075	0.03260	0.00452	0.00660	0.01019	0.01579	0.82635	0.02176
1.00000	0.00601	0.00228	0.02005	0.73598	0.00304	0.01405	0.00234	0.05948	0.14382	0.01297
1.00000	0.01567	0.00156	0.02374	0.86236	0.00339	0.04953	0.00630	0.01045	0.02404	0.00296
1.00000	0.00257	0.00048	0.00229	0.94662	0.00070	0.00734	0.00015	0.00238	0.03659	0.00089
1.00000	0.02615	0.00074	0.00385	0.00310	0.00852	0.00776	0.00609	0.89443	0.00101	0.04835
1.00000	0.50437	0.00116	0.10356	0.05744	0.00173	0.02955	0.19128	0.07135	0.02714	0.01242
1.00000	0.15703	0.00361	0.02084	0.00441	0.12146	0.06492	0.14865	0.02234	0.15032	0.30642
1.00000	0.28896	0.00818	0.01994	0.00743	0.10354	0.09838	0.16224	0.09275	0.01112	0.20746
0.00000	0.04373	0.00114	0.00541	0.28717	0.00238	0.08462	0.00469	0.02778	0.50768	0.03540
1.00000	0.00255	0.91250	0.00381	0.00464	0.00124	0.01998	0.00868	0.00559	0.02221	0.01880
1.00000	0.00580	0.00665	0.00297	0.61232	0.00050	0.33134	0.00234	0.01992	0.01241	0.00576
1.00000	0.03020	0.00242	0.00650	0.00983	0.05806	0.08320	0.03574	0.74153	0.00384	0.02869
1.00000	0.02035	0.00023	0.00030	0.02258	0.00075	0.84372	0.10300	0.00061	0.00544	0.00302
0.00000	0.12755	0.35681	0.08043	0.04129	0.00326	0.33108	0.01495	0.00339	0.03569	0.00554
1.00000	0.02153	0.00179	0.05533	0.01944	0.01130	0.01149	0.00974	0.02201	0.75208	0.09530
1.00000	0.00523	0.03420	0.00808	0.05085	0.01222	0.01181	0.01165	0.63944	0.00165	0.22487
1.00000	0.02275	0.00050	0.01266	0.02743	0.00083	0.04365	0.00664	0.05459	0.75292	0.07803
1.00000	0.01516	0.06863	0.00308	0.00227	0.63171	0.00452	0.04791	0.01654	0.04477	0.16540
1.00000	0.00738	0.01395	0.00240	0.01147	0.00206	0.90603	0.00280	0.00206	0.03615	0.01570
1.00000	0.03585	0.00460	0.01258	0.00568	0.80195	0.07109	0.01494	0.02397	0.01568	0.01367
1.00000	0.02640	0.00440	0.88012	0.00918	0.01827	0.01395	0.01235	0.00264	0.02212	0.01055
1.00000	0.00765	0.00692	0.00565	0.00535	0.05797	0.03691	0.00895	0.03605	0.13731	0.69724
1.00000	0.00169	0.94950	0.00455	0.00259	0.00571	0.00485	0.00612	0.01993	0.00233	0.00273
1.00000	0.00134	0.00632	0.00335	0.00248	0.61207	0.04694	0.00971	0.01925	0.00464	0.29390
1.00000	0.00344	0.02174	0.03357	0.03821	0.00869	0.05115	0.00312	0.00899	0.73426	0.09683
1.00000	0.00032	0.00007	0.00025	0.00038	0.08401	0.00913	0.00052	0.01151	0.00237	0.89145
1.00000	0.03460	0.00430	0.03437	0.09029	0.00152	0.56239	0.00809	0.06512	0.17019	0.02912
0.00000	0.00548	0.03709	0.02780	0.25792	0.17511	0.13002	0.02649	0.13757	0.00837	0.19415
1.00000	0.00636	0.00255	0.00110	0.00180	0.00207	0.00558	0.00068	0.00299	0.96447	0.01240
1.00000	0.03469	0.00291	0.10944	0.10442	0.00281	0.03941	0.02792	0.00154	0.67267	0.00419
1.00000	0.88496	0.00108	0.02144	0.01756	0.00254	0.02686	0.02287	0.00305	0.01612	0.00353
1.00000	0.00834	0.02831	0.01669	0.11912	0.02190	0.47004	0.19681	0.01027	0.11742	0.01110
1.00000	0.11893	0.00785	0.52086	0.08215	0.03184	0.01305	0.03740	0.00814	0.17652	0.00327
1.00000	0.07685	0.00536	0.00227	0.01460	0.01880	0.26362	0.58166	0.00087	0.02643	0.00955
1.00000	0.05342	0.03493	0.12302	0.03829	0.00993	0.00828	0.00101	0.57972	0.09418	0.05722
1.00000	0.00552	0.01995	0.00960	0.72154	0.00580	0.06785	0.01385	0.04031	0.03317	0.08242
1.00000	0.00016	0.00007	0.00067	0.00055	0.11260	0.00247	0.01531	0.01009	0.02501	0.83307
1.00000	0.00043	0.00089	0.95315	0.01899	0.00161	0.00152	0.00146	0.00206	0.01943	0.00047
1.00000	0.00538	0.01718	0.00332	0.05621	0.00085	0.03801	0.00192	0.00337	0.84559	0.02818
1.00000	0.01143	0.00439	0.00091	0.00604	0.05479	0.73523	0.08894	0.00906	0.00432	0.08488
0.00000	0.07975	0.01140	0.09629	0.12632	0.07468	0.03193	0.09503	0.15950	0.15880	0.16630
1.00000	0.00066	0.00406	0.00082	0.00402	0.04569	0.04548	0.00336	0.09513	0.00621	0.79456
1.00000	0.00859	0.00147	0.82804	0.00828	0.00287	0.00371	0.00318	0.06869	0.05330	0.02186
1.00000	0.00366	0.00071	0.05062	0.00738	0.00661	0.00569	0.85409	0.00445	0.05118	0.01561
1.00000	0.00186	0.00045	0.00153	0.00098	0.15057	0.01414	0.00530	0.05310	0.01568	0.75641
1.00000	0.00595	0.04154	0.78337	0.06516	0.01805	0.00480	0.00900	0.02652	0.01263	0.03297
1.00000	0.94111	0.00009	0.00990	0.03258	0.00016	0.00358	0.00071	0.00768	0.00389	0.00030
1.00000	0.03528	0.09072	0.03734	0.03343	0.06607	0.19977	0.48113	0.00272	0.04009	0.01345
0.00000	0.00440	0.00129	0.03729	0.07228	0.00395	0.04100	0.01557	0.01145	0.74746	0.06532
1.00000	0.79785	0.00094	0.00131	0.00885	0.03229	0.03029	0.07340	0.00263	0.05097	0.00146
1.00000	0.19149	0.03211	0.03169	0.02564	0.00665	0.26795	0.42480	0.00303	0.00595	0.01069
1.00000	0.48554	0.00581	0.02518	0.03929	0.00385	0.20574	0.01884	0.10284	0.03590	0.07702
1.00000	0.00443	0.02053	0.01197	0.69309	0.00315	0.19864	0.00863	0.00895	0.04543	0.00518
1.00000	0.00125	0.00386	0.91060	0.05208	0.00467	0.00198	0.01030	0.01064	0.00343	0.00120
1.00000	0.00124	0.00567	0.06314	0.00057	0.00063	0.00102	0.91592	0.00230	0.00199	0.00752
1.00000	0.01029	0.02012	0.03382	0.07126	0.06896	0.13011	0.02063	0.13230	0.10679	0.40572
1.00000	0.00086	0.00057	0.00804	0.00393	0.00038	0.00343	0.00032	0.95513	0.00047	0.02688
1.00000	0.00389	0.00041	0.00422	0.00173	0.04946	0.00112	0.00726	0.11436	0.03164	0.78590
1.00000	0.61638	0.00091	0.02107	0.02561	0.00135	0.22664	0.01666	0.04177	0.02110	0.02851
1.00000	0.00997	0.00042	0.02321	0.00329	0.02281	0.00472	0.00612	0.14601	0.02955	0.75388
1.00000	0.14418	0.00348	0.00933	0.32895	0.00904	0.04166	0.06089	0.00514	0.37784	0.01949
1.00000	0.01796	0.00165	0.04291	0.01196	0.00526	0.05456	0.01280	0.01551	0.66530	0.17211
1.00000	0.00135	0.00355	0.13574	0.00169	0.13634	0.00452	0.66624	0.02181	0.00331	0.02546
1.00000	0.00436	0.00151	0.00141	0.02024	0.01759	0.01460	0.00229	0.88603	0.00539	0.04659
1.00000	0.10560	0.00165	0.00252	0.04237	0.01762	0.69829	0.03404	0.04654	0.04303	0.00834
1.00000	0.88380	0.00032	0.02206	0.01101	0.00062	0.03999	0.00471	0.01086	0.02550	0.00113
1.00000	0.00157	0.93200	0.03389	0.00143	0.00664	0.01009	0.00743	0.00267	0.00346	0.00084
1.00000	0.31276	0.02011	0.03240	0.22502	0.00382	0.31888	0.00881	0.02471	0.05065	0.00284
1.00000	0.11026	0.00963	0.66495	0.00945	0.03227	0.01478	0.01551	0.01199	0.04470	0.08645
1.00000	0.02721	0.00007	0.00323	0.00038	0.00178	0.93291	0.00341	0.00049	0.02749	0.00306
1.00000	0.00957	0.00344	0.01535	0.01689	0.54416	0.03569	0.04554	0.11215	0.01911	0.19810
1.00000	0.00262	0.00619	0.07219	0.01501	0.13238	0.01102	0.02318	0.65685	0.00308	0.07748
1.00000	0.05256	0.00069	0.38074	0.24325	0.00482	0.01547	0.00752	0.12200	0.16110	0.01184
1.00000	0.00327	0.00030	0.02412	0.04930	0.00775	0.01232	0.01389	0.00442	0.86214	0.02246
1.00000	0.00051	0.00013	0.00210	0.00156	0.00133	0.02550	0.96219	0.00025	0.00495	0.00149
1.00000	0.04669	0.00101	0.06419	0.01274	0.09111	0.02185	0.56932	0.01986	0.11159	0.06165
1.00000	0.00198	0.97233	0.00122	0.00094	0.00058	0.00573	0.00451	0.01104	0.00089	0.00078
0.00000	0.48448	0.00861	0.17640	0.09639	0.02306	0.04497	0.01194	0.01840	0.08828	0.04748
1.00000	0.00094	0.00103	0.00251	0.00282	0.00108	0.00234	0.00020	0.95566	0.00114	0.03228
1.00000	0.01741	0.01112	0.51009	0.01010	0.10499	0.02518	0.06830	0.06336	0.01959	0.16986
0.00000	0.19657	0.00488	0.12662	0.14869	0.01187	0.02203	0.12857	0.00482	0.35039	0.00556
1.00000	0.07396	0.00900	0.02563	0.07462	0.01343	0.58488	0.03646	0.03338	0.13700	0.01163
1.00000	0.00312	0.00040	0.00192	0.00144	0.00308	0.00484	0.00316	0.90594	0.01331	0.06279
1.00000	0.07576	0.00093	0.00450	0.05269	0.00365	0.12574	0.68465	0.01038	0.01454	0.02715
1.00000	0.87297	0.00043	0.05633	0.00372	0.00228	0.00341	0.01195	0.00374	0.01893	0.02625
1.00000	0.02419	0.00167	0.00676	0.71748	0.01059	0.13406	0.03079	0.00248	0.04072	0.03128
1.00000	0.00062	0.00011	0.00017	0.00039	0.80466	0.00073	0.00173	0.00866	0.00357	0.17937
1.00000	0.00137	0.00273	0.97104	0.00350	0.00703	0.00053	0.00234	0.00070	0.00988	0.00089
1.00000	0.04079	0.00159	0.00863	0.00092	0.42921	0.02835	0.10673	0.04766	0.20024	0.13588
1.00000	0.02418	0.00133	0.00368	0.11244	0.00086	0.71780	0.00988	0.00428	0.09370	0.03185
1.00000	0.00776	0.77465	0.02077	0.03025	0.01730	0.03324	0.07602	0.00254	0.03047	0.00700
1.00000	0.00615	0.02148	0.03037	0.01224	0.27606	0.05254	0.02938	0.45721	0.02778	0.08679
1.00000	0.01121	0.00268	0.09653	0.05885	0.02514	0.12399	0.03932	0.11967	0.51316	0.00946
1.00000	0.74123	0.00329	0.10185	0.03538	0.00823	0.04399	0.02223	0.00295	0.00624	0.03462
1.00000	0.00112	0.97661	0.00154	0.00165	0.00199	0.00558	0.00122	0.00254	0.00331	0.00443
1.00000	0.01367	0.00291	0.02525	0.00603	0.86794	0.01006	0.01417	0.02854	0.00243	0.02901
1.00000	0.00897	0.00049	0.00429	0.00663	0.75173	0.00372	0.02771	0.11903	0.01479	0.06263
1.00000	0.03446	0.00532	0.00320	0.05543	0.02394	0.76969	0.00727	0.00288	0.05414	0.04367
1.00000	0.00480	0.00341	0.02503	0.05494	0.02030	0.45361	0.00537	0.18680	0.17631	0.06943
1.00000	0.00069	0.00015	0.00209	0.00146	0.06484	0.00222	0.00651	0.01990	0.05681	0.84534
1.00000	0.73806	0.00160	0.03965	0.04190	0.01611	0.02096	0.05539	0.01873	0.05705	0.01053
1.00000	0.02870	0.00230	0.92920	0.00120	0.00175	0.00054	0.03117	0.00046	0.00421	0.00047
1.00000	0.00337	0.78397	0.00394	0.04371	0.01164	0.02328	0.00624	0.01770	0.07511	0.03104
1.00000	0.00250	0.00065	0.00207	0.00439	0.79139	0.00368	0.02754	0.05870	0.02975	0.07932
1.00000	0.78148	0.00261	0.01237	0.00817	0.01360	0.03146	0.04460	0.02910	0.06413	0.01248
1.00000	0.00115	0.00030	0.00724	0.00263	0.00015	0.01481	0.00072	0.95988	0.00043	0.01269
1.00000	0.00666	0.02600	0.12043	0.02061	0.12722	0.01665	0.12042	0.04908	0.39812	0.11482
1.00000	0.07500	0.00406	0.01018	0.14060	0.01990	0.32018	0.05214	0.06232	0.09210	0.22351
0.00000	0.03147	0.27156	0.05384	0.01607	0.00400	0.08699	0.00327	0.15766	0.16060	0.21454
1.00000	0.00327	0.00750	0.02057	0.00261	0.13651	0.03785	0.02942	0.00625	0.15043	0.60558
1.00000	0.07839	0.01143	0.01344	0.11351	0.01731	0.39469	0.05493	0.02176	0.23811	0.05644
1.00000	0.01283	0.04581	0.01072	0.18524	0.02974	0.21757	0.11474	0.01644	0.21630	0.15061
1.00000	0.00069	0.00030	0.00469	0.00062	0.91499	0.00120	0.00687	0.01171	0.00316	0.05577
1.00000	0.00070	0.00054	0.00990	0.09579	0.02823	0.00107	0.00412	0.77023	0.00276	0.08666
1.00000	0.00210	0.91940	0.00544	0.01117	0.01400	0.00355	0.00101	0.03345	0.00195	0.00793
1.00000	0.01600	0.00293	0.01167	0.00574	0.02093	0.03841	0.06584	0.78149	0.00734	0.04966
1.00000	0.00466	0.04758	0.07131	0.01558	0.00393	0.01018	0.00054	0.66449	0.03292	0.14881
1.00000	0.01588	0.08517	0.57466	0.13643	0.00875	0.01398	0.03453	0.02499	0.09810	0.00751
1.00000	0.00070	0.00229	0.96632	0.02102	0.00179	0.00053	0.00137	0.00223	0.00299	0.00077
1.00000	0.00067	0.98179	0.00122	0.00094	0.00090	0.00339	0.00250	0.00614	0.00018	0.00226
1.00000	0.00174	0.97558	0.00227	0.00102	0.00448	0.00211	0.00632	0.00265	0.00187	0.00196
1.00000	0.00159	0.00006	0.00268	0.00219	0.06847	0.02672	0.01538	0.01439	0.00908	0.85944
1.00000	0.00122	0.97117	0.00197	0.00073	0.00154	0.00518	0.00110	0.01337	0.00040	0.00333
1.00000	0.56340	0.00164	0.02955	0.00378	0.04715	0.04700	0.18107	0.05271	0.00815	0.06556
1.00000	0.00041	0.00008	0.00049	0.00071	0.00069	0.00262	0.00090	0.00028	0.98159	0.01223
1.00000	0.80791	0.00054	0.03278	0.00909	0.00158	0.08583	0.02612	0.02614	0.00760	0.00242
1.00000	0.00025	0.00012	0.00465	0.00019	0.98773	0.00078	0.00137	0.00059	0.00007	0.00426
1.00000	0.00109	0.02934	0.01671	0.02276	0.57371	0.04879	0.02730	0.00710	0.02818	0.24501
1.00000	0.14106	0.00140	0.74575	0.01907	0.01817	0.00530	0.05196	0.00330	0.01229	0.00171
1.00000	0.02555	0.00095	0.02441	0.79415	0.00250	0.03606	0.00325	0.01035	0.09480	0.00798
1.00000	0.00310	0.00246	0.01217	0.00315	0.00162	0.00265	0.00005	0.96520	0.00218	0.00742
1.00000	0.80274	0.01678	0.01281	0.01784	0.00739	0.05028	0.03552	0.00813	0.03319	0.01533
1.00000	0.00036	0.00020	0.01575	0.00063	0.00224	0.01666	0.96157	0.00047	0.00163	0.00050
1.00000	0.00095	0.00015	0.00270	0.01717	0.77371	0.01810	0.01021	0.02031	0.02659	0.13011
1.00000	0.00170	0.01622	0.02189	0.10200	0.00957	0.00325	0.00555	0.81103	0.00714	0.02166
1.00000	0.06071	0.01181	0.17039	0.07257	0.00708	0.02681	0.00934	0.03603	0.55947	0.04580
1.00000	0.00622	0.93981	0.00458	0.00194	0.00193	0.00930	0.02561	0.00740	0.00086	0.00234
1.00000	0.00503	0.14197	0.02568	0.39532	0.06400	0.06491	0.00937	0.04256	0.10665	0.14451
0.00000	0.00173	0.00333	0.07539	0.40329	0.00079	0.00810	0.00148	0.04693	0.44833	0.01062
1.00000	0.01103	0.02362	0.81716	0.05244	0.00154	0.01081	0.02472	0.00291	0.05490	0.00088
1.00000	0.03058	0.01058	0.69098	0.01363	0.01467	0.02189	0.18975	0.00684	0.01338	0.00769
0.00000	0.03130	0.00224	0.28697	0.08090	0.00432	0.02139	0.00431	0.01769	0.54262	0.00825
1.00000	0.93492	0.00018	0.00802	0.02677	0.00022	0.01282	0.01221	0.00106	0.00360	0.00020
1.00000	0.03656	0.00110	0.79447	0.00732	0.05102	0.00498	0.06443	0.01008	0.01122	0.01882
1.00000	0.01048	0.01380	0.00192	0.89684	0.00541	0.05345	0.00061	0.00216	0.01493	0.00041
1.00000	0.05158	0.00419	0.05345	0.06019	0.00999	0.19663	0.07303	0.02945	0.50599	0.01548
1.00000	0.06757	0.00371	0.07281	0.00166	0.01313	0.03627	0.79445	0.00438	0.00267	0.00335
1.00000	0.00071	0.00192	0.00213	0.00436	0.01687	0.04148	0.00527	0.03191	0.04035	0.85499
0.00000	0.01411	0.08395	0.02330	0.21667	0.01599	0.05541	0.00299	0.25193	0.13032	0.20532
1.00000	0.01036	0.04927	0.09109	0.02782	0.11947	0.03822	0.56284	0.04870	0.02338	0.02883
1.00000	0.02757	0.00541	0.00891	0.01354	0.00101	0.03268	0.00318	0.00948	0.88447	0.01374
1.00000	0.00796	0.00035	0.00371	0.02744	0.00275	0.92301	0.00497	0.01855	0.00861	0.00266
1.00000	0.01232	0.01856	0.10645	0.05150	0.28772	0.01528	0.20330	0.00312	0.23159	0.07016
1.00000	0.00370	0.00036	0.02082	0.00182	0.07660	0.00826	0.03383	0.01719	0.01026	0.82716
1.00000	0.00107	0.02014	0.01523	0.00511	0.00884	0.02077	0.00702	0.81920	0.00376	0.09887
1.00000	0.02266	0.21048	0.53123	0.08711	0.01436	0.01469	0.07256	0.02148	0.02108	0.00436
1.00000	0.00249	0.00082	0.00542	0.00664	0.00101	0.00902	0.00069	0.95027	0.00058	0.02305
1.00000	0.05634	0.00080	0.03531	0.00765	0.00916	0.01515	0.00169	0.02121	0.81511	0.03756
0.00000	0.00393	0.00254	0.01005	0.34374	0.00248	0.02807	0.00305	0.05430	0.44064	0.11120
1.00000	0.06405	0.00444	0.00575	0.07191	0.02171	0.72996	0.01449	0.00278	0.08327	0.00164
1.00000	0.45758	0.00471	0.05985	0.00633	0.01401	0.09488	0.17483	0.00960	0.15797	0.02026
1.00000	0.03447	0.05845	0.29279	0.09022	0.01191	0.01336	0.00218	0.30368	0.13616	0.05679
1.00000	0.00063	0.00062	0.00022	0.00030	0.76664	0.00355	0.00239	0.00300	0.01764	0.20502
1.00000	0.01970	0.00018	0.01789	0.00185	0.00654	0.00188	0.00320	0.04826	0.02092	0.87959
1.00000	0.01766	0.02026	0.10375	0.54919	0.00656	0.19473	0.03322	0.00982	0.04785	0.01696
1.00000	0.03219	0.00133	0.00979	0.04704	0.00594	0.74009	0.00659	0.01019	0.13961	0.00723
1.00000	0.01276	0.00066	0.00303	0.00249	0.87906	0.00989	0.00684	0.04634	0.00827	0.03067
1.00000	0.06259	0.00646	0.22393	0.31129	0.00874	0.05278	0.09984	0.02099	0.19502	0.01836
1.00000	0.87557	0.00071	0.01171	0.03490	0.00136	0.01098	0.02876	0.00805	0.02559	0.00237
1.00000	0.00371	0.00103	0.85482	0.11373	0.00126	0.00262	0.00358	0.00909	0.00973	0.00043
1.00000	0.08366	0.00823	0.20341	0.01174	0.16645	0.04055	0.17273	0.02754	0.03580	0.24991
1.00000	0.18754	0.00858	0.05500	0.57816	0.00319	0.04276	0.03082	0.00669	0.08252	0.00474
1.00000	0.00061	0.97728	0.00245	0.00063	0.00189	0.00349	0.00545	0.00638	0.00039	0.00143
1.00000	0.03778	0.00029	0.01307	0.00608	0.00118	0.23832	0.69692	0.00149	0.00233	0.00254
1.00000	0.00127	0.00006	0.00020	0.00041	0.07907	0.01513	0.00133	0.02398	0.00275	0.87580
1.00000	0.00242	0.90839	0.00693	0.00655	0.00873	0.00334	0.00352	0.01003	0.00552	0.04456
1.00000	0.00079	0.00016	0.00049	0.00263	0.05838	0.03469	0.00074	0.07196	0.00489	0.82528
1.00000	0.03842	0.00692	0.03128	0.83725	0.00317	0.05002	0.00363	0.00224	0.02424	0.00282
0.00000	0.52016	0.00840	0.20429	0.06817	0.00323	0.06334	0.03206	0.02767	0.06400	0.00868
1.00000	0.03381	0.01046	0.01217	0.00912	0.60405	0.02805	0.12610	0.01187	0.02494	0.13943
1.00000	0.00152	0.00052	0.00033	0.00071	0.63696	0.02323	0.00209	0.05457	0.00168	0.27839
1.00000	0.00687	0.01152	0.04408	0.76597	0.00729	0.07411	0.00224	0.05107	0.03060	0.00625
1.00000	0.80979	0.00154	0.00689	0.00788	0.01015	0.03134	0.03265	0.05688	0.01305	0.02984
1.00000	0.03725	0.00658	0.02974	0.02943	0.68475	0.03115	0.05050	0.03618	0.03644	0.05799
1.00000	0.02664	0.00119	0.01307	0.00046	0.72964	0.03762	0.04347	0.02295	0.00184	0.12313
1.00000	0.00704	0.85222	0.00966	0.00299	0.02337	0.05798	0.00401	0.01543	0.01424	0.01307
1.00000	0.05149	0.00463	0.03963	0.48175	0.01185	0.09715	0.02897	0.07791	0.15171	0.05490
1.00000	0.54320	0.00237	0.08807	0.05779	0.02591	0.06427	0.05513	0.08650	0.03758	0.03918
1.00000	0.00093	0.00125	0.00094	0.00275	0.06662	0.03657	0.01648	0.07473	0.01629	0.78344
1.00000	0.00068	0.00010	0.00014	0.00027	0.24348	0.00339	0.00420	0.00230	0.01496	0.73048
1.00000	0.03802	0.10185	0.04813	0.01814	0.02471	0.15017	0.55308	0.00458	0.04572	0.01559
1.00000	0.00106	0.00093	0.06367	0.00807	0.00056	0.00541	0.00234	0.00012	0.91705	0.00080
1.00000	0.00947	0.07781	0.58162	0.22433	0.01645	0.00269	0.00893	0.05420	0.02014	0.00436
0.00000	0.01411	0.00983	0.00691	0.07020	0.01807	0.32526	0.05049	0.13221	0.05699	0.31593
0.00000	0.00290	0.10015	0.01540	0.01137	0.34157	0.02096	0.01502	0.32884	0.00274	0.16104
1.00000	0.06334	0.01464	0.03007	0.23512	0.00192	0.56931	0.05273	0.00152	0.02673	0.00463
1.00000	0.00965	0.00555	0.18541	0.10077	0.05129	0.00651	0.02331	0.45038	0.05849	0.10866
1.00000	0.01280	0.04926	0.01166	0.00829	0.01249	0.03397	0.03042	0.01114	0.78257	0.04740
1.00000	0.02554	0.00316	0.01707	0.00789	0.05214	0.01933	0.04801	0.05725	0.17016	0.59943
1.00000	0.03118	0.00422	0.65738	0.05078	0.02093	0.02688	0.01762	0.01610	0.16012	0.01479
1.00000	0.05881	0.04432	0.00850	0.00106	0.02111	0.78244	0.02390	0.00586	0.01556	0.03844
1.00000	0.05588	0.00507	0.81398	0.01084	0.02437	0.00210	0.04154	0.01297	0.01009	0.02317
1.00000	0.03746	0.01697	0.04986	0.78342	0.00095	0.04641	0.00556	0.01465	0.04221	0.00251
1.00000	0.06827	0.00176	0.08916	0.00934	0.03748	0.06532	0.06779	0.04334	0.56194	0.05560
0.00000	0.02529	0.00224	0.33005	0.05447	0.00368	0.03771	0.01489	0.03265	0.48822	0.01079
1.00000	0.00190	0.00185	0.03016	0.66751	0.00100	0.02138	0.00427	0.01453	0.24352	0.01388
1.00000	0.00142	0.00105	0.00333	0.00583	0.05008	0.00801	0.00479	0.07505	0.06838	0.78207
1.00000	0.00027	0.00110	0.04953	0.00034	0.00068	0.00316	0.94412	0.00014	0.00016	0.00051
1.00000	0.00157	0.01144	0.00841	0.02835	0.00490	0.00533	0.00105	0.87493	0.00087	0.06316
1.00000	0.91235	0.00161	0.00710	0.00823	0.00106	0.00891	0.05620	0.00147	0.00222	0.00086
1.00000	0.86193	0.00317	0.01640	0.02581	0.00033	0.04483	0.02534	0.00512	0.00652	0.01056
1.00000	0.00713	0.00151	0.01711	0.00549	0.06600	0.83633	0.01932	0.00627	0.02138	0.01946
1.00000	0.06343	0.02677	0.66398	0.02716	0.00166	0.00610	0.17570	0.02021	0.00630	0.00869
1.00000	0.01374	0.00196	0.15535	0.71919	0.00170	0.02276	0.00307	0.00293	0.07695	0.00236
1.00000	0.01331	0.00264	0.65410	0.04870	0.00755	0.01463	0.05581	0.07040	0.09229	0.04057
1.00000	0.01102	0.00133	0.00295	0.00539	0.01320	0.81423	0.03095	0.00805	0.09487	0.01800
1.00000	0.00187	0.86214	0.00325	0.00639	0.00300	0.05712	0.00518	0.00877	0.00906	0.04322
1.00000	0.66624	0.00258	0.08807	0.00906	0.00907	0.01604	0.11981	0.01171	0.02610	0.05131
1.00000	0.01897	0.00270	0.20547	0.24179	0.00244	0.00719	0.00549	0.43273	0.07636	0.00686
1.00000	0.01031	0.00137	0.06118	0.00180	0.00253	0.00824	0.01142	0.00120	0.89737	0.00459
0.00000	0.00164	0.00374	0.00566	0.00267	0.26040	0.03463	0.01271	0.01758	0.02040	0.64058
1.00000	0.11347	0.00266	0.02657	0.00484	0.42834	0.01204	0.07263	0.06493	0.01398	0.26053
1.00000	0.00859	0.00136	0.52644	0.06515	0.00544	0.02593	0.01831	0.01574	0.33097	0.00208
1.00000	0.00312	0.02361	0.86400	0.00798	0.03835	0.00743	0.02679	0.00109	0.02564	0.00200
1.00000	0.00485	0.00917	0.03562	0.25278	0.04373	0.04678	0.03441	0.02022	0.47143	0.08101
