1.00000	0.00174	0.92307	0.01397	0.00806	0.02642	0.00793	0.00541	0.00818	0.00139	0.00383
1.00000	0.00033	0.00100	0.00182	0.00104	0.00090	0.00038	0.00003	0.97715	0.00010	0.01725
1.00000	0.78204	0.00141	0.00856	0.01660	0.00325	0.06943	0.07916	0.00392	0.02777	0.00785
1.00000	0.02329	0.02579	0.00378	0.00455	0.00452	0.83420	0.00393	0.00565	0.05247	0.04181
1.00000	0.00144	0.01349	0.00214	0.00925	0.79180	0.04996	0.00772	0.08040	0.00362	0.04019
1.00000	0.05981	0.08076	0.02303	0.00790	0.12790	0.11351	0.05734	0.29641	0.01229	0.22104
1.00000	0.00124	0.00125	0.00018	0.01415	0.00011	0.98022	0.00056	0.00094	0.00070	0.00065
1.00000	0.16962	0.00545	0.41617	0.07070	0.10650	0.06596	0.14468	0.00425	0.00360	0.01308
0.00000	0.00081	0.01851	0.03740	0.01339	0.08048	0.06413	0.00088	0.13817	0.00992	0.63631
1.00000	0.06590	0.00478	0.05411	0.04320	0.31133	0.08821	0.02489	0.04784	0.04688	0.31287
1.00000	0.00175	0.84180	0.04520	0.01671	0.01972	0.00100	0.00249	0.04484	0.02029	0.00619
1.00000	0.00907	0.00043	0.91691	0.00024	0.02004	0.01915	0.03256	0.00039	0.00046	0.00076
1.00000	0.00442	0.07593	0.00434	0.00904	0.64353	0.08035	0.01852	0.01550	0.00649	0.14189
1.00000	0.00356	0.91514	0.00947	0.01174	0.02100	0.00249	0.00749	0.01039	0.00331	0.01540
1.00000	0.01410	0.70640	0.06865	0.01664	0.01976	0.06632	0.00410	0.05836	0.02676	0.01891
1.00000	0.00481	0.02593	0.13805	0.46478	0.05245	0.10533	0.02592	0.08577	0.03717	0.05978
1.00000	0.01142	0.88911	0.03222	0.00733	0.01544	0.00113	0.00862	0.02729	0.00161	0.00584
1.00000	0.03135	0.00146	0.01595	0.00745	0.00797	0.17483	0.74981	0.00057	0.00817	0.00243
1.00000	0.00005	0.00089	0.00323	0.00192	0.95796	0.01070	0.00121	0.01492	0.00100	0.00811
1.00000	0.00068	0.00214	0.00869	0.02358	0.08944	0.04874	0.00276	0.05325	0.02610	0.74462
1.00000	0.00669	0.00130	0.01374	0.90015	0.00077	0.03497	0.00511	0.00727	0.02880	0.00120
1.00000	0.00029	0.00118	0.00169	0.00386	0.72459	0.02553	0.00638	0.00359	0.03654	0.19635
1.00000	0.00006	0.00063	0.00008	0.00020	0.00675	0.00163	0.00005	0.00226	0.00057	0.98777
1.00000	0.07838	0.00863	0.09399	0.18355	0.01812	0.02048	0.01065	0.00247	0.52208	0.06165
1.00000	0.00048	0.00057	0.00059	0.00127	0.01152	0.01095	0.00078	0.00978	0.06822	0.89584
1.00000	0.57756	0.01140	0.06017	0.08060	0.00329	0.07789	0.10458	0.03837	0.03631	0.00985
1.00000	0.00163	0.00075	0.00303	0.00740	0.00155	0.00246	0.00021	0.78572	0.00181	0.19546
1.00000	0.07484	0.00145	0.05071	0.00801	0.04941	0.01075	0.73698	0.00296	0.05331	0.01157
0.00000	0.05952	0.02507	0.03236	0.01096	0.03910	0.44228	0.08999	0.01460	0.24007	0.04604
1.00000	0.03197	0.00044	0.00443	0.00040	0.00635	0.00087	0.95498	0.00015	0.00021	0.00020
1.00000	0.04988	0.54383	0.08382	0.03734	0.04049	0.06012	0.05407	0.04025	0.07940	0.01081
1.00000	0.01669	0.00282	0.01314	0.80782	0.00037	0.12673	0.00019	0.00008	0.03208	0.00008
1.00000	0.02276	0.83475	0.02310	0.01584	0.00309	0.01134	0.04647	0.01899	0.02084	0.00282
1.00000	0.04571	0.00372	0.03572	0.00633	0.50652	0.12669	0.04323	0.02856	0.04324	0.16029
1.00000	0.00759	0.00339	0.03098	0.00349	0.01181	0.00651	0.92967	0.00102	0.00122	0.00433
1.00000	0.00856	0.10234	0.71133	0.04770	0.01533	0.02638	0.06907	0.00624	0.01098	0.00209
1.00000	0.00719	0.01714	0.00890	0.05119	0.09042	0.23528	0.08873	0.01885	0.46974	0.01254
1.00000	0.86044	0.00490	0.03372	0.01022	0.01468	0.01345	0.02374	0.00346	0.00165	0.03374
1.00000	0.00169	0.07234	0.01907	0.01111	0.34566	0.17764	0.00676	0.07986	0.01449	0.27138
1.00000	0.01762	0.00560	0.49568	0.07775	0.00645	0.02276	0.02756	0.08886	0.15997	0.09775
1.00000	0.10248	0.00237	0.01648	0.47464	0.00781	0.23823	0.00361	0.00577	0.14756	0.00103
1.00000	0.00922	0.00187	0.96833	0.00512	0.00502	0.00121	0.00195	0.00137	0.00545	0.00046
1.00000	0.97400	0.00023	0.00045	0.00168	0.00024	0.01304	0.00836	0.00009	0.00181	0.00011
1.00000	0.00304	0.00392	0.03487	0.02574	0.16389	0.06831	0.00745	0.04253	0.02213	0.62812
1.00000	0.03430	0.00369	0.62091	0.11520	0.00162	0.08775	0.03140	0.00109	0.10336	0.00069
1.00000	0.00052	0.92488	0.02249	0.01068	0.02639	0.00115	0.00125	0.00639	0.00103	0.00521
1.00000	0.00129	0.01724	0.10812	0.74290	0.00194	0.06731	0.00557	0.00849	0.04424	0.00291
1.00000	0.00099	0.00896	0.04078	0.90811	0.00478	0.00550	0.00165	0.02088	0.00654	0.00180
0.00000	0.00084	0.00347	0.00385	0.50107	0.00491	0.08300	0.00184	0.00145	0.38263	0.01694
1.00000	0.01940	0.00964	0.02033	0.21317	0.01039	0.65406	0.02201	0.01189	0.03161	0.00750
1.00000	0.10346	0.00685	0.06751	0.00891	0.27304	0.12664	0.08194	0.02143	0.15069	0.15952
1.00000	0.07017	0.00048	0.01100	0.04393	0.00213	0.08818	0.77871	0.00108	0.00396	0.00036
1.00000	0.00400	0.10024	0.12171	0.04461	0.00066	0.00613	0.00113	0.66493	0.00698	0.04963
1.00000	0.03037	0.00492	0.00648	0.00794	0.01862	0.01377	0.01726	0.80866	0.00483	0.08716
1.00000	0.04877	0.00841	0.00626	0.12196	0.00525	0.72902	0.01971	0.00616	0.05302	0.00143
1.00000	0.00202	0.03476	0.04837	0.01426	0.14178	0.05549	0.00701	0.04089	0.04544	0.60999
1.00000	0.00698	0.02162	0.05521	0.00176	0.66505	0.03385	0.03200	0.05423	0.03649	0.09283
1.00000	0.00320	0.00475	0.04465	0.01100	0.67015	0.00966	0.04083	0.09199	0.00921	0.11456
1.00000	0.59785	0.00607	0.02637	0.11640	0.01167	0.02522	0.11199	0.00959	0.04584	0.04902
1.00000	0.04200	0.00149	0.02299	0.04522	0.02098	0.14348	0.00193	0.01497	0.37839	0.32856
1.00000	0.00954	0.00135	0.00375	0.06127	0.07765	0.74034	0.04792	0.00783	0.02109	0.02926
1.00000	0.50048	0.01090	0.05288	0.11638	0.00568	0.16303	0.02348	0.07044	0.01643	0.04032
1.00000	0.03161	0.00268	0.00794	0.01414	0.55883	0.05957	0.03955	0.01402	0.00207	0.26957
1.00000	0.00018	0.00081	0.00143	0.00200	0.07199	0.03681	0.00035	0.04802	0.00268	0.83572
1.00000	0.00282	0.00263	0.01302	0.04650	0.00071	0.00146	0.00074	0.92231	0.00107	0.00873
1.00000	0.00075	0.00044	0.00184	0.00096	0.02432	0.00427	0.00073	0.94152	0.00099	0.02418
1.00000	0.07018	0.00382	0.06167	0.01142	0.08674	0.02277	0.00769	0.04682	0.01177	0.67710
1.00000	0.00183	0.00262	0.00341	0.05569	0.00284	0.00149	0.00042	0.86118	0.01772	0.05281
1.00000	0.00037	0.00180	0.00071	0.02195	0.02957	0.01712	0.00020	0.09812	0.00140	0.82875
1.00000	0.06321	0.00344	0.13779	0.05103	0.04756	0.00848	0.59989	0.04035	0.03839	0.00987
1.00000	0.79561	0.00109	0.01317	0.03621	0.00237	0.04458	0.05031	0.00778	0.04695	0.00193
1.00000	0.06880	0.00171	0.00370	0.17246	0.04193	0.61479	0.01184	0.04771	0.01638	0.02069
1.00000	0.07526	0.04937	0.00133	0.00735	0.01606	0.71247	0.00655	0.08674	0.02551	0.01936
1.00000	0.05720	0.00358	0.10687	0.02951	0.06453	0.02230	0.65867	0.03066	0.01169	0.01499
1.00000	0.01747	0.00138	0.03848	0.00066	0.01498	0.13307	0.75054	0.00105	0.02909	0.01329
1.00000	0.02766	0.08661	0.11856	0.00607	0.01931	0.67822	0.02035	0.02050	0.00655	0.01617
1.00000	0.01131	0.01124	0.03582	0.03068	0.01472	0.01329	0.00154	0.42039	0.06322	0.39779
1.00000	0.32182	0.01386	0.04724	0.13420	0.02264	0.24847	0.01021	0.18397	0.00753	0.01006
1.00000	0.00038	0.00021	0.00193	0.00151	0.00676	0.00147	0.00021	0.96690	0.00008	0.02057
1.00000	0.04748	0.05734	0.00616	0.01428	0.02943	0.74139	0.01251	0.03784	0.02685	0.02672
1.00000	0.00009	0.00181	0.00155	0.03714	0.07866	0.03262	0.00042	0.08197	0.00299	0.76274
1.00000	0.00101	0.01456	0.04627	0.03896	0.45591	0.07040	0.08796	0.06150	0.05558	0.16785
1.00000	0.00489	0.00290	0.01740	0.01108	0.89917	0.00952	0.01957	0.02856	0.00143	0.00550
1.00000	0.00073	0.00037	0.00265	0.00125	0.07558	0.01390	0.00123	0.03329	0.01285	0.85814
1.00000	0.00118	0.00015	0.95158	0.04278	0.00060	0.00008	0.00167	0.00024	0.00154	0.00018
1.00000	0.83769	0.00046	0.00520	0.03316	0.00139	0.02453	0.05139	0.00056	0.04123	0.00438
1.00000	0.04535	0.00579	0.73699	0.01518	0.01225	0.02541	0.11114	0.01258	0.02005	0.01526
0.00000	0.00201	0.00967	0.00064	0.00286	0.03384	0.00683	0.00085	0.28528	0.00041	0.65760
1.00000	0.01067	0.86569	0.01210	0.00907	0.00779	0.00441	0.00641	0.07901	0.00062	0.00424
1.00000	0.00491	0.02281	0.04907	0.45772	0.00456	0.34061	0.02357	0.00701	0.06267	0.02708
1.00000	0.00708	0.00131	0.90454	0.01189	0.03054	0.01365	0.01354	0.00389	0.01012	0.00343
1.00000	0.83783	0.00316	0.02738	0.01508	0.00308	0.05165	0.03549	0.00707	0.00184	0.01741
1.00000	0.09276	0.00030	0.08828	0.00262	0.00037	0.02825	0.78387	0.00085	0.00110	0.00161
1.00000	0.02184	0.76514	0.11682	0.01922	0.01955	0.00491	0.00921	0.02261	0.01140	0.00929
1.00000	0.00077	0.00027	0.00077	0.00595	0.00154	0.00055	0.00045	0.92605	0.00232	0.06135
1.00000	0.05468	0.00457	0.03474	0.00653	0.15876	0.11888	0.00653	0.46527	0.01324	0.13678
0.00000	0.14556	0.00179	0.00840	0.04127	0.32618	0.04733	0.00829	0.17706	0.02841	0.21572
0.00000	0.00200	0.00072	0.00070	0.00673	0.05331	0.01111	0.00078	0.00910	0.06619	0.84937
1.00000	0.03506	0.00798	0.06885	0.01086	0.74174	0.00455	0.03827	0.05505	0.00383	0.03381
1.00000	0.00127	0.00015	0.00014	0.00098	0.00090	0.00060	0.00018	0.93006	0.00073	0.06500
1.00000	0.01980	0.14202	0.08910	0.02357	0.01734	0.07484	0.03894	0.39788	0.08860	0.10792
1.00000	0.01441	0.00981	0.10126	0.00857	0.25099	0.03955	0.47143	0.06013	0.00437	0.03949
1.00000	0.00106	0.00006	0.00419	0.02383	0.00023	0.00076	0.00006	0.00043	0.96391	0.00546
0.00000	0.03816	0.04364	0.04677	0.01381	0.52154	0.01248	0.10541	0.08914	0.00654	0.12249
1.00000	0.09619	0.00589	0.31507	0.20893	0.02588	0.02607	0.09220	0.00198	0.21747	0.01031
1.00000	0.00241	0.00011	0.00233	0.03085	0.00017	0.89863	0.00246	0.00436	0.05838	0.00030
1.00000	0.07890	0.00373	0.07988	0.01904	0.47825	0.11250	0.11186	0.04067	0.01561	0.05955
1.00000	0.03516	0.04205	0.01717	0.73988	0.00149	0.07049	0.04344	0.01689	0.03262	0.00081
1.00000	0.00021	0.00199	0.00176	0.00092	0.65897	0.03218	0.00381	0.00925	0.00054	0.29037
1.00000	0.00037	0.00133	0.00009	0.00103	0.00056	0.00182	0.00003	0.94344	0.00012	0.05121
0.00000	0.11705	0.02856	0.15451	0.10094	0.04929	0.12391	0.11962	0.09954	0.04889	0.15769
1.00000	0.01811	0.00146	0.01197	0.04443	0.00162	0.02997	0.03454	0.00135	0.82482	0.03173
1.00000	0.00201	0.00184	0.00924	0.10263	0.00907	0.00597	0.01527	0.01068	0.79979	0.04351
1.00000	0.01060	0.07345	0.00873	0.00910	0.00497	0.02140	0.00286	0.79230	0.02035	0.05625
1.00000	0.00267	0.82317	0.03141	0.03307	0.00698	0.03407	0.00257	0.01541	0.00352	0.04713
1.00000	0.04497	0.00288	0.06888	0.65877	0.00135	0.20654	0.00349	0.00713	0.00525	0.00072
1.00000	0.01300	0.00010	0.02769	0.00044	0.00461	0.02879	0.92388	0.00042	0.00035	0.00071
1.00000	0.00104	0.00089	0.00188	0.00307	0.03041	0.00861	0.00655	0.01206	0.01240	0.92309
1.00000	0.00560	0.88917	0.01327	0.01103	0.00892	0.00121	0.01521	0.04136	0.00641	0.00783
1.00000	0.00631	0.03257	0.03656	0.02138	0.00632	0.00243	0.00073	0.83894	0.00289	0.05186
1.00000	0.00162	0.00114	0.03497	0.00700	0.75577	0.01224	0.06077	0.07287	0.02768	0.02594
0.00000	0.03667	0.06259	0.17947	0.05187	0.23128	0.07674	0.09153	0.21630	0.00299	0.05056
1.00000	0.03957	0.02270	0.19636	0.60902	0.00632	0.03317	0.03374	0.02483	0.02890	0.00540
1.00000	0.84940	0.01817	0.00774	0.02214	0.01561	0.03459	0.01661	0.01353	0.01758	0.00463
1.00000	0.02715	0.05866	0.02342	0.07253	0.00651	0.50053	0.00836	0.13701	0.06468	0.10115
1.00000	0.00912	0.00050	0.03335	0.83722	0.00049	0.10929	0.00116	0.00404	0.00371	0.00112
1.00000	0.00773	0.00451	0.71160	0.00722	0.11541	0.00411	0.12102	0.00628	0.00631	0.01579
1.00000	0.01944	0.00637	0.09115	0.52587	0.01147	0.08016	0.04601	0.00276	0.21445	0.00232
1.00000	0.05647	0.00350	0.00709	0.21019	0.00220	0.70229	0.00834	0.00161	0.00636	0.00197
1.00000	0.00200	0.00036	0.00070	0.17316	0.00031	0.80953	0.00157	0.00027	0.01147	0.00064
1.00000	0.00003	0.00018	0.00009	0.00054	0.00748	0.00606	0.00005	0.00243	0.00024	0.98292
1.00000	0.05801	0.00487	0.06156	0.20166	0.04418	0.28898	0.05473	0.07017	0.14742	0.06840
1.00000	0.00221	0.00031	0.00924	0.00125	0.00192	0.01454	0.96863	0.00032	0.00110	0.00048
1.00000	0.00030	0.00088	0.00147	0.00527	0.90150	0.01438	0.01094	0.04967	0.00074	0.01487
1.00000	0.85678	0.00086	0.01080	0.03375	0.00073	0.02138	0.06702	0.00223	0.00524	0.00120
1.00000	0.04038	0.01087	0.01918	0.06142	0.01618	0.02473	0.01702	0.03496	0.66294	0.11232
1.00000	0.96256	0.00008	0.00138	0.00655	0.00030	0.00421	0.02294	0.00099	0.00079	0.00020
1.00000	0.00435	0.01513	0.03594	0.12440	0.00624	0.01073	0.00696	0.70849	0.01446	0.07330
1.00000	0.06260	0.01758	0.41567	0.16564	0.00430	0.17619	0.05366	0.02277	0.08004	0.00155
1.00000	0.03379	0.00822	0.01824	0.00918	0.10513	0.08483	0.02427	0.18726	0.38221	0.14687
1.00000	0.00741	0.00119	0.04942	0.33617	0.00892	0.10203	0.04416	0.00711	0.44221	0.00139
0.00000	0.10859	0.00099	0.06566	0.20318	0.00180	0.29916	0.02619	0.00378	0.28859	0.00207
1.00000	0.00015	0.00018	0.00020	0.00035	0.00034	0.00022	0.00008	0.99489	0.00003	0.00356
1.00000	0.02023	0.07212	0.42669	0.20216	0.00500	0.01950	0.01175	0.01139	0.22387	0.00729
1.00000	0.00169	0.00321	0.11933	0.05608	0.02750	0.04649	0.70048	0.01652	0.01290	0.01580
1.00000	0.89552	0.00184	0.00505	0.00433	0.00387	0.02059	0.05373	0.00718	0.00611	0.00178
1.00000	0.02195	0.02838	0.00372	0.01187	0.02689	0.78831	0.02639	0.00547	0.06053	0.02650
1.00000	0.01404	0.01060	0.01285	0.10690	0.00558	0.67819	0.00997	0.02336	0.13658	0.00191
1.00000	0.01326	0.00122	0.85343	0.03645	0.00681	0.00550	0.01529	0.01796	0.03504	0.01503
1.00000	0.00335	0.00264	0.02616	0.00777	0.00166	0.92292	0.01263	0.00130	0.02078	0.00079
1.00000	0.00423	0.58038	0.05670	0.13732	0.04188	0.03397	0.00475	0.03058	0.03242	0.07778
1.00000	0.00309	0.00030	0.01715	0.93659	0.00335	0.02542	0.00085	0.00313	0.00987	0.00026
1.00000	0.02735	0.00455	0.07120	0.05685	0.04150	0.03174	0.67164	0.04740	0.00654	0.04124
1.00000	0.12435	0.00700	0.09305	0.00926	0.51133	0.11020	0.06612	0.02539	0.00770	0.04559
1.00000	0.00423	0.14387	0.08580	0.05303	0.01335	0.00831	0.00094	0.58245	0.00214	0.10588
1.00000	0.00416	0.00444	0.06713	0.00084	0.85862	0.02039	0.00788	0.01654	0.00220	0.01781
1.00000	0.86330	0.00051	0.01302	0.01945	0.00047	0.01787	0.06040	0.02042	0.00227	0.00229
0.00000	0.05782	0.01480	0.34486	0.18468	0.00339	0.01057	0.00463	0.00382	0.36915	0.00626
1.00000	0.46020	0.00430	0.06768	0.04686	0.05056	0.01231	0.19443	0.05936	0.00834	0.09595
0.00000	0.01703	0.00510	0.29365	0.37164	0.00616	0.02592	0.04796	0.12034	0.09060	0.02161
1.00000	0.00125	0.00105	0.00094	0.00340	0.02965	0.08468	0.00146	0.04986	0.00207	0.82565
1.00000	0.00757	0.00309	0.83472	0.03956	0.02070	0.03139	0.01236	0.00725	0.04251	0.00084
1.00000	0.00617	0.00215	0.00198	0.13530	0.00059	0.78379	0.00885	0.00377	0.04371	0.01369
1.00000	0.26016	0.00444	0.39992	0.00734	0.00492	0.05592	0.21257	0.00920	0.03816	0.00736
0.00000	0.02765	0.00267	0.03056	0.00692	0.36706	0.12677	0.22895	0.00535	0.02358	0.18047
1.00000	0.00139	0.00692	0.00373	0.05251	0.01973	0.03813	0.00199	0.07106	0.06020	0.74434
1.00000	0.00011	0.00092	0.00022	0.00182	0.02534	0.02370	0.00048	0.05353	0.00088	0.89300
1.00000	0.07594	0.02215	0.07448	0.09747	0.07684	0.01562	0.51267	0.05425	0.02389	0.04670
1.00000	0.00618	0.00402	0.10132	0.10391	0.00950	0.04253	0.00756	0.01329	0.70095	0.01073
1.00000	0.19570	0.00275	0.65091	0.02570	0.01338	0.00648	0.01316	0.01362	0.06835	0.00994
1.00000	0.51561	0.01006	0.01068	0.08359	0.05177	0.11773	0.11192	0.00911	0.07007	0.01946
1.00000	0.00810	0.02254	0.01628	0.12669	0.00154	0.00637	0.00272	0.00470	0.78364	0.02744
1.00000	0.01420	0.00804	0.02380	0.00605	0.00069	0.90577	0.01796	0.00037	0.02303	0.00008
1.00000	0.00127	0.00337	0.00259	0.00513	0.76038	0.01006	0.00598	0.04023	0.00451	0.16649
1.00000	0.01774	0.00041	0.08047	0.00093	0.00325	0.00689	0.88900	0.00044	0.00046	0.00041
1.00000	0.04252	0.00501	0.06352	0.00381	0.53958	0.04833	0.02841	0.01438	0.08749	0.16694
1.00000	0.02591	0.00019	0.00067	0.00473	0.00009	0.00748	0.00048	0.95294	0.00034	0.00717
1.00000	0.05978	0.00700	0.02963	0.64449	0.00169	0.05574	0.00525	0.08662	0.05632	0.05350
1.00000	0.00503	0.00123	0.00416	0.01238	0.00079	0.00914	0.00128	0.00141	0.95972	0.00487
0.00000	0.00341	0.00241	0.26584	0.11102	0.01225	0.00540	0.00358	0.04736	0.48434	0.06440
1.00000	0.30844	0.01160	0.06746	0.01792	0.15281	0.07898	0.21699	0.03766	0.01803	0.09009
1.00000	0.00328	0.02520	0.04571	0.70288	0.03065	0.05747	0.00726	0.01513	0.03476	0.07767
1.00000	0.00669	0.00889	0.00239	0.00948	0.01282	0.02801	0.91225	0.00041	0.01867	0.00039
1.00000	0.00849	0.84468	0.05442	0.00693	0.01489	0.00312	0.00973	0.05133	0.00285	0.00355
1.00000	0.01149	0.00315	0.01817	0.81567	0.00071	0.08647	0.00207	0.00344	0.05788	0.00094
1.00000	0.14433	0.00189	0.03235	0.25137	0.00447	0.06958	0.01394	0.00201	0.46080	0.01924
1.00000	0.04786	0.00618	0.08173	0.11249	0.01559	0.05091	0.04003	0.01561	0.55717	0.07243
1.00000	0.01783	0.00086	0.00037	0.00125	0.00115	0.92958	0.04125	0.00073	0.00527	0.00171
0.00000	0.14626	0.03923	0.08467	0.25358	0.02726	0.17909	0.03623	0.05092	0.07956	0.10319
1.00000	0.02548	0.00127	0.06793	0.71981	0.00566	0.00785	0.01034	0.00310	0.13472	0.02384
1.00000	0.31016	0.00424	0.07270	0.48691	0.00401	0.03591	0.03310	0.01001	0.04244	0.00051
1.00000	0.00618	0.00101	0.01308	0.01728	0.57135	0.05192	0.05281	0.01879	0.01852	0.24906
1.00000	0.00663	0.01351	0.15951	0.56983	0.00445	0.03998	0.00914	0.00233	0.17690	0.01772
0.00000	0.03287	0.03138	0.57933	0.19110	0.05466	0.01951	0.01341	0.05086	0.00837	0.01849
1.00000	0.07994	0.00607	0.06170	0.11244	0.02362	0.12182	0.04892	0.01773	0.43385	0.09391
1.00000	0.02710	0.02118	0.06324	0.32676	0.01983	0.09214	0.01852	0.02034	0.39009	0.02079
1.00000	0.94309	0.00012	0.01556	0.01068	0.00051	0.01535	0.00896	0.00366	0.00089	0.00119
1.00000	0.00107	0.00096	0.00070	0.08518	0.00067	0.89869	0.00122	0.00470	0.00122	0.00559
1.00000	0.00702	0.00086	0.05628	0.88238	0.00042	0.03207	0.00081	0.00043	0.01964	0.00009
1.00000	0.10109	0.00429	0.02603	0.00768	0.57226	0.11974	0.09022	0.02837	0.03309	0.01723
1.00000	0.04283	0.04964	0.07153	0.00800	0.57835	0.11423	0.07849	0.01257	0.02002	0.02433
1.00000	0.00022	0.00066	0.00054	0.00065	0.00445	0.00531	0.00012	0.03998	0.01040	0.93768
1.00000	0.05693	0.00786	0.01885	0.01250	0.22936	0.18802	0.00995	0.12432	0.01119	0.34101
1.00000	0.01349	0.00051	0.12340	0.80500	0.00171	0.01387	0.01368	0.00367	0.02409	0.00058
1.00000	0.00435	0.00417	0.04871	0.04263	0.06898	0.06510	0.00246	0.06313	0.03994	0.66052
1.00000	0.02268	0.00124	0.01395	0.01168	0.01074	0.37788	0.02534	0.00296	0.43187	0.10166
1.00000	0.00008	0.00013	0.00012	0.00126	0.02176	0.01315	0.00029	0.00353	0.00044	0.95925
1.00000	0.01247	0.00763	0.02196	0.08898	0.00384	0.06391	0.00358	0.00366	0.74302	0.05093
1.00000	0.91752	0.00072	0.01991	0.01263	0.00137	0.01498	0.02876	0.00102	0.00143	0.00166
1.00000	0.00873	0.84536	0.08738	0.00646	0.01148	0.01556	0.00751	0.01038	0.00525	0.00190
1.00000	0.00167	0.00495	0.00180	0.59498	0.01346	0.04086	0.00069	0.01351	0.16584	0.16223
1.00000	0.93642	0.00012	0.00316	0.00740	0.00024	0.01864	0.02592	0.00100	0.00682	0.00028
1.00000	0.00939	0.01051	0.63961	0.02067	0.11658	0.02000	0.03197	0.04921	0.01338	0.08867
1.00000	0.00139	0.00518	0.00253	0.01278	0.00596	0.04416	0.00033	0.10715	0.04561	0.77492
1.00000	0.00010	0.00082	0.00105	0.00200	0.00264	0.00031	0.00013	0.94535	0.00015	0.04746
1.00000	0.00160	0.00269	0.00826	0.02513	0.00312	0.08059	0.11609	0.00258	0.75865	0.00129
1.00000	0.13304	0.00892	0.01443	0.01642	0.05714	0.11511	0.01435	0.47316	0.04304	0.12438
1.00000	0.89905	0.00045	0.00100	0.00965	0.00054	0.00438	0.04936	0.00035	0.03202	0.00320
1.00000	0.00643	0.00287	0.00068	0.00519	0.00493	0.02806	0.02640	0.08337	0.00787	0.83420
1.00000	0.12578	0.00219	0.14906	0.01691	0.01348	0.00431	0.66089	0.00528	0.01187	0.01024
1.00000	0.00109	0.09427	0.07304	0.00913	0.00097	0.00433	0.00099	0.74922	0.00292	0.06403
1.00000	0.01103	0.00328	0.00676	0.00382	0.76903	0.04003	0.05506	0.01214	0.00943	0.08942
1.00000	0.01019	0.00201	0.00086	0.00322	0.00244	0.01675	0.00422	0.73022	0.00114	0.22894
1.00000	0.04334	0.52176	0.15507	0.04114	0.04076	0.01181	0.05513	0.01880	0.07683	0.03537
1.00000	0.00021	0.00392	0.00089	0.00477	0.01842	0.06672	0.00019	0.01532	0.01370	0.87587
1.00000	0.03898	0.00344	0.65306	0.19543	0.00100	0.00880	0.03584	0.04123	0.02040	0.00181
1.00000	0.14068	0.03193	0.36734	0.18352	0.03852	0.02429	0.04907	0.06775	0.07309	0.02382
1.00000	0.00283	0.00185	0.68008	0.11305	0.00511	0.00426	0.15278	0.00686	0.03261	0.00057
1.00000	0.00129	0.90338	0.01252	0.03049	0.02234	0.00308	0.00188	0.01817	0.00145	0.00540
1.00000	0.00130	0.00750	0.04104	0.06441	0.00904	0.00873	0.00548	0.00189	0.84458	0.01604
1.00000	0.00519	0.00017	0.00386	0.90975	0.00241	0.01577	0.00231	0.00564	0.05075	0.00415
1.00000	0.00329	0.00071	0.00852	0.90304	0.00380	0.02777	0.00496	0.00102	0.04677	0.00012
1.00000	0.00020	0.00080	0.00415	0.94194	0.00088	0.02531	0.00019	0.00098	0.02529	0.00027
1.00000	0.01446	0.00015	0.00123	0.00225	0.00158	0.00253	0.00023	0.90781	0.00142	0.06833
1.00000	0.53805	0.01024	0.02935	0.16318	0.00515	0.03263	0.10417	0.06550	0.00253	0.04919
0.00000	0.26284	0.00586	0.01283	0.02088	0.07253	0.13942	0.06014	0.04199	0.14093	0.24258
1.00000	0.36785	0.02202	0.06042	0.00805	0.06863	0.05521	0.16029	0.08373	0.01391	0.15989
1.00000	0.01413	0.00278	0.01634	0.52570	0.00260	0.06750	0.00380	0.00355	0.33816	0.02545
1.00000	0.00791	0.89459	0.02195	0.00957	0.00505	0.00209	0.00630	0.03265	0.01846	0.00143
1.00000	0.00790	0.00494	0.02982	0.71297	0.00023	0.16250	0.00202	0.00169	0.07727	0.00067
1.00000	0.00451	0.01298	0.01655	0.03147	0.08301	0.05823	0.00985	0.75582	0.00333	0.02427
1.00000	0.01005	0.00019	0.00025	0.06808	0.00077	0.85551	0.01659	0.00100	0.04454	0.00300
1.00000	0.12669	0.17473	0.07275	0.03560	0.00912	0.43279	0.07920	0.01226	0.05463	0.00224
1.00000	0.04494	0.00668	0.02176	0.02278	0.00335	0.07650	0.00902	0.02700	0.75700	0.03097
1.00000	0.00205	0.05043	0.04708	0.03547	0.00352	0.01448	0.00044	0.66694	0.00060	0.17899
1.00000	0.02491	0.00420	0.01062	0.09052	0.01090	0.02729	0.00144	0.05131	0.69628	0.08253
1.00000	0.00469	0.07801	0.03130	0.00503	0.57224	0.05701	0.05548	0.02681	0.03839	0.13105
1.00000	0.02128	0.01643	0.01922	0.06911	0.00404	0.81722	0.01014	0.00269	0.03902	0.00084
1.00000	0.05253	0.00419	0.01536	0.00360	0.80504	0.03199	0.04638	0.02186	0.00659	0.01246
1.00000	0.04546	0.02027	0.73914	0.01418	0.03398	0.01035	0.09738	0.00864	0.02327	0.00734
1.00000	0.00673	0.01999	0.01370	0.02035	0.01382	0.04737	0.04396	0.05470	0.09329	0.68609
1.00000	0.00258	0.84322	0.03328	0.01734	0.00346	0.00317	0.00718	0.08227	0.00320	0.00429
1.00000	0.00047	0.00224	0.01428	0.00143	0.62995	0.11569	0.01537	0.03045	0.00882	0.18130
1.00000	0.00214	0.04367	0.02823	0.10965	0.00329	0.05293	0.00252	0.00527	0.72991	0.02238
1.00000	0.00041	0.00040	0.00029	0.00060	0.01547	0.00177	0.00044	0.02524	0.00110	0.95427
1.00000	0.06315	0.02137	0.00410	0.07808	0.00077	0.67177	0.00251	0.03338	0.09049	0.03436
0.00000	0.01200	0.12301	0.01693	0.21587	0.09139	0.21098	0.03867	0.14289	0.00764	0.14062
1.00000	0.00166	0.00049	0.00107	0.00289	0.00038	0.01514	0.00048	0.00146	0.96502	0.01141
1.00000	0.01854	0.00219	0.15880	0.24844	0.00296	0.08026	0.02294	0.00087	0.46291	0.00208
1.00000	0.82344	0.00395	0.01873	0.02150	0.00172	0.01603	0.08421	0.00730	0.00554	0.01759
1.00000	0.01153	0.02695	0.05385	0.10273	0.14573	0.38171	0.07400	0.04481	0.12309	0.03560
1.00000	0.06606	0.01351	0.48185	0.05537	0.02663	0.05667	0.10168	0.02945	0.16584	0.00295
1.00000	0.08188	0.00057	0.01125	0.05348	0.00702	0.19774	0.62246	0.00058	0.02375	0.00127
1.00000	0.05856	0.00936	0.06999	0.07849	0.00925	0.05331	0.01077	0.62679	0.05708	0.02642
1.00000	0.01376	0.01475	0.03550	0.79632	0.00445	0.06845	0.00126	0.03469	0.00546	0.02536
1.00000	0.00014	0.00029	0.00013	0.00428	0.01966	0.02051	0.00030	0.01154	0.00247	0.94068
1.00000	0.00127	0.00144	0.92087	0.05274	0.00100	0.00355	0.00688	0.00063	0.00941	0.00221
1.00000	0.00605	0.00347	0.00532	0.06347	0.00056	0.03582	0.00187	0.00354	0.87333	0.00657
1.00000	0.03928	0.01344	0.01751	0.01367	0.03595	0.66115	0.11550	0.01042	0.04329	0.04979
0.00000	0.05732	0.02333	0.12466	0.15460	0.17949	0.06603	0.06459	0.10814	0.11317	0.10867
1.00000	0.00047	0.02754	0.00154	0.00624	0.05876	0.04037	0.00022	0.05238	0.00499	0.80750
1.00000	0.00640	0.00121	0.93191	0.00903	0.00197	0.00023	0.01972	0.01435	0.01476	0.00042
1.00000	0.00568	0.00191	0.03895	0.01471	0.07635	0.00658	0.84371	0.00223	0.00522	0.00465
1.00000	0.00031	0.00246	0.00235	0.00068	0.02411	0.00252	0.00032	0.02523	0.00147	0.94054
1.00000	0.00204	0.02966	0.71812	0.02448	0.01961	0.00559	0.06717	0.12500	0.00183	0.00651
1.00000	0.91150	0.00085	0.00118	0.01329	0.00049	0.01755	0.04692	0.00064	0.00676	0.00082
1.00000	0.03357	0.06071	0.05346	0.00733	0.02238	0.08639	0.70966	0.00874	0.01493	0.00283
0.00000	0.00711	0.00236	0.07604	0.18860	0.00417	0.01118	0.00573	0.00891	0.63835	0.05756
1.00000	0.87779	0.00308	0.00268	0.02531	0.00462	0.04231	0.02646	0.00270	0.01210	0.00296
1.00000	0.29155	0.00283	0.04929	0.00861	0.02320	0.17185	0.43321	0.00523	0.01254	0.00170
1.00000	0.47962	0.00852	0.01286	0.06694	0.02230	0.24061	0.01823	0.12479	0.01244	0.01369
1.00000	0.01582	0.00961	0.05054	0.68518	0.00149	0.16912	0.02974	0.00225	0.02941	0.00684
1.00000	0.00109	0.00891	0.89275	0.04582	0.00162	0.00352	0.01574	0.02071	0.00699	0.00284
1.00000	0.01280	0.00109	0.10447	0.00072	0.01985	0.00183	0.85633	0.00023	0.00223	0.00045
1.00000	0.01158	0.07935	0.01697	0.03285	0.02540	0.10260	0.00299	0.14078	0.00795	0.57953
1.00000	0.00106	0.00486	0.01673	0.00508	0.00058	0.00137	0.00003	0.89272	0.00094	0.07662
1.00000	0.00020	0.00121	0.00451	0.00192	0.02660	0.00330	0.00018	0.02222	0.00118	0.93867
1.00000	0.74916	0.00124	0.02129	0.05562	0.00389	0.11224	0.00318	0.00906	0.03632	0.00800
1.00000	0.00904	0.00172	0.01460	0.00344	0.02397	0.00389	0.00607	0.08439	0.01853	0.83434
0.00000	0.25395	0.00263	0.05649	0.39409	0.01096	0.02331	0.03029	0.00556	0.20904	0.01369
1.00000	0.02232	0.00082	0.03726	0.00822	0.01422	0.04463	0.00391	0.04231	0.71383	0.11248
1.00000	0.00918	0.00607	0.17626	0.00151	0.12188	0.01441	0.62328	0.02488	0.00351	0.01903
1.00000	0.00530	0.01208	0.00164	0.01268	0.02991	0.00670	0.00460	0.78589	0.00986	0.13134
1.00000	0.07783	0.00158	0.00200	0.07828	0.00229	0.70911	0.02847	0.00146	0.09840	0.00057
1.00000	0.82790	0.00124	0.00625	0.01601	0.00201	0.08194	0.03741	0.00667	0.01751	0.00306
1.00000	0.00431	0.90803	0.04968	0.00378	0.00511	0.00936	0.01007	0.00508	0.00403	0.00055
0.00000	0.34718	0.00259	0.05979	0.33538	0.00168	0.21816	0.01227	0.00228	0.01422	0.00644
1.00000	0.08837	0.00501	0.66884	0.01692	0.08631	0.03547	0.01114	0.01825	0.01460	0.05510
1.00000	0.01112	0.00029	0.00280	0.02170	0.00092	0.90452	0.00308	0.00046	0.05446	0.00065
1.00000	0.01867	0.01714	0.08555	0.05473	0.49062	0.04479	0.04133	0.07589	0.03780	0.13347
1.00000	0.00080	0.00878	0.03358	0.01370	0.10300	0.02413	0.01346	0.77144	0.00043	0.03067
1.00000	0.01204	0.01815	0.37077	0.31579	0.00917	0.03890	0.01540	0.03924	0.17714	0.00340
1.00000	0.01341	0.00060	0.06845	0.12974	0.03097	0.01311	0.01009	0.00173	0.72013	0.01177
1.00000	0.02071	0.00019	0.00912	0.00072	0.00099	0.00836	0.95668	0.00015	0.00290	0.00018
1.00000	0.18458	0.00080	0.07771	0.00893	0.02802	0.02693	0.52734	0.00376	0.05746	0.08448
1.00000	0.02547	0.88100	0.03009	0.01087	0.00258	0.00176	0.00344	0.04192	0.00084	0.00203
0.00000	0.50423	0.00696	0.10862	0.09174	0.01308	0.11632	0.01348	0.02355	0.08937	0.03265
1.00000	0.00057	0.00184	0.00295	0.00695	0.00011	0.00042	0.00008	0.98167	0.00029	0.00512
1.00000	0.01615	0.01318	0.65683	0.03443	0.10045	0.00410	0.04004	0.03117	0.06171	0.04194
0.00000	0.18058	0.00334	0.14757	0.25977	0.00234	0.05539	0.04738	0.00034	0.28760	0.01570
1.00000	0.08965	0.01613	0.03946	0.07321	0.00690	0.49496	0.11646	0.00650	0.13779	0.01894
1.00000	0.00108	0.00021	0.00033	0.01305	0.00036	0.00215	0.00031	0.86700	0.01485	0.10068
1.00000	0.19519	0.00141	0.00630	0.06124	0.00245	0.19452	0.52764	0.00420	0.00363	0.00341
1.00000	0.77521	0.00914	0.01208	0.06747	0.00232	0.01894	0.06228	0.01039	0.03027	0.01191
1.00000	0.00449	0.00259	0.01436	0.67517	0.02367	0.18084	0.01395	0.00299	0.04576	0.03617
1.00000	0.00020	0.00061	0.00022	0.00183	0.71847	0.03797	0.00146	0.03427	0.01170	0.19329
1.00000	0.00174	0.00205	0.97209	0.00258	0.00797	0.00146	0.00389	0.00049	0.00727	0.00046
1.00000	0.03121	0.00351	0.00920	0.01405	0.51413	0.03297	0.17717	0.03881	0.04914	0.12982
1.00000	0.02185	0.00557	0.00536	0.22931	0.00128	0.67971	0.00360	0.00228	0.04857	0.00246
1.00000	0.01499	0.70137	0.06598	0.02386	0.04592	0.02096	0.08446	0.00888	0.02339	0.01018
1.00000	0.00378	0.03059	0.05055	0.04946	0.24619	0.03639	0.00964	0.46033	0.01408	0.09897
1.00000	0.02732	0.01636	0.23242	0.04009	0.03803	0.06330	0.11538	0.00648	0.40582	0.05480
1.00000	0.84289	0.00299	0.02021	0.00602	0.01763	0.05016	0.04208	0.00309	0.00971	0.00522
1.00000	0.00135	0.93775	0.00760	0.01047	0.01447	0.00132	0.00366	0.01276	0.00240	0.00823
1.00000	0.00492	0.01532	0.06496	0.00246	0.80897	0.01385	0.04027	0.00486	0.01234	0.03205
1.00000	0.00042	0.00072	0.00294	0.01387	0.81371	0.00817	0.02697	0.06764	0.00277	0.06278
1.00000	0.05766	0.00655	0.00320	0.03903	0.00822	0.83693	0.00410	0.00995	0.02241	0.01196
1.00000	0.02270	0.00942	0.00583	0.10498	0.04838	0.46143	0.01459	0.10175	0.17730	0.05363
1.00000	0.00022	0.00025	0.00084	0.00319	0.03805	0.00477	0.00299	0.02345	0.00665	0.91959
1.00000	0.73150	0.00475	0.04939	0.04550	0.02603	0.02351	0.05183	0.01614	0.03095	0.02040
1.00000	0.00466	0.00086	0.96443	0.00263	0.00308	0.00251	0.01217	0.00013	0.00917	0.00037
1.00000	0.00710	0.73889	0.05380	0.06370	0.01487	0.01735	0.00739	0.01405	0.05488	0.02797
1.00000	0.02946	0.00923	0.03387	0.00425	0.76575	0.00709	0.04770	0.06261	0.01235	0.02769
1.00000	0.80268	0.00292	0.01288	0.00672	0.00324	0.04982	0.01705	0.02631	0.06326	0.01511
1.00000	0.00103	0.00034	0.00030	0.00090	0.00118	0.00063	0.00017	0.97321	0.00011	0.02215
1.00000	0.03898	0.02040	0.07494	0.09319	0.07503	0.05258	0.21457	0.03600	0.24029	0.15402
1.00000	0.04264	0.00892	0.00108	0.18781	0.01347	0.39613	0.01159	0.01345	0.03982	0.28509
0.00000	0.02805	0.24987	0.07393	0.07542	0.00931	0.12213	0.01374	0.16310	0.16068	0.10376
1.00000	0.00206	0.03601	0.01937	0.00675	0.09359	0.03568	0.00380	0.01261	0.08050	0.70963
1.00000	0.08983	0.00320	0.00154	0.21035	0.00297	0.49719	0.05599	0.00247	0.12836	0.00811
0.00000	0.02919	0.03677	0.03174	0.27801	0.01099	0.15451	0.14128	0.00920	0.27707	0.03123
1.00000	0.00116	0.00280	0.01920	0.00277	0.79094	0.01829	0.00928	0.03251	0.00715	0.11591
1.00000	0.00062	0.00163	0.03387	0.10474	0.03046	0.00230	0.00233	0.77320	0.00371	0.04715
1.00000	0.00321	0.82038	0.05216	0.02377	0.01760	0.00082	0.00485	0.06060	0.00374	0.01287
1.00000	0.00746	0.00103	0.00373	0.02983	0.01841	0.04044	0.00370	0.80753	0.00286	0.08501
1.00000	0.00242	0.01417	0.07522	0.06729	0.00175	0.00678	0.00057	0.79717	0.01105	0.02358
1.00000	0.03302	0.06040	0.58137	0.09215	0.00671	0.02411	0.10698	0.01590	0.07431	0.00505
1.00000	0.00214	0.00062	0.98433	0.00976	0.00011	0.00013	0.00039	0.00051	0.00131	0.00070
1.00000	0.01665	0.87464	0.01648	0.01831	0.00336	0.00106	0.00365	0.06102	0.00052	0.00429
1.00000	0.00597	0.87941	0.02421	0.00355	0.00484	0.00070	0.00206	0.07581	0.00112	0.00234
1.00000	0.00229	0.00029	0.00066	0.00288	0.06887	0.07853	0.00202	0.01184	0.00254	0.83008
1.00000	0.01250	0.91203	0.00911	0.01889	0.00186	0.00503	0.01470	0.02114	0.00103	0.00370
1.00000	0.63135	0.00693	0.01537	0.01573	0.01733	0.06111	0.13053	0.02485	0.00688	0.08992
1.00000	0.00010	0.00018	0.00046	0.00113	0.00027	0.00609	0.00531	0.00006	0.98481	0.00159
1.00000	0.87261	0.00067	0.00851	0.01519	0.00430	0.01254	0.05509	0.00113	0.02931	0.00064
1.00000	0.00080	0.00200	0.00245	0.00030	0.95146	0.00678	0.02182	0.00230	0.00186	0.01023
1.00000	0.00119	0.07451	0.01049	0.02069	0.59433	0.05365	0.03178	0.04268	0.04744	0.12324
1.00000	0.04220	0.00154	0.66849	0.06873	0.05217	0.01157	0.09375	0.00744	0.05070	0.00342
1.00000	0.00863	0.00168	0.01109	0.73374	0.00811	0.06138	0.00407	0.00404	0.16536	0.00190
1.00000	0.00060	0.00052	0.00524	0.00600	0.00025	0.00091	0.00016	0.98336	0.00027	0.00269
1.00000	0.80094	0.00049	0.01975	0.07901	0.00414	0.04809	0.03272	0.00453	0.00281	0.00753
1.00000	0.01518	0.00135	0.05242	0.00097	0.00198	0.00693	0.91619	0.00106	0.00366	0.00024
1.00000	0.00125	0.00260	0.00607	0.00555	0.84003	0.03182	0.00418	0.00644	0.00475	0.09732
1.00000	0.00362	0.02776	0.00939	0.09447	0.00255	0.00669	0.00024	0.79577	0.01978	0.03973
1.00000	0.05208	0.01267	0.13923	0.15662	0.04719	0.01921	0.02147	0.00921	0.51358	0.02874
1.00000	0.02369	0.89015	0.00844	0.00284	0.00350	0.00348	0.01065	0.04550	0.00130	0.01045
1.00000	0.02545	0.15467	0.04613	0.51147	0.05372	0.06541	0.00261	0.01582	0.10293	0.02180
1.00000	0.00199	0.00321	0.02344	0.63635	0.00070	0.01890	0.00123	0.00650	0.29785	0.00984
1.00000	0.00275	0.05598	0.83502	0.05451	0.00114	0.00712	0.00664	0.00024	0.03597	0.00062
1.00000	0.01226	0.02117	0.79990	0.00768	0.01724	0.01346	0.12343	0.00056	0.00176	0.00254
0.00000	0.03102	0.00449	0.28679	0.19542	0.00535	0.04947	0.00682	0.01315	0.40461	0.00289
1.00000	0.92712	0.00024	0.00442	0.01152	0.00092	0.00762	0.04338	0.00026	0.00438	0.00013
1.00000	0.01673	0.00697	0.87927	0.01107	0.05038	0.00269	0.01165	0.00522	0.00368	0.01233
1.00000	0.00405	0.00276	0.05924	0.88114	0.00049	0.04397	0.00046	0.00040	0.00635	0.00112
1.00000	0.01152	0.00158	0.08267	0.10941	0.00176	0.26091	0.03994	0.00428	0.47678	0.01113
1.00000	0.02812	0.00428	0.04740	0.02434	0.01970	0.01738	0.85231	0.00312	0.00117	0.00217
1.00000	0.00039	0.00872	0.00241	0.00322	0.04648	0.02775	0.00082	0.03771	0.00708	0.86542
1.00000	0.00570	0.08490	0.06317	0.26242	0.05517	0.07947	0.00347	0.16969	0.07571	0.20030
1.00000	0.00310	0.04390	0.04732	0.09481	0.10153	0.02703	0.59825	0.03837	0.00808	0.03761
1.00000	0.00851	0.00202	0.00388	0.05273	0.00284	0.05223	0.00224	0.00155	0.84940	0.02460
1.00000	0.00225	0.00102	0.00523	0.02306	0.00083	0.94674	0.01229	0.00007	0.00839	0.00012
0.00000	0.00394	0.03809	0.14227	0.01911	0.21271	0.05000	0.24502	0.00706	0.25114	0.03066
1.00000	0.00793	0.00112	0.03949	0.00273	0.08790	0.05846	0.02623	0.02188	0.02128	0.73298
1.00000	0.00304	0.01800	0.00758	0.01524	0.02705	0.01076	0.00130	0.73712	0.00102	0.17888
1.00000	0.00850	0.13686	0.65897	0.04770	0.00205	0.01851	0.10232	0.00141	0.02229	0.00138
1.00000	0.00009	0.00176	0.00023	0.00202	0.00063	0.00023	0.00006	0.98748	0.00008	0.00742
1.00000	0.02764	0.00323	0.04267	0.03556	0.00144	0.01344	0.04245	0.01279	0.78786	0.03292
0.00000	0.00391	0.00170	0.00959	0.33863	0.00709	0.10235	0.00021	0.01762	0.45782	0.06109
1.00000	0.06721	0.00246	0.01221	0.07269	0.00590	0.80122	0.01508	0.00084	0.02179	0.00061
1.00000	0.59913	0.00450	0.06571	0.02487	0.02134	0.06346	0.14447	0.02073	0.03854	0.01725
0.00000	0.04909	0.06841	0.38787	0.10907	0.00866	0.00667	0.00573	0.18739	0.12337	0.05374
1.00000	0.00026	0.00153	0.00229	0.00473	0.83748	0.01932	0.00719	0.02981	0.00176	0.09563
1.00000	0.00351	0.00053	0.03143	0.01731	0.01394	0.00493	0.00471	0.01918	0.00957	0.89489
1.00000	0.00588	0.01888	0.07737	0.63578	0.00452	0.15688	0.00759	0.00097	0.08760	0.00454
1.00000	0.05488	0.00196	0.00689	0.11426	0.00247	0.70637	0.02571	0.00803	0.07594	0.00349
1.00000	0.00082	0.00351	0.01277	0.00561	0.82912	0.06753	0.00502	0.05093	0.00303	0.02166
1.00000	0.05073	0.00756	0.21325	0.50560	0.00239	0.04996	0.06002	0.00254	0.10172	0.00623
1.00000	0.88403	0.00015	0.03833	0.03232	0.00092	0.00647	0.02901	0.00309	0.00519	0.00048
1.00000	0.00465	0.00972	0.65672	0.24949	0.00185	0.01395	0.01089	0.02063	0.03134	0.00075
1.00000	0.03810	0.00624	0.18763	0.00798	0.16850	0.02738	0.14307	0.02791	0.02459	0.36861
1.00000	0.16039	0.00070	0.03550	0.66223	0.00255	0.08354	0.01586	0.00223	0.03650	0.00049
1.00000	0.01565	0.92728	0.02363	0.00493	0.00464	0.00095	0.00117	0.01950	0.00042	0.00183
1.00000	0.03459	0.00111	0.01714	0.00275	0.00194	0.20023	0.73042	0.00074	0.00668	0.00440
1.00000	0.00014	0.00031	0.00007	0.00088	0.00967	0.00476	0.00014	0.00796	0.00056	0.97552
1.00000	0.00148	0.88554	0.01440	0.01398	0.00994	0.00135	0.00138	0.03810	0.00118	0.03266
1.00000	0.00065	0.00094	0.00015	0.00537	0.00341	0.00930	0.00052	0.02709	0.00997	0.94260
1.00000	0.02831	0.00318	0.01242	0.86471	0.00055	0.04918	0.00157	0.00037	0.03925	0.00045
0.00000	0.46495	0.00513	0.19242	0.17715	0.00868	0.03904	0.02595	0.02719	0.05681	0.00270
1.00000	0.02793	0.02287	0.02303	0.00250	0.58042	0.01040	0.09834	0.02924	0.00999	0.19526
1.00000	0.00051	0.00224	0.00042	0.00075	0.63132	0.02997	0.00178	0.05486	0.00081	0.27734
1.00000	0.01449	0.01485	0.03801	0.76402	0.00086	0.07916	0.00042	0.00836	0.07908	0.00075
1.00000	0.80014	0.00047	0.01424	0.03830	0.00200	0.05828	0.04814	0.03257	0.00089	0.00497
1.00000	0.03207	0.00519	0.04291	0.00632	0.64919	0.01944	0.12887	0.03501	0.01943	0.06157
1.00000	0.04313	0.00182	0.01969	0.00122	0.72949	0.06091	0.06069	0.02140	0.01637	0.04528
1.00000	0.00844	0.71755	0.05029	0.02320	0.01278	0.08060	0.01917	0.04854	0.01971	0.01972
1.00000	0.06956	0.00257	0.00945	0.35942	0.04414	0.24975	0.01512	0.01095	0.20779	0.03124
1.00000	0.52116	0.00946	0.08692	0.08670	0.04600	0.03965	0.13616	0.00869	0.04452	0.02074
1.00000	0.00033	0.00199	0.00039	0.00076	0.01404	0.01442	0.00023	0.03691	0.00108	0.92983
1.00000	0.00112	0.00577	0.00112	0.00116	0.09105	0.00845	0.00071	0.00464	0.04781	0.83817
1.00000	0.01249	0.05045	0.08135	0.01168	0.02234	0.14514	0.63943	0.00280	0.02828	0.00604
1.00000	0.00117	0.00133	0.05995	0.05642	0.00143	0.01027	0.01864	0.00004	0.85043	0.00033
1.00000	0.01950	0.04019	0.56743	0.22300	0.01011	0.01707	0.02381	0.05411	0.03787	0.00691
0.00000	0.04064	0.01725	0.00101	0.17088	0.03512	0.31636	0.00611	0.05394	0.04697	0.31170
1.00000	0.00263	0.21401	0.05777	0.02145	0.09995	0.04366	0.00353	0.44537	0.00518	0.10644
1.00000	0.01565	0.00236	0.01015	0.13531	0.00047	0.70863	0.01908	0.00035	0.10723	0.00078
1.00000	0.00351	0.00409	0.13810	0.26212	0.05104	0.00830	0.03950	0.40075	0.05576	0.03683
1.00000	0.00575	0.02619	0.00715	0.01379	0.00405	0.01797	0.00290	0.00262	0.90087	0.01870
1.00000	0.04666	0.01037	0.00951	0.03191	0.03929	0.04471	0.03561	0.04186	0.13944	0.60065
1.00000	0.00942	0.00188	0.61164	0.11566	0.04502	0.01370	0.01791	0.00137	0.16066	0.02275
1.00000	0.08540	0.00828	0.01713	0.00185	0.00775	0.72767	0.06373	0.06090	0.02423	0.00306
1.00000	0.00235	0.00062	0.88078	0.03799	0.00647	0.00165	0.00472	0.01824	0.00188	0.04529
1.00000	0.12314	0.00945	0.06413	0.48004	0.01578	0.27040	0.01190	0.00150	0.01614	0.00752
1.00000	0.07215	0.00506	0.05374	0.06023	0.00561	0.16746	0.05357	0.00351	0.55025	0.02841
0.00000	0.00682	0.00178	0.29737	0.19629	0.01674	0.06216	0.02651	0.00190	0.37691	0.01352
1.00000	0.00220	0.01285	0.02325	0.83482	0.00106	0.02140	0.00344	0.00676	0.08946	0.00476
1.00000	0.00027	0.00378	0.00084	0.00214	0.02514	0.01697	0.00043	0.02075	0.03464	0.89505
1.00000	0.00347	0.00018	0.05399	0.00019	0.00236	0.00388	0.93337	0.00018	0.00225	0.00013
1.00000	0.00090	0.03081	0.01474	0.02349	0.00466	0.00264	0.00016	0.83560	0.00232	0.08469
1.00000	0.95488	0.00035	0.01170	0.01159	0.00195	0.00354	0.01313	0.00133	0.00102	0.00051
1.00000	0.95266	0.00103	0.00510	0.00524	0.00029	0.01514	0.01672	0.00151	0.00157	0.00075
1.00000	0.00398	0.00202	0.02944	0.00599	0.01104	0.92287	0.01415	0.00236	0.00177	0.00638
1.00000	0.03061	0.00539	0.78624	0.01556	0.00213	0.00226	0.13064	0.00768	0.01732	0.00217
1.00000	0.02391	0.00172	0.04441	0.82124	0.00165	0.01880	0.03313	0.00123	0.05367	0.00022
1.00000	0.00492	0.00497	0.67332	0.06131	0.01019	0.07957	0.03675	0.03498	0.06212	0.03187
1.00000	0.00636	0.00055	0.00404	0.00243	0.00846	0.84594	0.00505	0.00060	0.12086	0.00571
1.00000	0.00212	0.88024	0.02433	0.01901	0.01924	0.02295	0.00398	0.01083	0.00622	0.01108
1.00000	0.61064	0.01676	0.09549	0.02114	0.00799	0.03318	0.11881	0.02057	0.03328	0.04214
1.00000	0.01380	0.00393	0.14438	0.24819	0.00386	0.00590	0.00619	0.47239	0.08236	0.01900
1.00000	0.02536	0.00352	0.00569	0.00519	0.00322	0.01971	0.01057	0.00035	0.92508	0.00130
0.00000	0.00058	0.05920	0.00589	0.00449	0.11612	0.01514	0.00590	0.02484	0.00467	0.76317
1.00000	0.04536	0.00131	0.00608	0.00222	0.56039	0.01781	0.09201	0.01261	0.01676	0.24545
0.00000	0.00269	0.01551	0.31224	0.12215	0.00083	0.01116	0.02038	0.00516	0.50943	0.00044
1.00000	0.00364	0.00964	0.80921	0.02178	0.02969	0.00367	0.07025	0.00016	0.05129	0.00066
0.00000	0.01113	0.03433	0.05099	0.38129	0.03058	0.14389	0.01116	0.02088	0.23656	0.07918
