1.00000	0.00117	0.98140	0.00231	0.00188	0.00181	0.00341	0.00462	0.00201	0.00014	0.00125
1.00000	0.00326	0.00438	0.00516	0.00465	0.01079	0.00618	0.00013	0.95968	0.00103	0.00473
1.00000	0.90767	0.00147	0.00434	0.00494	0.00030	0.04173	0.03012	0.00557	0.00326	0.00059
1.00000	0.02327	0.02705	0.00207	0.03044	0.02995	0.73951	0.03599	0.01475	0.06809	0.02887
1.00000	0.00370	0.00391	0.00482	0.00369	0.83830	0.03510	0.00122	0.01855	0.00159	0.08911
1.00000	0.00217	0.05948	0.02063	0.01817	0.18973	0.03683	0.00346	0.42252	0.00524	0.24176
1.00000	0.01102	0.00114	0.00060	0.00604	0.00872	0.95781	0.00276	0.00118	0.00922	0.00151
1.00000	0.06753	0.01487	0.43313	0.02652	0.13840	0.05363	0.20296	0.04322	0.01053	0.00921
0.00000	0.00281	0.02321	0.01482	0.01596	0.13172	0.03105	0.00415	0.11584	0.00517	0.65527
0.00000	0.09642	0.00645	0.04388	0.07678	0.30619	0.03789	0.04406	0.03066	0.07236	0.28530
1.00000	0.00438	0.91048	0.00817	0.00503	0.00588	0.00247	0.00706	0.02855	0.00083	0.02716
1.00000	0.02739	0.00054	0.88235	0.00067	0.01026	0.00244	0.06676	0.00064	0.00287	0.00607
1.00000	0.00342	0.03340	0.00448	0.00218	0.81866	0.03736	0.00187	0.00454	0.00595	0.08813
1.00000	0.00624	0.92242	0.00207	0.00184	0.00209	0.01135	0.01304	0.01045	0.00080	0.02971
1.00000	0.00535	0.80397	0.02032	0.00882	0.01078	0.04295	0.00528	0.04232	0.03736	0.02284
1.00000	0.02794	0.02365	0.09356	0.30501	0.08534	0.12480	0.05934	0.12250	0.05974	0.09812
1.00000	0.00183	0.95132	0.00171	0.00124	0.00129	0.00116	0.00848	0.01294	0.00029	0.01974
1.00000	0.00216	0.00509	0.00087	0.00358	0.00970	0.02963	0.94426	0.00019	0.00348	0.00103
1.00000	0.00013	0.00216	0.00099	0.00072	0.96896	0.00461	0.00128	0.00100	0.00054	0.01959
1.00000	0.00334	0.00345	0.01201	0.00312	0.14898	0.00361	0.00385	0.01904	0.01032	0.79228
1.00000	0.01337	0.00060	0.00354	0.80050	0.00111	0.11237	0.00550	0.00142	0.05984	0.00176
1.00000	0.00939	0.00107	0.00155	0.01197	0.81944	0.01370	0.00252	0.01722	0.01896	0.10419
1.00000	0.00073	0.00014	0.00007	0.00021	0.02965	0.00128	0.00060	0.01361	0.00037	0.95334
1.00000	0.23280	0.01092	0.03196	0.15294	0.00428	0.04405	0.01664	0.02421	0.44411	0.03808
1.00000	0.00082	0.00084	0.00085	0.00585	0.01505	0.01113	0.00456	0.01792	0.08488	0.85810
1.00000	0.70663	0.00300	0.11107	0.01108	0.00236	0.06148	0.07422	0.01370	0.01470	0.00174
1.00000	0.00886	0.00643	0.00166	0.01025	0.00559	0.00532	0.00063	0.70112	0.00253	0.25760
1.00000	0.05495	0.00281	0.01197	0.00437	0.00086	0.00079	0.88699	0.00863	0.02699	0.00166
1.00000	0.01983	0.02543	0.08370	0.02299	0.06255	0.27374	0.11238	0.06771	0.30986	0.02180
1.00000	0.00112	0.00021	0.00348	0.00012	0.00054	0.00028	0.99394	0.00005	0.00014	0.00013
1.00000	0.01347	0.59145	0.01752	0.04239	0.06425	0.03838	0.00807	0.08826	0.07105	0.06514
1.00000	0.02202	0.00225	0.03362	0.88199	0.00085	0.04401	0.00340	0.00164	0.00836	0.00185
1.00000	0.00491	0.89215	0.04198	0.00779	0.00104	0.01223	0.00750	0.00503	0.00783	0.01955
1.00000	0.04712	0.00439	0.02641	0.03625	0.58519	0.02042	0.05286	0.05058	0.11230	0.06448
1.00000	0.00086	0.00443	0.00817	0.00043	0.04844	0.01493	0.92123	0.00055	0.00025	0.00072
1.00000	0.00339	0.13788	0.59692	0.03759	0.04296	0.04841	0.08730	0.02348	0.01485	0.00722
0.00000	0.01058	0.02067	0.00985	0.03734	0.17209	0.26868	0.05447	0.09940	0.26801	0.05891
1.00000	0.89498	0.00238	0.00994	0.01151	0.00489	0.00262	0.05847	0.01036	0.00138	0.00348
1.00000	0.00901	0.12130	0.01644	0.00595	0.49445	0.07271	0.00680	0.00543	0.00577	0.26214
1.00000	0.02407	0.01029	0.48815	0.03961	0.00861	0.01198	0.08033	0.07748	0.16792	0.09154
1.00000	0.07820	0.00455	0.02192	0.60371	0.00543	0.09105	0.01157	0.00257	0.17773	0.00327
1.00000	0.01455	0.01740	0.85942	0.01668	0.00626	0.01312	0.02733	0.01861	0.02555	0.00107
1.00000	0.99391	0.00012	0.00170	0.00009	0.00009	0.00256	0.00127	0.00011	0.00011	0.00003
1.00000	0.00717	0.01138	0.02456	0.00236	0.25152	0.02520	0.01733	0.01393	0.02866	0.61789
1.00000	0.03134	0.04678	0.57839	0.12267	0.01575	0.04111	0.03570	0.00910	0.09812	0.02103
1.00000	0.00236	0.96884	0.00306	0.00093	0.00270	0.00088	0.00631	0.00186	0.00046	0.01261
1.00000	0.00087	0.00584	0.06742	0.83366	0.00164	0.00827	0.01446	0.04279	0.02308	0.00196
1.00000	0.01949	0.02039	0.02240	0.73640	0.02857	0.04395	0.02147	0.04651	0.04406	0.01676
0.00000	0.00406	0.00518	0.00272	0.55275	0.00330	0.09599	0.00048	0.01314	0.23281	0.08958
1.00000	0.02021	0.00556	0.01089	0.14402	0.00793	0.62524	0.11219	0.03924	0.02848	0.00624
1.00000	0.04506	0.00334	0.01022	0.01283	0.35896	0.02592	0.11122	0.03543	0.17308	0.22392
1.00000	0.00425	0.00162	0.00082	0.00559	0.00793	0.01975	0.95437	0.00129	0.00288	0.00149
1.00000	0.00313	0.12108	0.02235	0.05553	0.00095	0.00159	0.00082	0.73913	0.00423	0.05118
1.00000	0.04463	0.00883	0.00791	0.00522	0.09193	0.05428	0.01797	0.65461	0.00454	0.11007
1.00000	0.05074	0.01182	0.00414	0.09813	0.00579	0.70949	0.02171	0.02435	0.07143	0.00240
1.00000	0.01484	0.01849	0.06091	0.00411	0.23810	0.03209	0.00741	0.00726	0.01075	0.60605
1.00000	0.00271	0.00286	0.00949	0.00194	0.92893	0.01100	0.00918	0.00233	0.00321	0.02834
1.00000	0.00300	0.02527	0.02126	0.01631	0.82374	0.02341	0.00596	0.03859	0.00446	0.03800
1.00000	0.69463	0.00258	0.05249	0.08342	0.00387	0.01478	0.09074	0.01696	0.03387	0.00666
0.00000	0.04792	0.01189	0.00476	0.04606	0.03979	0.07037	0.02463	0.02978	0.32860	0.39619
1.00000	0.00416	0.00340	0.00607	0.05274	0.08833	0.67342	0.06208	0.00253	0.03053	0.07673
1.00000	0.56769	0.01099	0.02354	0.03320	0.00708	0.13751	0.02521	0.10102	0.01064	0.08313
1.00000	0.00949	0.00270	0.00187	0.00875	0.63499	0.10286	0.04630	0.01700	0.01017	0.16588
1.00000	0.00057	0.00031	0.00189	0.00033	0.01856	0.00501	0.00047	0.02866	0.00705	0.93716
1.00000	0.01731	0.01268	0.02614	0.05970	0.01126	0.00271	0.00123	0.86234	0.00399	0.00263
1.00000	0.00466	0.00199	0.00192	0.00325	0.01829	0.03536	0.00401	0.87125	0.00108	0.05818
1.00000	0.03452	0.02747	0.10550	0.02244	0.05423	0.00507	0.02067	0.12963	0.01776	0.58271
1.00000	0.00424	0.00786	0.03253	0.00937	0.00588	0.05253	0.00122	0.82718	0.01274	0.04644
1.00000	0.00511	0.01226	0.00018	0.00258	0.05580	0.00162	0.00135	0.08810	0.00088	0.83213
1.00000	0.04071	0.00916	0.07441	0.03169	0.05610	0.01549	0.67245	0.05169	0.02411	0.02420
1.00000	0.79150	0.00367	0.02513	0.00760	0.00220	0.07943	0.07606	0.00701	0.00435	0.00305
1.00000	0.05377	0.00295	0.00469	0.14647	0.00732	0.62917	0.06493	0.05390	0.02200	0.01480
1.00000	0.00312	0.01610	0.00147	0.00892	0.00203	0.86791	0.00633	0.04875	0.03156	0.01380
1.00000	0.01921	0.00829	0.08775	0.04222	0.08713	0.01302	0.70971	0.01970	0.00711	0.00586
1.00000	0.02150	0.00495	0.06457	0.00097	0.01455	0.05754	0.82149	0.00016	0.01159	0.00268
1.00000	0.01132	0.02596	0.05381	0.00449	0.02888	0.72532	0.02690	0.03817	0.07730	0.00784
1.00000	0.00618	0.03351	0.00890	0.02450	0.07074	0.04995	0.00930	0.38315	0.07460	0.33916
1.00000	0.42482	0.02947	0.01143	0.10091	0.01576	0.18104	0.01545	0.20680	0.00227	0.01205
1.00000	0.00187	0.00107	0.00152	0.00180	0.01325	0.01150	0.00111	0.95560	0.00031	0.01197
1.00000	0.00813	0.01164	0.00164	0.00341	0.03504	0.70362	0.01876	0.16086	0.04541	0.01149
1.00000	0.00059	0.02202	0.00258	0.00209	0.07518	0.00278	0.00095	0.02998	0.00249	0.86133
1.00000	0.00561	0.01633	0.01997	0.02867	0.71149	0.03553	0.07803	0.01979	0.01892	0.06565
1.00000	0.00095	0.00168	0.01401	0.00174	0.92299	0.00927	0.00393	0.01400	0.01035	0.02108
1.00000	0.00098	0.02527	0.00235	0.00404	0.22406	0.00203	0.00612	0.00281	0.00732	0.72502
1.00000	0.00413	0.01740	0.91396	0.03320	0.00076	0.00087	0.01868	0.00647	0.00313	0.00141
1.00000	0.95188	0.00048	0.00398	0.01552	0.00035	0.01245	0.00229	0.00168	0.01105	0.00032
1.00000	0.02220	0.00254	0.66368	0.01795	0.01681	0.01913	0.16893	0.03111	0.05007	0.00760
0.00000	0.00899	0.00666	0.00039	0.00127	0.06887	0.04582	0.00184	0.37691	0.00113	0.48812
1.00000	0.00197	0.87040	0.00331	0.00215	0.00538	0.01732	0.00192	0.04686	0.00079	0.04990
1.00000	0.01291	0.06992	0.02031	0.61393	0.01256	0.13232	0.07461	0.02018	0.03321	0.01005
1.00000	0.00922	0.00306	0.86700	0.00844	0.01498	0.00664	0.02059	0.00534	0.04637	0.01835
1.00000	0.80748	0.01816	0.02981	0.01058	0.00641	0.01188	0.06503	0.03608	0.00833	0.00625
1.00000	0.00308	0.00218	0.00400	0.00070	0.00272	0.00856	0.97855	0.00009	0.00008	0.00004
1.00000	0.00181	0.91154	0.03461	0.00185	0.00146	0.00211	0.00297	0.00289	0.00304	0.03774
1.00000	0.00589	0.00094	0.00046	0.00272	0.00045	0.00118	0.00136	0.96027	0.00497	0.02175
1.00000	0.04759	0.00410	0.01620	0.00474	0.10285	0.02092	0.00968	0.68935	0.02613	0.07844
0.00000	0.18921	0.00669	0.00658	0.01608	0.38108	0.06931	0.02295	0.16141	0.02091	0.12578
0.00000	0.01029	0.00169	0.00044	0.00856	0.12726	0.00848	0.00792	0.04852	0.06504	0.72180
1.00000	0.00701	0.00122	0.00742	0.00595	0.81244	0.00181	0.04261	0.06657	0.00938	0.04559
1.00000	0.00583	0.00008	0.00012	0.00031	0.00111	0.00140	0.00015	0.98866	0.00011	0.00223
1.00000	0.00393	0.09460	0.04119	0.01156	0.13553	0.07821	0.02712	0.47746	0.05059	0.07981
1.00000	0.00586	0.00457	0.08005	0.00616	0.38175	0.03615	0.46363	0.01419	0.00103	0.00661
1.00000	0.00324	0.00053	0.00200	0.02723	0.00029	0.00364	0.00025	0.00024	0.95355	0.00904
0.00000	0.04244	0.04471	0.03396	0.01180	0.60907	0.01165	0.11480	0.07854	0.00721	0.04583
1.00000	0.17126	0.01465	0.21973	0.16553	0.05068	0.06959	0.14223	0.00406	0.14628	0.01599
1.00000	0.02030	0.01049	0.00159	0.00498	0.00219	0.88756	0.00199	0.00197	0.06776	0.00117
1.00000	0.01883	0.02846	0.05986	0.00670	0.71104	0.05614	0.03994	0.03927	0.02686	0.01290
1.00000	0.03830	0.02177	0.01730	0.73204	0.00211	0.07146	0.00893	0.05864	0.04470	0.00475
1.00000	0.00072	0.00146	0.00115	0.00069	0.78453	0.02659	0.00167	0.00577	0.00549	0.17193
1.00000	0.00461	0.00054	0.00018	0.00151	0.00201	0.03187	0.00008	0.95405	0.00010	0.00506
0.00000	0.15529	0.08037	0.10832	0.17118	0.06106	0.11378	0.07437	0.08590	0.02078	0.12894
1.00000	0.01571	0.00087	0.02787	0.03936	0.00297	0.02648	0.01222	0.00575	0.72306	0.14570
1.00000	0.00369	0.01259	0.00344	0.04546	0.01780	0.05998	0.02769	0.03860	0.70637	0.08437
1.00000	0.00907	0.08497	0.00359	0.01053	0.01097	0.00577	0.00590	0.84657	0.00049	0.02215
1.00000	0.06252	0.76971	0.00312	0.01448	0.00796	0.05177	0.01992	0.02992	0.00422	0.03638
1.00000	0.09668	0.00249	0.04855	0.70984	0.00068	0.12376	0.00904	0.00373	0.00467	0.00056
1.00000	0.00124	0.00055	0.00960	0.00009	0.00451	0.00186	0.98125	0.00019	0.00047	0.00024
1.00000	0.00247	0.00032	0.00040	0.00043	0.17950	0.00393	0.00576	0.00367	0.00576	0.79776
1.00000	0.00133	0.87563	0.02273	0.00134	0.00713	0.00180	0.00994	0.00667	0.00274	0.07069
1.00000	0.02203	0.04677	0.00681	0.00953	0.02318	0.04416	0.00136	0.80660	0.00491	0.03465
1.00000	0.00231	0.00732	0.02071	0.01348	0.77507	0.03825	0.06719	0.02067	0.00456	0.05045
0.00000	0.02318	0.04601	0.12531	0.06488	0.38349	0.10153	0.14997	0.05860	0.00717	0.03986
1.00000	0.02361	0.05157	0.20946	0.55754	0.00511	0.06436	0.03588	0.04122	0.00969	0.00157
1.00000	0.92167	0.02114	0.01023	0.00165	0.00781	0.00869	0.01729	0.00340	0.00490	0.00322
1.00000	0.02407	0.08067	0.00161	0.06160	0.06707	0.44758	0.01899	0.14327	0.02322	0.13192
1.00000	0.02522	0.00424	0.02485	0.79474	0.00110	0.09730	0.01567	0.01325	0.02029	0.00333
1.00000	0.05866	0.00099	0.70581	0.01051	0.07910	0.00956	0.10864	0.01231	0.00672	0.00769
1.00000	0.00502	0.02494	0.17302	0.57316	0.01225	0.05814	0.01017	0.00462	0.12454	0.01414
1.00000	0.04203	0.00992	0.01128	0.18140	0.00458	0.69407	0.03235	0.01124	0.01075	0.00238
1.00000	0.00434	0.00212	0.00250	0.07643	0.00054	0.84089	0.00278	0.00120	0.06605	0.00316
1.00000	0.00520	0.00075	0.00013	0.00070	0.02534	0.00139	0.00356	0.02408	0.00680	0.93206
0.00000	0.06260	0.02703	0.04572	0.17323	0.03711	0.15442	0.11101	0.07069	0.14825	0.16993
1.00000	0.00019	0.00041	0.00082	0.00297	0.01880	0.00481	0.96352	0.00009	0.00725	0.00115
1.00000	0.00017	0.00056	0.00062	0.00071	0.94122	0.00892	0.02806	0.00406	0.00075	0.01492
1.00000	0.85895	0.00110	0.01513	0.00198	0.00054	0.04640	0.06259	0.01166	0.00126	0.00039
1.00000	0.00828	0.00538	0.01031	0.08997	0.05792	0.07634	0.01442	0.05113	0.40491	0.28134
1.00000	0.96461	0.00049	0.00313	0.00133	0.00332	0.00757	0.01076	0.00064	0.00791	0.00024
1.00000	0.02181	0.02081	0.04287	0.07815	0.02559	0.01658	0.00615	0.69109	0.01207	0.08488
1.00000	0.16037	0.03904	0.37970	0.11953	0.01805	0.09075	0.08259	0.02884	0.07228	0.00884
1.00000	0.04611	0.00599	0.00305	0.02319	0.04535	0.03954	0.01015	0.32677	0.36709	0.13276
0.00000	0.00826	0.00731	0.07266	0.35058	0.00698	0.10887	0.08260	0.00933	0.34281	0.01060
0.00000	0.14428	0.00997	0.04154	0.17006	0.01532	0.27904	0.06808	0.00399	0.25900	0.00871
1.00000	0.00190	0.00054	0.00094	0.00171	0.00161	0.00099	0.00018	0.98802	0.00036	0.00375
1.00000	0.00561	0.06444	0.42512	0.26663	0.00204	0.04473	0.03115	0.03407	0.09998	0.02622
1.00000	0.00824	0.00880	0.08167	0.01907	0.04800	0.01458	0.76424	0.00996	0.00565	0.03978
1.00000	0.82516	0.00360	0.04484	0.00081	0.00704	0.05378	0.05322	0.00596	0.00166	0.00392
1.00000	0.06251	0.02855	0.00170	0.01054	0.02393	0.75099	0.02774	0.01599	0.01913	0.05893
1.00000	0.04156	0.00831	0.02344	0.15543	0.01189	0.58439	0.00850	0.07085	0.09135	0.00428
1.00000	0.04069	0.00577	0.74150	0.03458	0.01703	0.01463	0.02224	0.00417	0.07684	0.04255
1.00000	0.00548	0.00237	0.01060	0.05230	0.00834	0.87556	0.02377	0.00756	0.01224	0.00178
1.00000	0.00413	0.74912	0.04222	0.02457	0.03724	0.01323	0.06563	0.01131	0.01015	0.04240
1.00000	0.00053	0.00056	0.00749	0.94395	0.00019	0.01488	0.00103	0.00136	0.02630	0.00372
1.00000	0.00541	0.00534	0.11859	0.02501	0.05746	0.02430	0.69675	0.02538	0.00620	0.03556
1.00000	0.09124	0.00198	0.09321	0.00838	0.59267	0.07039	0.07098	0.00599	0.03108	0.03407
1.00000	0.01914	0.12316	0.01740	0.08021	0.01840	0.00366	0.00999	0.63033	0.04219	0.05554
1.00000	0.00076	0.00089	0.00153	0.00223	0.95186	0.03002	0.00487	0.00302	0.00015	0.00466
1.00000	0.97203	0.00102	0.00364	0.00294	0.00381	0.00537	0.00653	0.00092	0.00125	0.00249
0.00000	0.04006	0.03318	0.33256	0.18478	0.00276	0.02268	0.01282	0.00401	0.36245	0.00470
1.00000	0.43834	0.01306	0.13958	0.02079	0.02580	0.02757	0.18335	0.08814	0.00712	0.05625
0.00000	0.06978	0.00678	0.22649	0.36119	0.01184	0.03343	0.09556	0.16525	0.01933	0.01034
1.00000	0.00170	0.00059	0.00241	0.00283	0.05475	0.02349	0.00748	0.00570	0.00622	0.89483
1.00000	0.03676	0.01064	0.80161	0.04336	0.01242	0.01193	0.01525	0.03870	0.02307	0.00627
1.00000	0.01255	0.00546	0.00026	0.08718	0.00260	0.74580	0.07298	0.01198	0.05306	0.00813
0.00000	0.49742	0.01426	0.21215	0.00801	0.00070	0.01386	0.20784	0.00601	0.02326	0.01647
0.00000	0.02198	0.00847	0.04051	0.00420	0.32618	0.03766	0.28924	0.01478	0.03486	0.22212
1.00000	0.00750	0.03084	0.01610	0.03815	0.05250	0.02379	0.00696	0.04155	0.14456	0.63804
1.00000	0.00272	0.00386	0.00008	0.00051	0.03906	0.00312	0.00085	0.01726	0.00256	0.92997
1.00000	0.00993	0.01312	0.15788	0.02961	0.05555	0.01548	0.64668	0.02468	0.01641	0.03066
1.00000	0.00926	0.00370	0.12644	0.11003	0.01185	0.09082	0.01140	0.01588	0.52391	0.09670
1.00000	0.13401	0.00350	0.70030	0.03792	0.01051	0.00493	0.03279	0.00952	0.06463	0.00189
1.00000	0.67986	0.00259	0.03116	0.02915	0.00989	0.03991	0.16614	0.02040	0.01525	0.00566
1.00000	0.01913	0.03207	0.02482	0.15818	0.00211	0.02489	0.00633	0.01942	0.66528	0.04777
1.00000	0.01859	0.00817	0.00239	0.01143	0.00135	0.88255	0.06379	0.00176	0.00955	0.00043
1.00000	0.00232	0.00389	0.00021	0.00225	0.77086	0.00268	0.00481	0.01269	0.01820	0.18208
1.00000	0.00154	0.00050	0.00189	0.00025	0.00265	0.00176	0.99114	0.00008	0.00007	0.00012
1.00000	0.03087	0.00569	0.00551	0.00370	0.60355	0.00780	0.01172	0.00859	0.04774	0.27484
1.00000	0.00466	0.00017	0.00016	0.00496	0.00015	0.02769	0.00058	0.96117	0.00010	0.00036
1.00000	0.03892	0.01670	0.01003	0.49002	0.00327	0.14946	0.02435	0.08703	0.04588	0.13434
1.00000	0.00291	0.00064	0.00254	0.00433	0.00596	0.03047	0.01140	0.00338	0.92955	0.00883
1.00000	0.02187	0.00777	0.32797	0.20208	0.00425	0.04910	0.00352	0.02967	0.29615	0.05761
0.00000	0.23063	0.00647	0.05608	0.02261	0.17342	0.01934	0.28845	0.15220	0.01504	0.03576
1.00000	0.02233	0.01800	0.03452	0.54876	0.01739	0.17196	0.02425	0.03151	0.09340	0.03787
1.00000	0.00775	0.00297	0.00456	0.01416	0.01007	0.02237	0.93427	0.00023	0.00277	0.00083
1.00000	0.00182	0.94780	0.01065	0.00104	0.00178	0.00626	0.00090	0.01249	0.00140	0.01587
1.00000	0.00314	0.00360	0.00230	0.85086	0.00088	0.04719	0.00154	0.00359	0.07496	0.01194
1.00000	0.19046	0.01205	0.01159	0.28483	0.02152	0.03134	0.01106	0.01727	0.37376	0.04610
1.00000	0.06805	0.01820	0.05961	0.14145	0.01315	0.05671	0.05152	0.01070	0.49956	0.08105
1.00000	0.01906	0.00041	0.00031	0.00309	0.00456	0.91135	0.00719	0.00208	0.00944	0.04249
0.00000	0.14596	0.01060	0.15577	0.13306	0.02868	0.13926	0.06193	0.08070	0.17608	0.06796
1.00000	0.04507	0.02282	0.02353	0.71551	0.00266	0.06439	0.00671	0.02336	0.07477	0.02118
1.00000	0.27030	0.01663	0.05877	0.44850	0.00210	0.05796	0.03961	0.02894	0.06077	0.01643
1.00000	0.00824	0.00157	0.00113	0.00593	0.72815	0.01255	0.01827	0.02173	0.01027	0.19216
1.00000	0.03554	0.00349	0.15382	0.46108	0.00102	0.04342	0.01103	0.04737	0.22250	0.02073
0.00000	0.00933	0.01086	0.50819	0.16545	0.02291	0.01335	0.09746	0.11741	0.04328	0.01177
1.00000	0.15225	0.01344	0.06290	0.11673	0.00763	0.08530	0.08811	0.02027	0.33029	0.12308
1.00000	0.02885	0.03147	0.16363	0.15886	0.01118	0.08667	0.02572	0.09233	0.34366	0.05764
1.00000	0.97978	0.00004	0.00439	0.00043	0.00031	0.00870	0.00516	0.00050	0.00054	0.00016
1.00000	0.00298	0.00121	0.00230	0.03036	0.00457	0.92423	0.02063	0.00206	0.00943	0.00224
1.00000	0.00993	0.00484	0.03286	0.92017	0.00031	0.00470	0.00314	0.00377	0.01867	0.00161
1.00000	0.02343	0.00421	0.01751	0.00272	0.80669	0.00803	0.02770	0.04169	0.01694	0.05107
1.00000	0.00526	0.07474	0.02932	0.00655	0.62020	0.09858	0.02788	0.03407	0.00847	0.09494
1.00000	0.00024	0.00014	0.00006	0.00048	0.02641	0.00830	0.00196	0.05721	0.00457	0.90065
1.00000	0.08957	0.00581	0.00684	0.01760	0.16270	0.10297	0.06269	0.14111	0.02384	0.38687
1.00000	0.00135	0.00596	0.05712	0.84794	0.00063	0.02175	0.03584	0.00605	0.02054	0.00282
1.00000	0.00942	0.02669	0.04016	0.01605	0.03737	0.01955	0.01431	0.07562	0.05131	0.70952
1.00000	0.01709	0.03103	0.00139	0.02764	0.03887	0.24675	0.05565	0.02859	0.39216	0.16084
1.00000	0.00316	0.00092	0.00096	0.00163	0.14330	0.00250	0.01343	0.00393	0.00271	0.82746
1.00000	0.02555	0.00265	0.00375	0.16778	0.01293	0.07508	0.05041	0.02940	0.55536	0.07709
1.00000	0.96576	0.00108	0.01144	0.00311	0.00038	0.01066	0.00555	0.00041	0.00134	0.00027
1.00000	0.00986	0.79355	0.07939	0.00461	0.01522	0.01858	0.00971	0.00753	0.02810	0.03345
1.00000	0.00754	0.01817	0.00234	0.48403	0.00889	0.04102	0.00620	0.01971	0.17549	0.23662
1.00000	0.94844	0.00025	0.00334	0.00571	0.00009	0.00773	0.02642	0.00079	0.00690	0.00034
1.00000	0.00901	0.00552	0.54168	0.01776	0.27094	0.01022	0.05286	0.01875	0.00984	0.06342
1.00000	0.00433	0.00797	0.00073	0.01337	0.02899	0.03078	0.00971	0.11734	0.04811	0.73868
1.00000	0.00183	0.00540	0.00031	0.00074	0.01038	0.00726	0.00052	0.86418	0.00068	0.10871
1.00000	0.01075	0.00282	0.01975	0.02384	0.02066	0.10526	0.22284	0.00248	0.56270	0.02891
1.00000	0.08113	0.00607	0.00494	0.02563	0.04827	0.02856	0.03512	0.64811	0.01279	0.10939
1.00000	0.98691	0.00032	0.00121	0.00255	0.00015	0.00119	0.00526	0.00097	0.00080	0.00065
1.00000	0.00186	0.01154	0.00059	0.05023	0.13139	0.01131	0.00217	0.11565	0.00442	0.67083
1.00000	0.04287	0.00108	0.03297	0.00746	0.00808	0.03629	0.84225	0.00703	0.01565	0.00630
1.00000	0.00025	0.06304	0.00473	0.00724	0.00111	0.00189	0.00086	0.90178	0.00076	0.01833
1.00000	0.00277	0.00593	0.00030	0.00061	0.91662	0.01603	0.00250	0.01508	0.00090	0.03926
1.00000	0.02209	0.00436	0.01012	0.00994	0.01334	0.00727	0.00093	0.86171	0.00059	0.06964
1.00000	0.02217	0.53760	0.07511	0.01042	0.08249	0.05673	0.01473	0.02777	0.13481	0.03818
1.00000	0.00076	0.00398	0.00044	0.01035	0.06338	0.01115	0.00146	0.06825	0.03930	0.80092
1.00000	0.03669	0.07562	0.53887	0.18346	0.00361	0.02078	0.04053	0.09552	0.00378	0.00115
1.00000	0.09348	0.03842	0.44276	0.15037	0.01422	0.04827	0.06159	0.08697	0.04679	0.01713
1.00000	0.00631	0.05564	0.63194	0.15061	0.00129	0.00756	0.11061	0.01445	0.02030	0.00129
1.00000	0.00089	0.94686	0.00261	0.00185	0.00217	0.00377	0.01325	0.00067	0.01960	0.00833
1.00000	0.00408	0.01511	0.04086	0.05468	0.03056	0.02841	0.01929	0.00495	0.72553	0.07653
1.00000	0.00673	0.00100	0.00383	0.83471	0.00210	0.02831	0.00749	0.04214	0.04247	0.03122
1.00000	0.00606	0.01533	0.01986	0.86609	0.00667	0.01004	0.00540	0.01541	0.05355	0.00160
1.00000	0.00265	0.00312	0.00499	0.95110	0.00104	0.00967	0.00026	0.00114	0.02100	0.00502
1.00000	0.01264	0.00018	0.00020	0.00103	0.00832	0.00285	0.00042	0.96502	0.00018	0.00916
1.00000	0.66654	0.02759	0.06258	0.10644	0.00158	0.01274	0.05463	0.05821	0.00795	0.00174
0.00000	0.25063	0.00684	0.04502	0.02537	0.19303	0.06398	0.06497	0.03757	0.08083	0.23175
1.00000	0.42140	0.00674	0.04626	0.00848	0.10010	0.01465	0.20041	0.08862	0.00553	0.10780
1.00000	0.01820	0.00645	0.00952	0.38229	0.00868	0.14410	0.00454	0.02705	0.26539	0.13378
1.00000	0.00155	0.93284	0.00759	0.00296	0.00047	0.00269	0.00844	0.00497	0.00376	0.03473
1.00000	0.01552	0.02089	0.00295	0.70703	0.00108	0.17558	0.02084	0.00387	0.04569	0.00656
1.00000	0.01345	0.01266	0.02905	0.03539	0.05828	0.10845	0.01876	0.70689	0.00325	0.01382
1.00000	0.00872	0.00017	0.00013	0.02700	0.00261	0.90319	0.02776	0.00040	0.02899	0.00104
0.00000	0.16845	0.34839	0.06092	0.02938	0.00321	0.28878	0.04165	0.00502	0.04638	0.00782
1.00000	0.02999	0.01908	0.01649	0.02489	0.00477	0.05858	0.01515	0.02343	0.70855	0.09907
1.00000	0.00935	0.02977	0.01035	0.03672	0.06995	0.00755	0.00367	0.68752	0.00281	0.14233
1.00000	0.02126	0.00826	0.00993	0.11477	0.00408	0.07223	0.01529	0.04670	0.59031	0.11717
1.00000	0.00262	0.08195	0.00143	0.00096	0.77528	0.00947	0.00641	0.02139	0.00441	0.09608
1.00000	0.02504	0.00345	0.00077	0.01529	0.00049	0.90778	0.00615	0.00071	0.03858	0.00174
1.00000	0.04873	0.00618	0.01362	0.00063	0.77924	0.00646	0.10163	0.02486	0.00749	0.01116
1.00000	0.01607	0.00966	0.80261	0.00387	0.01900	0.05514	0.02686	0.00688	0.05167	0.00824
1.00000	0.00296	0.02859	0.00310	0.01791	0.16711	0.00568	0.01300	0.06957	0.05443	0.63763
1.00000	0.00272	0.95334	0.00241	0.00151	0.00194	0.00291	0.00216	0.02383	0.00298	0.00621
1.00000	0.00099	0.00876	0.00197	0.00076	0.83155	0.03124	0.00281	0.00262	0.00068	0.11864
1.00000	0.01013	0.00889	0.03524	0.14198	0.00199	0.06170	0.00437	0.00379	0.70842	0.02349
1.00000	0.00124	0.00084	0.00032	0.00741	0.07800	0.01119	0.00160	0.02312	0.00170	0.87457
1.00000	0.08132	0.00937	0.00628	0.10845	0.00478	0.53104	0.00825	0.09544	0.12752	0.02755
0.00000	0.01943	0.08572	0.03939	0.14670	0.22049	0.21550	0.05446	0.11226	0.00879	0.09726
1.00000	0.00183	0.00042	0.00153	0.01281	0.00235	0.00364	0.00107	0.00239	0.93868	0.03528
1.00000	0.02470	0.00623	0.08162	0.27597	0.00953	0.07334	0.04361	0.00413	0.47202	0.00885
1.00000	0.90634	0.00095	0.02624	0.00383	0.00120	0.02111	0.01905	0.00887	0.00996	0.00245
1.00000	0.01623	0.01911	0.00781	0.09620	0.02103	0.50605	0.25824	0.00312	0.04439	0.02783
1.00000	0.12528	0.01771	0.45435	0.09665	0.01171	0.03561	0.07400	0.00626	0.17277	0.00567
1.00000	0.04704	0.00299	0.00094	0.01433	0.01497	0.10595	0.76399	0.00056	0.04707	0.00216
1.00000	0.01408	0.00757	0.08438	0.05349	0.00830	0.05504	0.01501	0.71423	0.02455	0.02335
1.00000	0.00931	0.02759	0.02737	0.50507	0.03966	0.08229	0.04306	0.07931	0.09189	0.09444
1.00000	0.00087	0.00586	0.00022	0.00404	0.03810	0.00147	0.00127	0.04966	0.01183	0.88668
1.00000	0.00639	0.00916	0.80613	0.08497	0.00680	0.00217	0.03227	0.00504	0.03669	0.01039
1.00000	0.00549	0.00295	0.00751	0.06853	0.00145	0.03707	0.00407	0.02297	0.82592	0.02404
1.00000	0.03590	0.00370	0.00505	0.00960	0.11045	0.66777	0.08301	0.01096	0.01195	0.06160
0.00000	0.07423	0.01851	0.15925	0.19444	0.09892	0.04451	0.07350	0.14596	0.07700	0.11368
1.00000	0.00376	0.01926	0.00090	0.00339	0.04459	0.03064	0.00869	0.01997	0.02206	0.84674
1.00000	0.00268	0.00665	0.89331	0.03579	0.01336	0.00199	0.00732	0.02535	0.01132	0.00222
1.00000	0.00423	0.00431	0.02605	0.04235	0.06581	0.00196	0.82830	0.00858	0.00722	0.01119
1.00000	0.00066	0.00053	0.00117	0.00214	0.12074	0.00633	0.00064	0.05756	0.00157	0.80864
1.00000	0.00174	0.00385	0.79077	0.03746	0.03699	0.01420	0.03097	0.08052	0.00095	0.00253
1.00000	0.96779	0.00025	0.00233	0.00215	0.00007	0.01395	0.00782	0.00297	0.00160	0.00107
1.00000	0.02573	0.11351	0.08995	0.00672	0.04101	0.11015	0.58227	0.00144	0.02203	0.00719
0.00000	0.00329	0.01086	0.01939	0.17636	0.00700	0.03974	0.01855	0.01609	0.55561	0.15310
1.00000	0.93650	0.00297	0.00613	0.00299	0.00252	0.02151	0.00460	0.00174	0.02050	0.00054
1.00000	0.24134	0.01966	0.06598	0.01810	0.02313	0.21178	0.40290	0.00488	0.01099	0.00123
1.00000	0.47357	0.00653	0.01404	0.03072	0.00832	0.24269	0.04145	0.08124	0.00744	0.09400
1.00000	0.01063	0.01209	0.01144	0.78561	0.00478	0.12895	0.03496	0.00224	0.00811	0.00119
1.00000	0.00260	0.02158	0.79654	0.13254	0.01032	0.00793	0.01394	0.00990	0.00381	0.00084
1.00000	0.00040	0.00146	0.01376	0.00037	0.00265	0.00117	0.97821	0.00088	0.00079	0.00032
1.00000	0.00578	0.12326	0.02077	0.09525	0.06122	0.11362	0.01169	0.12573	0.03089	0.41178
1.00000	0.00292	0.01131	0.00337	0.00720	0.00449	0.01606	0.00012	0.92534	0.00640	0.02280
1.00000	0.00051	0.00008	0.00206	0.00116	0.07815	0.00361	0.00035	0.03554	0.00650	0.87204
1.00000	0.68956	0.00516	0.01085	0.04325	0.00395	0.12631	0.02108	0.03320	0.03454	0.03210
1.00000	0.01163	0.00062	0.00112	0.03792	0.02173	0.01063	0.00216	0.13332	0.00421	0.77666
0.00000	0.26192	0.02609	0.01103	0.37905	0.01215	0.03337	0.01524	0.01446	0.21014	0.03654
1.00000	0.04288	0.00685	0.07674	0.02952	0.02573	0.03590	0.01787	0.01558	0.49509	0.25385
1.00000	0.00126	0.01146	0.07271	0.00439	0.21796	0.00267	0.67554	0.00335	0.00326	0.00739
1.00000	0.00875	0.00672	0.00137	0.04007	0.03817	0.01156	0.01297	0.79140	0.00467	0.08431
1.00000	0.22506	0.01015	0.00081	0.04818	0.00474	0.62667	0.01126	0.00112	0.06852	0.00350
1.00000	0.85661	0.00305	0.00770	0.00239	0.00317	0.04651	0.06191	0.00479	0.00834	0.00553
1.00000	0.00100	0.96140	0.01460	0.00176	0.00078	0.01345	0.00165	0.00128	0.00130	0.00277
0.00000	0.38488	0.00506	0.10199	0.12410	0.00204	0.22072	0.04071	0.04201	0.05548	0.02301
1.00000	0.04597	0.00366	0.61529	0.00803	0.14116	0.03251	0.02391	0.04421	0.02257	0.06269
1.00000	0.00673	0.00258	0.00044	0.00222	0.00220	0.92589	0.00592	0.00028	0.05011	0.00362
1.00000	0.00184	0.05220	0.01333	0.01102	0.66765	0.01699	0.04628	0.01976	0.03101	0.13992
1.00000	0.00211	0.05100	0.05332	0.02973	0.15599	0.01165	0.03543	0.61356	0.01244	0.03478
1.00000	0.00766	0.02606	0.33045	0.32032	0.00594	0.03724	0.08154	0.09045	0.09533	0.00500
1.00000	0.00299	0.00556	0.05337	0.06640	0.00863	0.05460	0.02856	0.01232	0.68962	0.07795
1.00000	0.00927	0.00019	0.00014	0.00017	0.00014	0.00051	0.98910	0.00007	0.00038	0.00005
1.00000	0.13040	0.00173	0.01217	0.00148	0.05640	0.00969	0.68619	0.00723	0.03783	0.05688
1.00000	0.00059	0.94672	0.00127	0.00115	0.00094	0.00464	0.00344	0.03506	0.00014	0.00606
0.00000	0.57323	0.01154	0.20299	0.06954	0.00683	0.04648	0.01626	0.03492	0.02958	0.00863
1.00000	0.00045	0.00053	0.00011	0.00513	0.00015	0.00066	0.00020	0.99227	0.00017	0.00033
1.00000	0.02510	0.02425	0.56530	0.05854	0.11018	0.00534	0.05858	0.05239	0.03719	0.06313
0.00000	0.14329	0.00939	0.03313	0.33134	0.00831	0.03428	0.03863	0.01426	0.36038	0.02700
1.00000	0.17416	0.00666	0.02381	0.07466	0.02392	0.42527	0.07985	0.03810	0.13862	0.01494
1.00000	0.00162	0.00022	0.00023	0.00050	0.00033	0.01388	0.00012	0.97640	0.00032	0.00639
1.00000	0.09313	0.00204	0.00172	0.04966	0.02462	0.04615	0.76351	0.00335	0.00982	0.00601
1.00000	0.85228	0.00540	0.04231	0.01501	0.00039	0.00380	0.04661	0.02229	0.00740	0.00450
1.00000	0.04049	0.00542	0.01215	0.54471	0.00553	0.24856	0.02021	0.00257	0.03932	0.08103
1.00000	0.00050	0.00069	0.00010	0.00022	0.92805	0.01950	0.00353	0.01074	0.00459	0.03208
1.00000	0.00117	0.00739	0.90561	0.00897	0.00397	0.00513	0.05388	0.00203	0.00960	0.00224
1.00000	0.03860	0.00678	0.00367	0.03511	0.58746	0.03533	0.08415	0.01778	0.11173	0.07938
1.00000	0.02551	0.00213	0.00884	0.15968	0.00255	0.66278	0.03746	0.00199	0.08364	0.01540
1.00000	0.00350	0.73043	0.03748	0.00362	0.00642	0.01187	0.18550	0.00282	0.00441	0.01394
1.00000	0.01001	0.09008	0.02125	0.01633	0.19120	0.08485	0.01673	0.38390	0.01987	0.16577
1.00000	0.00740	0.00625	0.16524	0.06573	0.01441	0.16601	0.13865	0.01819	0.36607	0.05205
1.00000	0.72570	0.00900	0.05365	0.01773	0.05394	0.02784	0.09663	0.00501	0.00502	0.00549
1.00000	0.00390	0.93216	0.00320	0.00212	0.00183	0.00186	0.03166	0.00287	0.00836	0.01204
1.00000	0.00880	0.00369	0.02412	0.00586	0.84550	0.03185	0.00823	0.03838	0.02048	0.01308
1.00000	0.00155	0.00427	0.00199	0.01850	0.83828	0.00170	0.00407	0.10261	0.00120	0.02582
1.00000	0.09247	0.00604	0.00058	0.00692	0.02110	0.73369	0.03078	0.00893	0.09560	0.00389
1.00000	0.03116	0.01374	0.00211	0.06297	0.02924	0.50146	0.00877	0.25137	0.06418	0.03501
1.00000	0.00029	0.00091	0.00198	0.00054	0.04487	0.00735	0.00336	0.00492	0.00512	0.93066
1.00000	0.71171	0.00837	0.07871	0.02290	0.03405	0.02581	0.07399	0.01351	0.01899	0.01195
1.00000	0.00615	0.01258	0.86518	0.00073	0.00138	0.00191	0.10571	0.00070	0.00508	0.00057
1.00000	0.03419	0.78193	0.01784	0.01761	0.01016	0.01615	0.02861	0.02834	0.01733	0.04784
1.00000	0.00699	0.00175	0.01793	0.00295	0.84236	0.00324	0.03952	0.05549	0.00186	0.02790
1.00000	0.91909	0.00120	0.00971	0.00325	0.01068	0.01274	0.01158	0.01742	0.00810	0.00622
1.00000	0.00184	0.00098	0.00056	0.00193	0.00331	0.00196	0.00065	0.98319	0.00013	0.00546
0.00000	0.04373	0.05173	0.05431	0.06593	0.15952	0.07998	0.21235	0.06607	0.14762	0.11876
1.00000	0.13117	0.00477	0.00096	0.17075	0.05196	0.30921	0.01609	0.02685	0.07913	0.20912
0.00000	0.01084	0.25920	0.00744	0.01613	0.04012	0.11602	0.00231	0.23624	0.17640	0.13529
1.00000	0.01558	0.01916	0.05674	0.00588	0.09327	0.03486	0.03659	0.01374	0.03934	0.68484
1.00000	0.16597	0.02012	0.00357	0.15813	0.02647	0.42692	0.02146	0.00715	0.13809	0.03211
0.00000	0.07404	0.08531	0.00508	0.20573	0.02493	0.16738	0.13121	0.01606	0.17811	0.11214
1.00000	0.00109	0.00131	0.00145	0.02937	0.87795	0.05019	0.00473	0.00198	0.00276	0.02916
1.00000	0.00678	0.00375	0.05422	0.02540	0.04707	0.00278	0.01186	0.74247	0.02985	0.07582
1.00000	0.00312	0.91553	0.00891	0.00492	0.01257	0.00106	0.00465	0.04015	0.00054	0.00856
1.00000	0.02189	0.00215	0.00120	0.00096	0.01102	0.02389	0.00179	0.92425	0.00511	0.00776
1.00000	0.00091	0.02079	0.01126	0.02720	0.00083	0.00566	0.00068	0.90045	0.00660	0.02563
1.00000	0.03013	0.04324	0.54121	0.16086	0.00310	0.04778	0.08118	0.02976	0.04596	0.01679
1.00000	0.00165	0.00665	0.92766	0.04681	0.00077	0.00043	0.01335	0.00090	0.00110	0.00067
1.00000	0.00114	0.95203	0.00296	0.00295	0.00042	0.00206	0.00415	0.02216	0.00032	0.01182
1.00000	0.00201	0.97741	0.00300	0.00078	0.00128	0.00038	0.00293	0.00537	0.00172	0.00511
1.00000	0.00768	0.00067	0.00027	0.00714	0.11142	0.01159	0.02502	0.00823	0.02197	0.80600
1.00000	0.00111	0.97593	0.00143	0.00306	0.00392	0.00433	0.00424	0.00295	0.00016	0.00286
1.00000	0.63572	0.01578	0.02203	0.00790	0.02085	0.03737	0.17303	0.03514	0.00432	0.04786
1.00000	0.00030	0.00045	0.00208	0.00376	0.00108	0.03104	0.00311	0.00049	0.94887	0.00882
1.00000	0.88902	0.00116	0.00822	0.00111	0.00167	0.04101	0.04715	0.00328	0.00380	0.00361
1.00000	0.00007	0.00024	0.00024	0.00017	0.99577	0.00196	0.00075	0.00025	0.00005	0.00048
1.00000	0.02147	0.03391	0.02268	0.04894	0.66628	0.02358	0.03840	0.00294	0.00960	0.13221
1.00000	0.06810	0.01020	0.62454	0.01383	0.08336	0.03442	0.12585	0.01929	0.01364	0.00678
1.00000	0.02277	0.00328	0.00903	0.81326	0.00093	0.06075	0.00503	0.02898	0.04822	0.00776
1.00000	0.00086	0.00051	0.00059	0.00476	0.00012	0.00083	0.00012	0.99106	0.00010	0.00104
1.00000	0.81487	0.03850	0.02263	0.00480	0.00246	0.03756	0.05757	0.01122	0.00332	0.00706
1.00000	0.00218	0.00346	0.00212	0.00017	0.00146	0.00161	0.98795	0.00060	0.00026	0.00019
1.00000	0.00059	0.00576	0.00115	0.00782	0.87651	0.01036	0.00332	0.00309	0.01678	0.07462
1.00000	0.00139	0.04243	0.00923	0.07751	0.00279	0.00622	0.00079	0.83839	0.00226	0.01900
1.00000	0.02669	0.04324	0.16925	0.11074	0.01431	0.09810	0.01527	0.06784	0.36936	0.08519
1.00000	0.00239	0.87894	0.00481	0.00124	0.00315	0.00139	0.01010	0.02414	0.00261	0.07124
1.00000	0.01840	0.16006	0.02877	0.36254	0.05277	0.11478	0.01999	0.01341	0.09216	0.13714
1.00000	0.00360	0.01409	0.01695	0.56974	0.00123	0.04481	0.00174	0.01022	0.26087	0.07675
1.00000	0.00764	0.02904	0.67512	0.04013	0.02887	0.09759	0.01894	0.02127	0.05482	0.02658
1.00000	0.00626	0.00427	0.86137	0.00856	0.00322	0.00468	0.08997	0.00178	0.00765	0.01224
0.00000	0.04554	0.00689	0.25482	0.27913	0.01191	0.03025	0.01112	0.01432	0.33548	0.01054
1.00000	0.88695	0.00031	0.01061	0.00195	0.00021	0.02860	0.05520	0.00397	0.01184	0.00037
1.00000	0.00729	0.00387	0.80068	0.00968	0.03465	0.00355	0.10044	0.00202	0.00962	0.02820
1.00000	0.00876	0.00304	0.00299	0.96725	0.00137	0.01001	0.00212	0.00075	0.00269	0.00101
1.00000	0.06163	0.01602	0.03187	0.06931	0.01489	0.22208	0.06502	0.03747	0.44276	0.03896
1.00000	0.02363	0.00268	0.05111	0.00578	0.01050	0.00583	0.89403	0.00433	0.00103	0.00107
1.00000	0.00677	0.02005	0.00169	0.00285	0.02148	0.01537	0.00089	0.07558	0.00545	0.84987
0.00000	0.03947	0.15221	0.04043	0.16204	0.05079	0.11760	0.00888	0.12408	0.08822	0.21628
1.00000	0.00159	0.00954	0.07641	0.05035	0.11071	0.06228	0.66090	0.00865	0.00659	0.01298
1.00000	0.02109	0.00157	0.01013	0.08423	0.00150	0.11644	0.00143	0.00404	0.70037	0.05921
1.00000	0.00367	0.00036	0.00054	0.01138	0.00035	0.96528	0.00763	0.00026	0.00954	0.00099
0.00000	0.04677	0.04872	0.04530	0.02746	0.31097	0.03099	0.41740	0.00435	0.05228	0.01575
1.00000	0.01225	0.02528	0.00522	0.00500	0.16534	0.00922	0.02895	0.00532	0.01012	0.73330
1.00000	0.00441	0.07034	0.00193	0.00152	0.01405	0.07090	0.00139	0.68124	0.00068	0.15353
1.00000	0.04040	0.21136	0.49794	0.07259	0.00140	0.02506	0.08224	0.00376	0.06366	0.00159
1.00000	0.00280	0.00181	0.00185	0.00078	0.00399	0.00313	0.00016	0.97546	0.00026	0.00975
1.00000	0.06591	0.01729	0.05917	0.01173	0.00387	0.01410	0.01228	0.03206	0.70773	0.07587
0.00000	0.00380	0.01552	0.00275	0.34687	0.00199	0.10136	0.00088	0.02267	0.39959	0.10457
1.00000	0.05580	0.00809	0.03287	0.10497	0.00933	0.65898	0.07446	0.01118	0.03758	0.00674
1.00000	0.43723	0.02739	0.08678	0.00584	0.07095	0.03477	0.21425	0.02454	0.03912	0.05913
1.00000	0.00922	0.09248	0.19932	0.14348	0.00771	0.01448	0.01207	0.35402	0.14254	0.02469
1.00000	0.00180	0.00074	0.00046	0.00361	0.87009	0.01413	0.00432	0.00130	0.00136	0.10219
1.00000	0.01333	0.01307	0.00847	0.03835	0.10709	0.00201	0.01203	0.04489	0.00879	0.75196
1.00000	0.00882	0.01264	0.10735	0.46665	0.02246	0.31586	0.00484	0.00349	0.04725	0.01065
1.00000	0.07850	0.00667	0.00279	0.11903	0.00367	0.70134	0.00996	0.00645	0.06944	0.00216
1.00000	0.00305	0.00274	0.00146	0.00173	0.94733	0.01654	0.00587	0.01351	0.00346	0.00432
1.00000	0.04566	0.03636	0.14535	0.41566	0.01020	0.07518	0.15358	0.00828	0.09530	0.01443
1.00000	0.93448	0.00044	0.00272	0.02092	0.00070	0.00533	0.00599	0.00704	0.02152	0.00086
1.00000	0.00290	0.00378	0.76225	0.17804	0.00035	0.01466	0.03196	0.00387	0.00131	0.00086
1.00000	0.04821	0.01164	0.19819	0.00583	0.22564	0.02048	0.04411	0.02296	0.03596	0.38698
1.00000	0.20844	0.00249	0.01065	0.61148	0.00251	0.07745	0.02316	0.00445	0.05753	0.00184
1.00000	0.00024	0.98235	0.00328	0.00053	0.00060	0.00039	0.00223	0.00388	0.00008	0.00642
1.00000	0.04561	0.00857	0.02285	0.00117	0.00286	0.17299	0.74054	0.00039	0.00377	0.00125
1.00000	0.00109	0.00024	0.00013	0.00132	0.06304	0.03037	0.00123	0.04130	0.00218	0.85910
1.00000	0.00186	0.92706	0.01249	0.00236	0.00892	0.00302	0.02110	0.00442	0.00187	0.01690
1.00000	0.00393	0.00246	0.00041	0.01561	0.05827	0.02763	0.00187	0.14775	0.01448	0.72760
1.00000	0.01193	0.00329	0.00661	0.88144	0.00063	0.06849	0.00672	0.00095	0.01917	0.00077
0.00000	0.37834	0.01840	0.31212	0.13911	0.00159	0.03933	0.03535	0.03959	0.03421	0.00196
1.00000	0.01436	0.00457	0.00966	0.03010	0.69269	0.01162	0.14556	0.01473	0.00315	0.07355
1.00000	0.00066	0.00094	0.00011	0.00276	0.68441	0.01145	0.00186	0.01657	0.00432	0.27691
1.00000	0.01627	0.01405	0.02661	0.81684	0.00082	0.07689	0.00061	0.01896	0.01123	0.01772
1.00000	0.88150	0.02939	0.00355	0.00792	0.00639	0.05509	0.00186	0.00569	0.00142	0.00719
1.00000	0.00308	0.00282	0.01304	0.00659	0.79638	0.02928	0.01561	0.03548	0.05944	0.03826
1.00000	0.01152	0.00793	0.00619	0.00177	0.85712	0.02826	0.02993	0.01316	0.02440	0.01973
1.00000	0.01804	0.75269	0.06042	0.01224	0.00826	0.05645	0.00431	0.02849	0.01406	0.04503
1.00000	0.02202	0.00575	0.00481	0.43656	0.00870	0.16192	0.01871	0.06984	0.20042	0.07127
1.00000	0.65310	0.01543	0.02790	0.07507	0.01878	0.05013	0.07908	0.02193	0.04629	0.01229
1.00000	0.00028	0.00283	0.00014	0.00103	0.03108	0.00415	0.00162	0.04284	0.00093	0.91511
1.00000	0.00160	0.01159	0.00022	0.00465	0.10642	0.00933	0.00453	0.00574	0.02846	0.82747
1.00000	0.00439	0.03268	0.12563	0.00124	0.02673	0.07563	0.71897	0.00170	0.00322	0.00981
1.00000	0.00571	0.00392	0.08526	0.07960	0.00274	0.01525	0.04714	0.00036	0.74544	0.01459
1.00000	0.01019	0.06819	0.57649	0.17458	0.00535	0.03084	0.01366	0.08970	0.02471	0.00630
0.00000	0.02733	0.02818	0.00418	0.09772	0.12193	0.36155	0.03071	0.03213	0.07271	0.22354
1.00000	0.00819	0.19626	0.01069	0.00843	0.26999	0.05375	0.01742	0.27100	0.00671	0.15755
1.00000	0.01839	0.00488	0.00367	0.19719	0.00471	0.66940	0.07140	0.00087	0.02840	0.00109
1.00000	0.00967	0.00744	0.14295	0.09162	0.05857	0.00902	0.07774	0.46579	0.05936	0.07785
1.00000	0.01997	0.01245	0.01545	0.05295	0.00649	0.05568	0.02240	0.02307	0.74970	0.04184
1.00000	0.02980	0.00885	0.02321	0.01908	0.12639	0.05721	0.03295	0.07600	0.16486	0.46164
1.00000	0.02394	0.00945	0.54893	0.07345	0.04443	0.01704	0.08003	0.02981	0.12853	0.04440
1.00000	0.13235	0.00724	0.01615	0.00108	0.01095	0.71258	0.07995	0.01019	0.02626	0.00324
1.00000	0.01952	0.01803	0.81264	0.04354	0.01930	0.00329	0.02335	0.02033	0.00315	0.03686
1.00000	0.06553	0.00542	0.05889	0.60947	0.00493	0.11904	0.00874	0.04389	0.07417	0.00991
1.00000	0.08593	0.00185	0.02704	0.03316	0.01324	0.18051	0.06384	0.02442	0.51762	0.05240
1.00000	0.01579	0.02785	0.44030	0.07923	0.00203	0.01477	0.01539	0.03318	0.35336	0.01811
1.00000	0.00251	0.00693	0.01332	0.71749	0.00096	0.04787	0.00257	0.02132	0.13601	0.05104
1.00000	0.00118	0.00419	0.00132	0.00375	0.10772	0.00747	0.00369	0.03196	0.04473	0.79399
1.00000	0.00002	0.00007	0.00520	0.00007	0.00227	0.00035	0.99174	0.00002	0.00017	0.00010
1.00000	0.00914	0.04542	0.01324	0.01159	0.02922	0.01019	0.00061	0.80446	0.01862	0.05750
1.00000	0.94601	0.00200	0.01103	0.01199	0.00139	0.00373	0.01575	0.00103	0.00525	0.00182
1.00000	0.96117	0.00072	0.01184	0.00285	0.00021	0.00842	0.00857	0.00187	0.00365	0.00071
1.00000	0.01718	0.00345	0.01254	0.02910	0.08583	0.73566	0.08980	0.00428	0.01107	0.01110
1.00000	0.00812	0.00365	0.73113	0.03382	0.00234	0.00601	0.19920	0.00307	0.00780	0.00485
1.00000	0.00695	0.00601	0.06963	0.87257	0.00072	0.00657	0.01491	0.00684	0.01465	0.00114
1.00000	0.00406	0.00660	0.68128	0.05945	0.02493	0.01908	0.06023	0.02052	0.07283	0.05102
1.00000	0.02519	0.00666	0.00231	0.00480	0.00643	0.78937	0.00820	0.00424	0.12960	0.02321
1.00000	0.00289	0.88174	0.01052	0.00405	0.00743	0.03810	0.02493	0.00150	0.01526	0.01358
1.00000	0.70081	0.01636	0.05867	0.00559	0.02894	0.00663	0.13892	0.02517	0.00820	0.01071
1.00000	0.00681	0.04766	0.17715	0.24944	0.00538	0.00578	0.00382	0.48047	0.01316	0.01032
1.00000	0.05349	0.00336	0.02192	0.00744	0.00889	0.02308	0.03329	0.00080	0.82291	0.02481
0.00000	0.00241	0.01358	0.00760	0.00386	0.30078	0.02591	0.04763	0.00474	0.01423	0.57926
1.00000	0.09580	0.00437	0.00262	0.02287	0.59031	0.06220	0.04330	0.01247	0.01670	0.14935
1.00000	0.04356	0.01470	0.42496	0.11884	0.00372	0.03054	0.06503	0.01640	0.27541	0.00683
1.00000	0.01741	0.05786	0.80303	0.01024	0.01289	0.00813	0.05214	0.00117	0.02463	0.01251
1.00000	0.01467	0.09773	0.03927	0.23411	0.03339	0.10476	0.12822	0.02080	0.24274	0.08433
