1.00000	0.00190	0.92667	0.00646	0.01096	0.02680	0.00185	0.00420	0.00326	0.01151	0.00639
1.00000	0.00174	0.00020	0.00286	0.03490	0.01813	0.00123	0.00043	0.92923	0.00024	0.01105
1.00000	0.96558	0.00028	0.00154	0.00094	0.00080	0.00337	0.01973	0.00142	0.00225	0.00409
1.00000	0.12467	0.00711	0.00078	0.00410	0.03682	0.70487	0.03226	0.00518	0.06632	0.01788
1.00000	0.00126	0.00078	0.00166	0.00968	0.89894	0.01819	0.00433	0.01393	0.00192	0.04931
1.00000	0.05141	0.03752	0.01064	0.02891	0.27278	0.06811	0.01555	0.33869	0.00836	0.16804
1.00000	0.04700	0.00045	0.00209	0.04881	0.01335	0.87950	0.00176	0.00119	0.00375	0.00211
1.00000	0.17857	0.00194	0.46231	0.03749	0.06668	0.04813	0.16935	0.02371	0.00437	0.00746
0.00000	0.03286	0.00298	0.00827	0.02456	0.21514	0.00821	0.01519	0.13291	0.01290	0.54698
0.00000	0.05498	0.00592	0.02648	0.04606	0.33789	0.04514	0.04544	0.10092	0.05647	0.28071
1.00000	0.00691	0.83476	0.00903	0.02439	0.03568	0.00216	0.00674	0.02932	0.02053	0.03048
1.00000	0.00370	0.00214	0.96969	0.00047	0.00808	0.00070	0.01347	0.00070	0.00077	0.00026
1.00000	0.00465	0.00759	0.00367	0.01845	0.75868	0.02986	0.00707	0.00889	0.00641	0.15473
1.00000	0.00389	0.92002	0.00120	0.00962	0.01701	0.00276	0.00363	0.01338	0.01686	0.01163
1.00000	0.00379	0.74248	0.01622	0.01817	0.02344	0.03263	0.00683	0.11197	0.03201	0.01247
1.00000	0.01884	0.00571	0.04305	0.38703	0.05862	0.11792	0.10210	0.11189	0.02670	0.12814
1.00000	0.00232	0.92204	0.00222	0.00731	0.02277	0.00172	0.00590	0.02525	0.00386	0.00660
1.00000	0.02484	0.00123	0.00128	0.00872	0.01006	0.04510	0.90436	0.00017	0.00335	0.00089
1.00000	0.00012	0.00024	0.00029	0.00017	0.97315	0.00262	0.00048	0.00045	0.00100	0.02149
1.00000	0.00353	0.00027	0.00276	0.02608	0.26308	0.01455	0.00570	0.01986	0.00422	0.65996
1.00000	0.01680	0.00291	0.01337	0.87274	0.00462	0.02068	0.00655	0.00166	0.01775	0.04292
1.00000	0.00240	0.00094	0.00087	0.00906	0.78074	0.00183	0.01435	0.01242	0.00463	0.17275
1.00000	0.00066	0.00009	0.00005	0.00063	0.08861	0.00083	0.00083	0.00505	0.00178	0.90147
1.00000	0.17445	0.01187	0.04740	0.15660	0.01961	0.04764	0.02698	0.00557	0.41988	0.09000
1.00000	0.00557	0.00018	0.00092	0.00383	0.10613	0.01005	0.01638	0.00541	0.04690	0.80463
1.00000	0.64278	0.03183	0.08736	0.05154	0.00711	0.10095	0.04900	0.00174	0.01456	0.01314
1.00000	0.00530	0.00033	0.00380	0.01773	0.01853	0.00294	0.00461	0.70438	0.00143	0.24094
1.00000	0.06112	0.00021	0.02039	0.00762	0.00335	0.00153	0.86140	0.00310	0.02355	0.01772
1.00000	0.09548	0.09178	0.06522	0.01231	0.08699	0.14348	0.11339	0.00563	0.33558	0.05015
1.00000	0.00993	0.00003	0.00173	0.00086	0.00183	0.00066	0.98444	0.00008	0.00013	0.00031
1.00000	0.06012	0.48583	0.02377	0.03298	0.04555	0.01138	0.02771	0.12792	0.13475	0.04999
1.00000	0.00447	0.00043	0.00525	0.94689	0.00304	0.00972	0.01231	0.00091	0.01664	0.00034
1.00000	0.02257	0.89252	0.00282	0.01000	0.00120	0.01700	0.00438	0.00445	0.03745	0.00760
1.00000	0.03696	0.00533	0.04289	0.01532	0.61749	0.02158	0.05803	0.02442	0.03443	0.14355
1.00000	0.00303	0.00067	0.02683	0.00073	0.02104	0.00334	0.94097	0.00238	0.00052	0.00049
1.00000	0.01582	0.06861	0.66633	0.02945	0.05938	0.00801	0.10624	0.00693	0.02754	0.01170
1.00000	0.01885	0.00714	0.00492	0.00977	0.29070	0.13670	0.04508	0.03907	0.41785	0.02993
1.00000	0.86832	0.00071	0.00348	0.01348	0.00308	0.00260	0.10177	0.00324	0.00123	0.00208
1.00000	0.00442	0.02467	0.01026	0.01370	0.56068	0.07876	0.00666	0.08953	0.00162	0.20970
1.00000	0.03238	0.00743	0.53108	0.07498	0.00978	0.00276	0.04726	0.03686	0.11898	0.13849
1.00000	0.19957	0.00027	0.02338	0.57177	0.00915	0.06981	0.04531	0.02272	0.04926	0.00876
1.00000	0.00091	0.00062	0.96808	0.00958	0.00948	0.00064	0.00386	0.00156	0.00482	0.00046
1.00000	0.97605	0.00274	0.00112	0.00012	0.00036	0.01269	0.00386	0.00010	0.00177	0.00119
1.00000	0.00884	0.00096	0.03668	0.00571	0.33522	0.01152	0.03146	0.03204	0.01238	0.52519
1.00000	0.04464	0.01424	0.59001	0.18259	0.02005	0.02672	0.00938	0.00272	0.10133	0.00832
1.00000	0.00156	0.90959	0.00593	0.00795	0.04718	0.00120	0.00482	0.00416	0.01426	0.00337
1.00000	0.00336	0.00417	0.13611	0.72916	0.00267	0.02347	0.00679	0.02977	0.05674	0.00775
1.00000	0.00342	0.00486	0.02142	0.85506	0.02985	0.00407	0.00204	0.04508	0.02269	0.01150
0.00000	0.00374	0.00078	0.00092	0.64479	0.00388	0.02243	0.00049	0.01162	0.26656	0.04478
1.00000	0.05223	0.00334	0.00876	0.12028	0.07468	0.63158	0.04676	0.00948	0.01863	0.03426
1.00000	0.02179	0.02099	0.04474	0.00735	0.32154	0.09571	0.05947	0.06014	0.20289	0.16538
1.00000	0.04327	0.00071	0.00162	0.01283	0.00800	0.01084	0.91894	0.00019	0.00090	0.00270
1.00000	0.03148	0.04048	0.09821	0.08355	0.00378	0.00800	0.00179	0.66527	0.00939	0.05803
1.00000	0.13284	0.00200	0.00197	0.04766	0.01859	0.07584	0.00509	0.62720	0.00482	0.08399
1.00000	0.04200	0.00339	0.00298	0.10341	0.01527	0.72454	0.00483	0.00357	0.09082	0.00920
1.00000	0.01383	0.00748	0.01819	0.00437	0.37246	0.02837	0.00703	0.03914	0.00658	0.50255
1.00000	0.00280	0.00223	0.00881	0.00110	0.81537	0.00315	0.11900	0.00759	0.02081	0.01915
1.00000	0.00860	0.00362	0.00401	0.01113	0.67363	0.02090	0.00848	0.11814	0.02071	0.13079
1.00000	0.88628	0.00080	0.01077	0.00940	0.00607	0.01593	0.02984	0.00580	0.02126	0.01386
0.00000	0.08958	0.00825	0.00643	0.02917	0.04749	0.07667	0.01413	0.01580	0.34197	0.37051
1.00000	0.01725	0.00580	0.00232	0.12172	0.10389	0.52531	0.13444	0.00806	0.01313	0.06808
1.00000	0.62008	0.00703	0.00835	0.04861	0.03509	0.07712	0.02393	0.03987	0.00349	0.13644
1.00000	0.00288	0.00039	0.01609	0.00189	0.71801	0.03948	0.04702	0.04314	0.01063	0.12048
1.00000	0.00036	0.00118	0.00025	0.00559	0.10752	0.00358	0.00130	0.00458	0.00715	0.86848
1.00000	0.00284	0.00196	0.01342	0.11517	0.02259	0.00057	0.00259	0.83500	0.00052	0.00533
1.00000	0.00220	0.00016	0.00050	0.00102	0.07076	0.00533	0.00215	0.89591	0.00071	0.02126
1.00000	0.09148	0.00152	0.07890	0.01021	0.07712	0.03166	0.06473	0.11475	0.00320	0.52642
1.00000	0.04007	0.00433	0.00253	0.07398	0.01844	0.02420	0.00173	0.77756	0.01016	0.04700
1.00000	0.00199	0.00028	0.00027	0.03735	0.19313	0.00204	0.00084	0.06091	0.00689	0.69630
1.00000	0.03813	0.01524	0.18619	0.03913	0.09608	0.01218	0.54528	0.03808	0.01719	0.01249
1.00000	0.86821	0.00072	0.04828	0.00463	0.00202	0.02735	0.04409	0.00159	0.00177	0.00134
1.00000	0.11825	0.00115	0.00204	0.27162	0.01160	0.36925	0.12908	0.03358	0.01576	0.04768
1.00000	0.01141	0.02892	0.00309	0.02595	0.00792	0.79794	0.00548	0.04802	0.03501	0.03626
1.00000	0.06039	0.00227	0.03771	0.01823	0.10699	0.00959	0.64017	0.04716	0.01737	0.06011
1.00000	0.01098	0.00030	0.03301	0.00046	0.05183	0.11405	0.74594	0.00252	0.03605	0.00487
1.00000	0.06636	0.05614	0.03367	0.00927	0.16850	0.54810	0.04743	0.01160	0.04471	0.01420
1.00000	0.01641	0.01448	0.01907	0.03445	0.09190	0.01885	0.00702	0.48123	0.09638	0.22021
1.00000	0.37525	0.00726	0.03107	0.18352	0.04277	0.14142	0.01849	0.17146	0.00541	0.02336
1.00000	0.00569	0.00008	0.00053	0.00224	0.00302	0.00323	0.00077	0.96205	0.00220	0.02019
1.00000	0.01391	0.01662	0.00762	0.01637	0.05191	0.68577	0.03852	0.10621	0.03078	0.03229
1.00000	0.00052	0.00029	0.00036	0.00676	0.16595	0.02168	0.00109	0.02128	0.00448	0.77759
1.00000	0.00581	0.00854	0.03407	0.03121	0.56920	0.01751	0.17644	0.00767	0.00909	0.14046
1.00000	0.00344	0.00084	0.04348	0.01319	0.86876	0.01843	0.00362	0.01989	0.00158	0.02676
1.00000	0.00163	0.00004	0.00410	0.00121	0.29393	0.00129	0.03814	0.00350	0.00360	0.65255
1.00000	0.00611	0.00762	0.94725	0.00938	0.00048	0.00021	0.00127	0.02707	0.00046	0.00015
1.00000	0.97824	0.00012	0.00491	0.00192	0.00014	0.00215	0.00822	0.00099	0.00166	0.00165
1.00000	0.11777	0.01185	0.49109	0.05225	0.02949	0.02447	0.20281	0.00526	0.03706	0.02795
0.00000	0.02522	0.00032	0.00006	0.00855	0.07884	0.01458	0.00198	0.39003	0.00094	0.47947
1.00000	0.00382	0.91372	0.00204	0.00399	0.00733	0.01724	0.01122	0.03138	0.00304	0.00623
1.00000	0.00978	0.07284	0.01575	0.66012	0.00928	0.13336	0.05175	0.01472	0.02299	0.00941
1.00000	0.01129	0.00190	0.90765	0.00438	0.01867	0.00152	0.02589	0.00228	0.01144	0.01498
1.00000	0.80675	0.00462	0.01887	0.03384	0.00550	0.01736	0.07737	0.02393	0.00253	0.00921
1.00000	0.06513	0.00013	0.00851	0.00381	0.00408	0.02884	0.88585	0.00059	0.00067	0.00237
1.00000	0.00933	0.91817	0.01222	0.00219	0.01110	0.00117	0.00230	0.01000	0.02051	0.01302
1.00000	0.01044	0.00074	0.00105	0.00896	0.00145	0.00130	0.01140	0.88301	0.00541	0.07624
1.00000	0.07426	0.00267	0.01504	0.02459	0.15128	0.03058	0.04633	0.57371	0.03856	0.04299
0.00000	0.28288	0.00226	0.00860	0.04120	0.26095	0.06330	0.02171	0.18788	0.01096	0.12027
0.00000	0.03929	0.00053	0.00090	0.00962	0.10340	0.00287	0.00725	0.02830	0.11238	0.69546
1.00000	0.00799	0.00236	0.02152	0.02016	0.81435	0.00564	0.02008	0.06628	0.01734	0.02427
1.00000	0.01437	0.00011	0.00067	0.00302	0.00858	0.00069	0.00268	0.91523	0.00088	0.05377
1.00000	0.01279	0.06840	0.05617	0.03420	0.10758	0.12232	0.02310	0.43812	0.05537	0.08196
1.00000	0.00272	0.00130	0.04698	0.00203	0.34090	0.01268	0.55990	0.02350	0.00287	0.00713
1.00000	0.00099	0.00007	0.00783	0.02091	0.00105	0.00026	0.00007	0.00186	0.96454	0.00243
0.00000	0.01991	0.01671	0.05973	0.01251	0.42071	0.03057	0.20209	0.07383	0.04323	0.12070
1.00000	0.23722	0.01346	0.32103	0.18157	0.01997	0.02843	0.07766	0.00287	0.11492	0.00287
1.00000	0.01688	0.00209	0.00150	0.03750	0.01601	0.90006	0.00219	0.00089	0.02251	0.00037
1.00000	0.04267	0.00404	0.05369	0.00665	0.64498	0.06508	0.06169	0.06122	0.00398	0.05599
1.00000	0.04200	0.00724	0.09180	0.77403	0.00399	0.02413	0.01157	0.01364	0.02694	0.00464
1.00000	0.00136	0.00020	0.00039	0.00152	0.66660	0.04403	0.00670	0.00526	0.00155	0.27239
1.00000	0.00293	0.00022	0.00006	0.00655	0.00084	0.00057	0.00054	0.96970	0.00087	0.01771
0.00000	0.24638	0.00411	0.09924	0.08795	0.06329	0.08060	0.09354	0.05691	0.05543	0.21255
1.00000	0.00977	0.00018	0.00511	0.04877	0.01527	0.00760	0.00266	0.03811	0.84269	0.02985
1.00000	0.00228	0.00344	0.00886	0.02297	0.00986	0.00286	0.00970	0.01979	0.82227	0.09798
1.00000	0.00460	0.08051	0.00255	0.01312	0.03074	0.01258	0.00187	0.77787	0.02158	0.05457
1.00000	0.00921	0.73636	0.00217	0.03150	0.05808	0.02970	0.02752	0.07608	0.01349	0.01588
1.00000	0.09518	0.01583	0.05816	0.72442	0.00144	0.06896	0.00584	0.00687	0.02191	0.00140
1.00000	0.03062	0.00008	0.00368	0.00439	0.00743	0.00741	0.94390	0.00011	0.00170	0.00068
1.00000	0.00132	0.00018	0.00077	0.00364	0.22017	0.00171	0.00089	0.01648	0.01731	0.73754
1.00000	0.00425	0.92826	0.00372	0.00087	0.01550	0.00169	0.00350	0.01621	0.00561	0.02040
1.00000	0.00299	0.00505	0.00556	0.01118	0.01126	0.00252	0.00184	0.92537	0.00137	0.03286
1.00000	0.00804	0.00065	0.01224	0.01998	0.75255	0.01459	0.10821	0.01398	0.01078	0.05898
0.00000	0.01559	0.05987	0.11817	0.05302	0.36394	0.01813	0.13578	0.19724	0.00202	0.03623
1.00000	0.04517	0.00739	0.24774	0.62751	0.00137	0.01406	0.02291	0.02175	0.00995	0.00216
1.00000	0.85105	0.02305	0.02332	0.00519	0.00430	0.00906	0.06937	0.00133	0.00976	0.00359
1.00000	0.04567	0.03019	0.00064	0.11303	0.05242	0.40575	0.05752	0.14484	0.03589	0.11405
1.00000	0.02789	0.00081	0.01299	0.87465	0.00228	0.04101	0.02295	0.00219	0.01399	0.00124
1.00000	0.01578	0.00229	0.64569	0.03376	0.13755	0.00986	0.14098	0.00357	0.00578	0.00476
1.00000	0.00755	0.00448	0.11079	0.56929	0.04614	0.02737	0.00491	0.00340	0.21030	0.01578
1.00000	0.14720	0.00511	0.03977	0.17917	0.00916	0.55962	0.02502	0.01105	0.01770	0.00620
1.00000	0.00956	0.00122	0.00246	0.08540	0.00187	0.84700	0.00419	0.00114	0.04516	0.00200
1.00000	0.00137	0.00003	0.00048	0.00173	0.05900	0.00075	0.00125	0.00851	0.00350	0.92338
0.00000	0.09735	0.01020	0.05027	0.18496	0.11054	0.14633	0.04573	0.14285	0.05775	0.15403
1.00000	0.00245	0.00036	0.00586	0.00072	0.02484	0.01289	0.94374	0.00222	0.00291	0.00400
1.00000	0.00036	0.00018	0.00039	0.00414	0.93355	0.01570	0.00132	0.02429	0.00086	0.01921
1.00000	0.95655	0.00005	0.00467	0.00290	0.00061	0.00404	0.02402	0.00042	0.00290	0.00383
1.00000	0.08178	0.02915	0.01854	0.03753	0.05558	0.02960	0.02116	0.01491	0.47660	0.23516
1.00000	0.95741	0.00031	0.00207	0.00554	0.00044	0.01848	0.01092	0.00035	0.00219	0.00229
1.00000	0.03600	0.00858	0.00745	0.11671	0.02684	0.02123	0.00211	0.71620	0.00411	0.06078
1.00000	0.27727	0.02501	0.27819	0.08920	0.06610	0.16005	0.03026	0.00846	0.05612	0.00934
1.00000	0.05113	0.05073	0.00510	0.03278	0.06703	0.03697	0.02626	0.12745	0.48969	0.11286
1.00000	0.01771	0.00245	0.02489	0.28328	0.05261	0.08845	0.04097	0.01682	0.46672	0.00610
1.00000	0.20388	0.00240	0.02771	0.14969	0.07376	0.17928	0.11222	0.00399	0.24142	0.00566
1.00000	0.00247	0.00033	0.00069	0.01045	0.00068	0.00083	0.00044	0.97151	0.00059	0.01200
1.00000	0.03636	0.06389	0.26783	0.26210	0.00600	0.05203	0.01622	0.07564	0.18366	0.03627
1.00000	0.00848	0.00124	0.05588	0.00636	0.05065	0.05144	0.76879	0.00720	0.03040	0.01957
1.00000	0.84827	0.00176	0.01112	0.00262	0.00589	0.02277	0.09688	0.00768	0.00102	0.00199
1.00000	0.01856	0.04167	0.00307	0.01947	0.11429	0.53029	0.10071	0.01348	0.10555	0.05290
1.00000	0.12002	0.00766	0.01533	0.28005	0.01808	0.41444	0.02619	0.04171	0.06577	0.01074
1.00000	0.00684	0.00679	0.91897	0.02415	0.00225	0.00071	0.02152	0.00159	0.01196	0.00524
1.00000	0.02728	0.00426	0.00480	0.00556	0.04434	0.80501	0.05264	0.00941	0.03551	0.01119
1.00000	0.00907	0.46177	0.02337	0.17692	0.09440	0.03064	0.01692	0.03425	0.02839	0.12427
1.00000	0.00093	0.00024	0.01506	0.95718	0.00032	0.00732	0.00401	0.00664	0.00730	0.00100
1.00000	0.02278	0.00205	0.07895	0.00979	0.03534	0.01924	0.79896	0.00315	0.01282	0.01691
1.00000	0.12741	0.00747	0.10150	0.00324	0.54938	0.06864	0.07791	0.00854	0.02675	0.02916
1.00000	0.03160	0.01907	0.03319	0.14281	0.02128	0.00118	0.00145	0.66031	0.01922	0.06989
1.00000	0.02314	0.00030	0.01267	0.00032	0.92247	0.00260	0.02241	0.00308	0.00055	0.01246
1.00000	0.94660	0.00056	0.00679	0.00206	0.00149	0.02601	0.01310	0.00082	0.00127	0.00128
1.00000	0.04884	0.04104	0.34465	0.22604	0.00509	0.00684	0.00313	0.00556	0.31575	0.00308
1.00000	0.53605	0.00630	0.13264	0.01135	0.01959	0.01286	0.12015	0.02511	0.01026	0.12570
0.00000	0.09142	0.01010	0.29225	0.34417	0.00247	0.00194	0.05753	0.13358	0.02248	0.04407
1.00000	0.03182	0.00021	0.00097	0.00147	0.05821	0.01688	0.01125	0.01535	0.00427	0.85957
1.00000	0.01615	0.00275	0.79185	0.08626	0.00619	0.00538	0.01158	0.01878	0.05575	0.00530
1.00000	0.03102	0.00224	0.00130	0.15676	0.02746	0.67722	0.02473	0.00633	0.06400	0.00895
0.00000	0.47712	0.00184	0.15489	0.00450	0.01012	0.01590	0.28522	0.01803	0.02410	0.00827
0.00000	0.03086	0.00813	0.02842	0.01800	0.39537	0.11843	0.14638	0.04673	0.02605	0.18163
1.00000	0.00584	0.00157	0.00261	0.03915	0.08125	0.04712	0.00330	0.01311	0.06413	0.74193
1.00000	0.00158	0.00017	0.00010	0.00637	0.10002	0.01166	0.02576	0.01143	0.00098	0.84192
1.00000	0.03537	0.00725	0.11723	0.02830	0.02632	0.01730	0.71061	0.00878	0.01623	0.03262
1.00000	0.02095	0.00334	0.10761	0.02999	0.02287	0.02555	0.02604	0.01862	0.72418	0.02086
1.00000	0.16240	0.00486	0.73889	0.01019	0.00193	0.00369	0.01615	0.00716	0.05208	0.00266
1.00000	0.72692	0.00091	0.02324	0.02233	0.01154	0.02440	0.16275	0.00700	0.01344	0.00747
1.00000	0.00627	0.00094	0.00633	0.10046	0.00345	0.00373	0.00190	0.01163	0.80390	0.06140
1.00000	0.04124	0.00613	0.01098	0.01383	0.01206	0.86286	0.02130	0.00459	0.02617	0.00085
1.00000	0.00081	0.00052	0.00134	0.00413	0.78956	0.03324	0.00344	0.06071	0.00638	0.09987
1.00000	0.00849	0.00005	0.00835	0.00149	0.00341	0.00262	0.97259	0.00013	0.00153	0.00133
1.00000	0.01035	0.00152	0.04028	0.00546	0.70027	0.00913	0.02332	0.00609	0.03433	0.16925
1.00000	0.01818	0.00186	0.00241	0.05398	0.00103	0.00201	0.00110	0.90804	0.00253	0.00885
1.00000	0.04359	0.02818	0.01358	0.63853	0.01151	0.07247	0.01225	0.03527	0.06000	0.08461
1.00000	0.01936	0.00054	0.01157	0.00404	0.00271	0.00752	0.00168	0.00102	0.92074	0.03082
1.00000	0.00505	0.01635	0.37749	0.11572	0.01265	0.00328	0.00156	0.06681	0.37104	0.03005
1.00000	0.41271	0.01347	0.06758	0.01058	0.12799	0.02758	0.11971	0.07653	0.02703	0.11681
1.00000	0.00774	0.03645	0.00466	0.44468	0.05876	0.13925	0.04946	0.02155	0.10846	0.12900
1.00000	0.03599	0.00162	0.00375	0.00275	0.03343	0.01913	0.87563	0.00062	0.02584	0.00125
1.00000	0.00392	0.94095	0.00543	0.00053	0.00696	0.00560	0.00112	0.02582	0.00557	0.00410
1.00000	0.00835	0.00214	0.01148	0.82800	0.00276	0.07831	0.00247	0.00753	0.05700	0.00196
1.00000	0.26317	0.00064	0.04458	0.23072	0.00939	0.03491	0.03269	0.03847	0.32895	0.01648
1.00000	0.04119	0.00501	0.07007	0.07132	0.02518	0.00924	0.04681	0.03179	0.60364	0.09576
1.00000	0.02955	0.00347	0.00087	0.00779	0.03066	0.83125	0.06919	0.00046	0.00793	0.01882
0.00000	0.20097	0.01195	0.17318	0.21134	0.00871	0.08580	0.06952	0.02449	0.09724	0.11681
1.00000	0.05221	0.00820	0.03338	0.75391	0.00323	0.00538	0.02059	0.00493	0.07921	0.03896
0.00000	0.43334	0.02880	0.06691	0.30304	0.00646	0.03895	0.03066	0.04025	0.04639	0.00522
1.00000	0.00864	0.00051	0.00912	0.00699	0.69832	0.01916	0.03696	0.01974	0.01306	0.18751
1.00000	0.02823	0.01096	0.21832	0.53705	0.00429	0.01475	0.01349	0.00760	0.15482	0.01049
0.00000	0.00796	0.00260	0.60676	0.14434	0.10450	0.02463	0.01607	0.06195	0.00859	0.02260
1.00000	0.10861	0.00906	0.10659	0.06436	0.04549	0.08347	0.08441	0.08721	0.30745	0.10335
1.00000	0.05912	0.01695	0.10314	0.18830	0.07444	0.05550	0.04371	0.01511	0.42618	0.01755
1.00000	0.95053	0.00012	0.00037	0.00038	0.00013	0.01189	0.03433	0.00015	0.00069	0.00141
1.00000	0.05695	0.00049	0.00710	0.13173	0.00191	0.78188	0.00618	0.00462	0.00591	0.00324
1.00000	0.00088	0.00025	0.00889	0.97364	0.00110	0.00123	0.00019	0.01204	0.00157	0.00021
1.00000	0.01873	0.01052	0.09632	0.00207	0.58498	0.08830	0.08581	0.05172	0.03219	0.02935
1.00000	0.01164	0.01814	0.06581	0.00593	0.72969	0.06871	0.02338	0.02268	0.00873	0.04529
1.00000	0.00243	0.00051	0.00071	0.00320	0.06133	0.00100	0.00260	0.02060	0.07041	0.83723
1.00000	0.02343	0.00316	0.00185	0.02021	0.17946	0.10133	0.07507	0.21782	0.01342	0.36425
1.00000	0.00557	0.00239	0.16211	0.79781	0.01068	0.00502	0.00263	0.00392	0.00807	0.00181
1.00000	0.01149	0.00069	0.02010	0.02721	0.05758	0.01122	0.00592	0.16974	0.03564	0.66043
1.00000	0.01097	0.00529	0.00348	0.00922	0.02470	0.22612	0.01355	0.00464	0.57369	0.12833
1.00000	0.00227	0.00014	0.00004	0.00314	0.13134	0.00635	0.00097	0.00285	0.00447	0.84843
1.00000	0.01692	0.00636	0.00277	0.06289	0.01870	0.02733	0.01830	0.00564	0.69513	0.14596
1.00000	0.97291	0.00099	0.00202	0.00064	0.00133	0.00319	0.01501	0.00122	0.00168	0.00102
1.00000	0.04410	0.84865	0.02919	0.00709	0.01069	0.00851	0.00487	0.00688	0.03020	0.00981
1.00000	0.01191	0.00100	0.00285	0.51604	0.01514	0.01469	0.00362	0.03179	0.19491	0.20804
1.00000	0.94918	0.00012	0.00170	0.00060	0.00010	0.00993	0.03092	0.00014	0.00656	0.00075
1.00000	0.01549	0.00353	0.67802	0.04837	0.11614	0.01395	0.02428	0.05434	0.00187	0.04401
1.00000	0.01527	0.00094	0.00133	0.03371	0.10383	0.00681	0.00378	0.13928	0.07656	0.61848
1.00000	0.00127	0.00006	0.00022	0.00283	0.00380	0.00082	0.00038	0.93533	0.00027	0.05501
1.00000	0.01684	0.00244	0.03876	0.02173	0.02806	0.10122	0.21433	0.00183	0.56424	0.01054
1.00000	0.20829	0.00664	0.00803	0.03717	0.04527	0.08422	0.03421	0.46425	0.05780	0.05413
1.00000	0.99411	0.00003	0.00050	0.00015	0.00004	0.00056	0.00330	0.00019	0.00078	0.00035
1.00000	0.00315	0.00181	0.00078	0.03002	0.08207	0.01518	0.00078	0.07245	0.02532	0.76844
1.00000	0.03688	0.00066	0.07273	0.01301	0.02174	0.00541	0.83987	0.00126	0.00226	0.00616
1.00000	0.01142	0.03192	0.00610	0.02782	0.00329	0.00190	0.00071	0.86557	0.00524	0.04603
1.00000	0.00288	0.00247	0.00187	0.00198	0.81837	0.01503	0.00635	0.02372	0.00285	0.12448
1.00000	0.02939	0.01109	0.00550	0.02555	0.02060	0.00330	0.01683	0.80805	0.00102	0.07868
1.00000	0.04114	0.59109	0.06085	0.03892	0.02738	0.00595	0.01290	0.05242	0.13869	0.03064
1.00000	0.01276	0.00104	0.00016	0.03586	0.07421	0.01477	0.00060	0.00907	0.07241	0.77912
1.00000	0.03378	0.00663	0.50864	0.32963	0.00154	0.00551	0.01111	0.08211	0.00829	0.01276
1.00000	0.24201	0.01658	0.40735	0.12259	0.03907	0.03926	0.03706	0.00768	0.02563	0.06278
1.00000	0.00499	0.00494	0.73342	0.20063	0.01266	0.00111	0.02794	0.00141	0.01084	0.00206
1.00000	0.00215	0.87565	0.00201	0.01773	0.06172	0.01162	0.00671	0.00745	0.00610	0.00886
1.00000	0.00569	0.00256	0.00837	0.05682	0.03398	0.01171	0.00174	0.00138	0.84987	0.02787
1.00000	0.01567	0.00151	0.00488	0.86577	0.01014	0.00502	0.00046	0.04330	0.04634	0.00691
1.00000	0.02394	0.00205	0.00361	0.87337	0.00940	0.01953	0.00321	0.00071	0.06184	0.00234
1.00000	0.00021	0.00021	0.02654	0.95175	0.00107	0.00835	0.00023	0.00271	0.00848	0.00046
1.00000	0.01411	0.00013	0.00055	0.00422	0.00959	0.00138	0.00233	0.93978	0.00020	0.02772
1.00000	0.65423	0.00290	0.06398	0.11000	0.00709	0.06400	0.06360	0.01970	0.01112	0.00340
0.00000	0.26492	0.00424	0.07365	0.01647	0.15628	0.06478	0.04485	0.01662	0.12258	0.23561
1.00000	0.58806	0.00255	0.03532	0.01241	0.07892	0.03307	0.13644	0.02535	0.00721	0.08067
1.00000	0.02461	0.00614	0.01017	0.57842	0.04065	0.02665	0.00699	0.00259	0.23346	0.07032
1.00000	0.00256	0.96745	0.00124	0.00098	0.00205	0.00138	0.00245	0.00549	0.00368	0.01271
1.00000	0.02089	0.00466	0.00208	0.78365	0.00241	0.13370	0.00684	0.02720	0.01688	0.00170
1.00000	0.03071	0.02722	0.00131	0.01269	0.09246	0.03984	0.01143	0.76779	0.00317	0.01337
1.00000	0.05728	0.00027	0.00071	0.04513	0.00716	0.83584	0.04251	0.00060	0.00744	0.00306
1.00000	0.13037	0.26112	0.02692	0.03409	0.00516	0.41967	0.05818	0.00686	0.04794	0.00969
1.00000	0.04623	0.00699	0.06011	0.05215	0.03916	0.03196	0.00738	0.00640	0.69132	0.05830
1.00000	0.02204	0.00550	0.00443	0.06120	0.06589	0.00451	0.00198	0.73989	0.00849	0.08607
1.00000	0.00907	0.00494	0.03058	0.08722	0.00863	0.04280	0.00738	0.01439	0.72216	0.07283
1.00000	0.00290	0.01654	0.00296	0.00822	0.78729	0.01132	0.02284	0.01319	0.02157	0.11317
1.00000	0.12638	0.01784	0.01514	0.04759	0.01686	0.65562	0.05469	0.00076	0.06110	0.00402
1.00000	0.04142	0.00163	0.01240	0.03958	0.82333	0.00803	0.02503	0.01384	0.00955	0.02519
1.00000	0.03026	0.00559	0.82599	0.02295	0.01380	0.00172	0.08400	0.00057	0.00427	0.01084
1.00000	0.01705	0.00806	0.00735	0.00546	0.07293	0.02484	0.00770	0.05622	0.11981	0.68058
1.00000	0.00201	0.92721	0.00241	0.00259	0.01100	0.00144	0.00273	0.04156	0.00339	0.00565
1.00000	0.00073	0.00198	0.00076	0.00104	0.81373	0.06543	0.00325	0.00861	0.00070	0.10377
1.00000	0.01588	0.00670	0.02695	0.08725	0.00302	0.01032	0.00367	0.00505	0.80394	0.03721
1.00000	0.00477	0.00064	0.00029	0.01306	0.09334	0.00762	0.00144	0.03391	0.00253	0.84239
1.00000	0.06256	0.00843	0.00820	0.11591	0.02749	0.43835	0.03483	0.07229	0.17459	0.05734
0.00000	0.01127	0.02046	0.00690	0.25054	0.28334	0.11527	0.01637	0.19691	0.01059	0.08834
1.00000	0.00154	0.00456	0.00035	0.00353	0.00253	0.00179	0.00075	0.00039	0.95120	0.03336
1.00000	0.10986	0.00342	0.13729	0.28873	0.01233	0.01672	0.02749	0.00958	0.39038	0.00420
1.00000	0.91207	0.00040	0.01172	0.00370	0.00159	0.03473	0.02941	0.00123	0.00220	0.00294
0.00000	0.01415	0.02356	0.00567	0.15019	0.08542	0.27129	0.30340	0.01550	0.12276	0.00807
1.00000	0.12329	0.00793	0.50740	0.07803	0.06064	0.05214	0.04193	0.00452	0.11502	0.00912
1.00000	0.11788	0.00145	0.00281	0.01255	0.02897	0.12254	0.67357	0.00139	0.03514	0.00369
1.00000	0.10404	0.07729	0.08781	0.09782	0.00674	0.00648	0.02226	0.48476	0.07553	0.03727
1.00000	0.00270	0.01497	0.02023	0.67116	0.00965	0.04773	0.00167	0.09538	0.01867	0.11783
1.00000	0.00488	0.00015	0.00085	0.00316	0.09732	0.00127	0.00678	0.00443	0.01055	0.87061
1.00000	0.00491	0.00151	0.91898	0.02563	0.00269	0.00596	0.00246	0.00252	0.03339	0.00195
1.00000	0.02486	0.00043	0.02585	0.04693	0.00453	0.00932	0.00540	0.00644	0.83626	0.03999
1.00000	0.01704	0.00264	0.00169	0.01266	0.11817	0.71909	0.08799	0.00637	0.01321	0.02113
0.00000	0.06763	0.04856	0.21438	0.13168	0.11844	0.06331	0.07913	0.11649	0.05485	0.10553
1.00000	0.00332	0.00214	0.00016	0.02512	0.12278	0.01159	0.00543	0.02582	0.01866	0.78498
1.00000	0.03000	0.00177	0.89973	0.03519	0.01069	0.00236	0.00823	0.00830	0.00319	0.00054
1.00000	0.03567	0.00050	0.02844	0.00326	0.07646	0.00287	0.83830	0.00280	0.00965	0.00204
1.00000	0.00257	0.00115	0.00550	0.01018	0.20062	0.00113	0.00667	0.04379	0.00281	0.72560
1.00000	0.00245	0.02247	0.65508	0.03193	0.05040	0.04838	0.05353	0.12469	0.00498	0.00609
1.00000	0.98972	0.00004	0.00065	0.00166	0.00004	0.00368	0.00284	0.00046	0.00075	0.00015
1.00000	0.08655	0.01110	0.02787	0.01876	0.06618	0.09088	0.67750	0.00090	0.01325	0.00701
0.00000	0.01758	0.00487	0.02375	0.11489	0.01164	0.03229	0.01492	0.01925	0.70983	0.05099
1.00000	0.84818	0.02380	0.00952	0.00900	0.00341	0.01548	0.07820	0.00032	0.01123	0.00088
1.00000	0.25354	0.00551	0.07126	0.00821	0.04299	0.21801	0.36114	0.00727	0.02982	0.00225
1.00000	0.51878	0.00343	0.00746	0.08995	0.01529	0.19470	0.03018	0.09731	0.02503	0.01786
1.00000	0.00835	0.01965	0.00489	0.83423	0.00623	0.04016	0.06967	0.00428	0.01086	0.00169
1.00000	0.00348	0.01684	0.76434	0.09421	0.01539	0.00832	0.01442	0.05603	0.02321	0.00377
1.00000	0.00688	0.00004	0.00698	0.00029	0.00241	0.00094	0.98059	0.00024	0.00134	0.00028
1.00000	0.01328	0.00868	0.01654	0.07835	0.05204	0.10015	0.00430	0.11228	0.00998	0.60440
1.00000	0.00927	0.00036	0.00123	0.04252	0.01356	0.00177	0.00052	0.89472	0.00167	0.03439
1.00000	0.01118	0.00031	0.00886	0.00354	0.17133	0.00158	0.02164	0.05677	0.00686	0.71791
1.00000	0.79340	0.00036	0.00296	0.01982	0.00409	0.07863	0.01883	0.03569	0.01892	0.02730
1.00000	0.01685	0.00052	0.00733	0.01485	0.04428	0.00593	0.01558	0.09694	0.01590	0.78182
0.00000	0.28959	0.00378	0.05467	0.47204	0.00924	0.01104	0.03563	0.00122	0.11215	0.01064
1.00000	0.03373	0.01315	0.06698	0.01157	0.03654	0.04963	0.04938	0.03117	0.52161	0.18624
1.00000	0.00533	0.00486	0.11235	0.00233	0.18446	0.03902	0.61203	0.00463	0.01897	0.01603
1.00000	0.00412	0.00035	0.00130	0.00830	0.02299	0.00080	0.00190	0.87641	0.00134	0.08249
1.00000	0.22642	0.00243	0.00384	0.11767	0.01051	0.55021	0.01343	0.00252	0.06775	0.00522
1.00000	0.93501	0.00022	0.00746	0.00156	0.00120	0.00796	0.03057	0.00158	0.01182	0.00264
1.00000	0.00578	0.95380	0.00256	0.00152	0.00235	0.01192	0.00244	0.00530	0.00436	0.00997
0.00000	0.48639	0.00203	0.01746	0.20466	0.00331	0.18415	0.03745	0.00914	0.01755	0.03786
1.00000	0.15724	0.00327	0.61684	0.02435	0.10775	0.00541	0.00938	0.02539	0.01446	0.03592
1.00000	0.02122	0.00041	0.00087	0.05531	0.00314	0.85160	0.03040	0.00118	0.03484	0.00103
1.00000	0.02079	0.00198	0.00812	0.02243	0.60297	0.07636	0.01672	0.05680	0.01524	0.17859
1.00000	0.00113	0.02470	0.02325	0.04774	0.19946	0.02519	0.03605	0.60641	0.00164	0.03444
1.00000	0.03117	0.01467	0.48505	0.16082	0.01165	0.01921	0.02860	0.07591	0.16291	0.01000
1.00000	0.01121	0.00057	0.03195	0.09144	0.01867	0.01189	0.02296	0.00676	0.77026	0.03429
1.00000	0.00160	0.00005	0.00049	0.00216	0.00047	0.00300	0.99001	0.00097	0.00035	0.00091
1.00000	0.09987	0.00066	0.04723	0.01959	0.07674	0.00354	0.59570	0.00709	0.07701	0.07258
1.00000	0.00209	0.96192	0.00189	0.00280	0.00408	0.00241	0.00456	0.01737	0.00079	0.00208
0.00000	0.62724	0.00800	0.20250	0.01623	0.00821	0.06765	0.01906	0.01333	0.01972	0.01806
1.00000	0.01290	0.00171	0.00152	0.01807	0.00104	0.00046	0.00019	0.95459	0.00116	0.00835
1.00000	0.05329	0.05601	0.54872	0.05308	0.08459	0.01231	0.06321	0.06069	0.03519	0.03291
0.00000	0.17858	0.00193	0.26002	0.19346	0.00806	0.02061	0.04012	0.00335	0.27446	0.01941
1.00000	0.11135	0.03287	0.01963	0.07118	0.09574	0.43977	0.07462	0.00647	0.09463	0.05373
1.00000	0.04277	0.00203	0.00031	0.02285	0.00526	0.00238	0.00093	0.86002	0.00582	0.05761
1.00000	0.10455	0.00061	0.00980	0.05571	0.03948	0.04042	0.72332	0.01087	0.00716	0.00809
1.00000	0.93440	0.00056	0.04430	0.00682	0.00041	0.00308	0.00741	0.00043	0.00105	0.00153
1.00000	0.01881	0.00176	0.00328	0.66334	0.04062	0.10033	0.04429	0.00243	0.03966	0.08546
1.00000	0.00086	0.00018	0.00008	0.00066	0.94988	0.00043	0.00164	0.00281	0.00067	0.04278
1.00000	0.00075	0.00116	0.97875	0.00434	0.00785	0.00069	0.00453	0.00040	0.00126	0.00026
1.00000	0.03852	0.00155	0.00252	0.01837	0.58347	0.03417	0.06839	0.05608	0.07821	0.11871
1.00000	0.06322	0.00365	0.02046	0.19558	0.01092	0.58827	0.01620	0.00497	0.08565	0.01109
1.00000	0.02376	0.72793	0.01795	0.00707	0.03763	0.02382	0.12331	0.00474	0.02192	0.01187
1.00000	0.00620	0.04699	0.00582	0.03282	0.25281	0.07574	0.04285	0.44816	0.00934	0.07928
1.00000	0.02241	0.00398	0.19966	0.04550	0.02094	0.04202	0.05716	0.00866	0.57924	0.02044
1.00000	0.83989	0.00253	0.03345	0.03171	0.03396	0.00800	0.02677	0.00297	0.01155	0.00916
1.00000	0.00169	0.93706	0.00106	0.01513	0.01460	0.00205	0.00337	0.00581	0.00552	0.01369
1.00000	0.04780	0.03527	0.01571	0.00541	0.72192	0.01938	0.03559	0.07067	0.00975	0.03850
1.00000	0.00167	0.00038	0.00283	0.00783	0.89249	0.02164	0.01159	0.03753	0.00909	0.01496
1.00000	0.08111	0.00642	0.00087	0.00390	0.06532	0.77340	0.01132	0.00436	0.04410	0.00919
1.00000	0.06455	0.02144	0.00597	0.04640	0.07079	0.29207	0.02751	0.25602	0.15170	0.06355
1.00000	0.00490	0.00035	0.00481	0.00571	0.20126	0.00649	0.02660	0.00955	0.00644	0.73389
1.00000	0.71496	0.00231	0.10325	0.02325	0.00744	0.01387	0.07985	0.02321	0.01616	0.01569
1.00000	0.00308	0.00062	0.93835	0.00089	0.00959	0.00051	0.04147	0.00071	0.00452	0.00026
1.00000	0.01071	0.64191	0.00497	0.04688	0.02673	0.01338	0.03547	0.02328	0.10019	0.09647
1.00000	0.00462	0.00084	0.02532	0.00474	0.82604	0.00326	0.04234	0.05629	0.01562	0.02093
1.00000	0.89960	0.00291	0.00565	0.01053	0.00756	0.01633	0.04373	0.00695	0.00274	0.00401
1.00000	0.00442	0.00016	0.00072	0.00996	0.00424	0.00135	0.00028	0.97412	0.00050	0.00424
1.00000	0.09768	0.00980	0.06390	0.02761	0.05201	0.02360	0.13480	0.05308	0.42037	0.11715
0.00000	0.12136	0.00206	0.00071	0.13850	0.05298	0.20916	0.02287	0.07789	0.04161	0.33286
0.00000	0.03924	0.12559	0.03053	0.04877	0.04757	0.11583	0.02394	0.24938	0.18855	0.13059
1.00000	0.00596	0.00187	0.00365	0.00424	0.25019	0.01470	0.03272	0.01257	0.02775	0.64635
0.00000	0.09459	0.00318	0.01505	0.30950	0.03882	0.25029	0.04401	0.00922	0.17446	0.06087
0.00000	0.04223	0.00340	0.00530	0.26083	0.03757	0.19155	0.10373	0.00691	0.26058	0.08789
1.00000	0.00876	0.00037	0.02063	0.00053	0.89554	0.01614	0.00633	0.01359	0.00757	0.03054
1.00000	0.00781	0.00328	0.01673	0.13084	0.14429	0.00244	0.01499	0.60039	0.00175	0.07748
1.00000	0.00230	0.77052	0.00754	0.01914	0.05712	0.00163	0.00327	0.09249	0.00581	0.04018
1.00000	0.02255	0.00247	0.00114	0.01001	0.02070	0.00672	0.04606	0.86300	0.00457	0.02278
1.00000	0.01021	0.03523	0.04954	0.01774	0.00711	0.00187	0.00117	0.82885	0.03274	0.01554
1.00000	0.04729	0.02766	0.49489	0.27783	0.02701	0.00990	0.04176	0.03782	0.03487	0.00096
1.00000	0.00113	0.00113	0.98956	0.00415	0.00088	0.00015	0.00194	0.00032	0.00043	0.00031
1.00000	0.00285	0.96730	0.00195	0.00713	0.00389	0.00101	0.00194	0.01042	0.00061	0.00290
1.00000	0.00118	0.95171	0.00147	0.00146	0.01274	0.00064	0.00259	0.02116	0.00167	0.00538
1.00000	0.00421	0.00019	0.00066	0.00395	0.14982	0.02786	0.03787	0.00250	0.00321	0.76973
1.00000	0.00554	0.86180	0.00610	0.03335	0.01049	0.00901	0.00309	0.06093	0.00269	0.00701
1.00000	0.76528	0.01403	0.00736	0.00254	0.01217	0.02164	0.12929	0.00628	0.00369	0.03773
1.00000	0.00043	0.00008	0.00294	0.00501	0.00068	0.00158	0.00344	0.00009	0.98444	0.00129
1.00000	0.91346	0.00012	0.00656	0.00176	0.00078	0.01088	0.05806	0.00150	0.00499	0.00189
1.00000	0.00023	0.00069	0.01060	0.00011	0.97335	0.00115	0.00108	0.00063	0.00043	0.01172
1.00000	0.00440	0.00852	0.00377	0.03512	0.69377	0.03682	0.01873	0.00525	0.01708	0.17654
1.00000	0.10779	0.00194	0.61276	0.02842	0.06736	0.01332	0.11331	0.01247	0.02405	0.01859
1.00000	0.03064	0.00151	0.01320	0.76408	0.00279	0.02689	0.00262	0.00941	0.13570	0.01316
1.00000	0.00530	0.02823	0.00453	0.01044	0.00059	0.00615	0.00058	0.91515	0.00339	0.02564
1.00000	0.86115	0.00171	0.07109	0.00774	0.00490	0.01820	0.02587	0.00661	0.00081	0.00191
1.00000	0.00398	0.00008	0.00114	0.00035	0.00084	0.00320	0.98885	0.00010	0.00071	0.00076
1.00000	0.00119	0.00009	0.00057	0.00316	0.84139	0.02403	0.00467	0.01076	0.00380	0.11035
1.00000	0.01096	0.00236	0.01133	0.18058	0.05562	0.00233	0.00108	0.69245	0.01646	0.02683
1.00000	0.08454	0.02943	0.18097	0.09234	0.00790	0.01012	0.00793	0.02637	0.49182	0.06857
1.00000	0.00628	0.94354	0.00521	0.00182	0.00350	0.00458	0.00689	0.01466	0.00410	0.00943
1.00000	0.01294	0.05905	0.00641	0.52368	0.06656	0.06935	0.00227	0.02207	0.15161	0.08607
1.00000	0.00262	0.00246	0.01297	0.72732	0.00265	0.01934	0.00099	0.01792	0.20761	0.00612
1.00000	0.00836	0.04270	0.74544	0.07013	0.01304	0.00865	0.06056	0.00278	0.04500	0.00334
1.00000	0.02684	0.01242	0.83532	0.00921	0.00311	0.01666	0.07141	0.01050	0.01033	0.00420
1.00000	0.03668	0.01539	0.44813	0.20787	0.02309	0.00559	0.00875	0.01738	0.21609	0.02103
1.00000	0.96055	0.00010	0.00724	0.00219	0.00012	0.00198	0.02059	0.00023	0.00591	0.00109
1.00000	0.00669	0.00152	0.74519	0.01608	0.07998	0.00820	0.11181	0.01012	0.00692	0.01349
1.00000	0.01101	0.00757	0.00569	0.94614	0.00191	0.01094	0.00668	0.00092	0.00658	0.00256
1.00000	0.05690	0.00835	0.08212	0.10878	0.02774	0.13560	0.07612	0.00798	0.46117	0.03523
1.00000	0.02331	0.00019	0.04994	0.00762	0.03809	0.00113	0.87785	0.00057	0.00071	0.00060
1.00000	0.00084	0.00046	0.00017	0.00346	0.09340	0.03148	0.00845	0.01476	0.01642	0.83055
1.00000	0.02480	0.05249	0.01383	0.25890	0.02436	0.04848	0.01033	0.25333	0.10590	0.20759
1.00000	0.00206	0.00402	0.11971	0.01956	0.23158	0.00571	0.57310	0.01025	0.00852	0.02547
1.00000	0.04727	0.00040	0.00455	0.05875	0.00201	0.05431	0.01484	0.00550	0.75618	0.05617
1.00000	0.01861	0.00023	0.00677	0.07206	0.00321	0.83807	0.01236	0.00058	0.04763	0.00046
0.00000	0.05794	0.01160	0.10533	0.04296	0.24640	0.02662	0.23536	0.00232	0.25728	0.01417
1.00000	0.07661	0.00061	0.02215	0.00180	0.14695	0.02457	0.03568	0.00874	0.01174	0.67115
1.00000	0.00848	0.00860	0.00166	0.00597	0.06294	0.03477	0.00290	0.81259	0.00074	0.06134
1.00000	0.04362	0.09421	0.64167	0.06769	0.03225	0.00494	0.08035	0.00379	0.02932	0.00216
1.00000	0.00154	0.00032	0.00082	0.00351	0.00119	0.00105	0.00096	0.98081	0.00032	0.00949
1.00000	0.09305	0.00067	0.00945	0.01400	0.00357	0.00122	0.00383	0.04076	0.81082	0.02263
1.00000	0.00308	0.00479	0.00454	0.42344	0.00722	0.11770	0.00060	0.04400	0.26403	0.13061
1.00000	0.03968	0.00069	0.02647	0.13547	0.01262	0.63682	0.03957	0.00448	0.09710	0.00711
1.00000	0.59415	0.00305	0.03800	0.01691	0.00674	0.01993	0.17560	0.00982	0.09591	0.03989
1.00000	0.05458	0.11392	0.25935	0.13382	0.00706	0.00146	0.00372	0.30548	0.08162	0.03898
1.00000	0.00025	0.00017	0.00030	0.00051	0.86786	0.01015	0.00197	0.00055	0.00938	0.10884
1.00000	0.02190	0.00077	0.02422	0.00338	0.07600	0.00861	0.01778	0.00779	0.02872	0.81083
1.00000	0.02225	0.02742	0.04015	0.60813	0.03181	0.14866	0.06631	0.00648	0.03467	0.01410
1.00000	0.10066	0.00148	0.00474	0.12220	0.00624	0.68150	0.00587	0.01223	0.06029	0.00477
1.00000	0.02898	0.00046	0.00321	0.01061	0.81703	0.03576	0.01283	0.06274	0.00160	0.02678
1.00000	0.06270	0.00578	0.14226	0.41449	0.04433	0.03096	0.09495	0.01493	0.17714	0.01247
1.00000	0.84309	0.00008	0.04045	0.06131	0.00121	0.00509	0.01842	0.00228	0.02733	0.00074
1.00000	0.00905	0.02055	0.80549	0.15278	0.00142	0.00169	0.00301	0.00364	0.00202	0.00034
1.00000	0.05336	0.00322	0.14936	0.00467	0.21912	0.06715	0.09256	0.04555	0.00479	0.36023
1.00000	0.20279	0.00253	0.01181	0.68004	0.01603	0.01568	0.02085	0.01794	0.01955	0.01280
1.00000	0.00280	0.97127	0.00203	0.00126	0.01367	0.00044	0.00187	0.00431	0.00038	0.00198
1.00000	0.08423	0.00205	0.03624	0.00485	0.00486	0.11774	0.73687	0.00029	0.00130	0.01155
1.00000	0.00205	0.00025	0.00011	0.00477	0.08342	0.02581	0.00281	0.03907	0.00566	0.83606
1.00000	0.00191	0.75978	0.00292	0.02965	0.07884	0.00286	0.00560	0.02523	0.00968	0.08354
1.00000	0.00379	0.00011	0.00016	0.04164	0.08860	0.00193	0.00172	0.12880	0.01553	0.71773
1.00000	0.02502	0.00304	0.02015	0.87493	0.01064	0.02676	0.01628	0.00179	0.01975	0.00165
0.00000	0.57208	0.00853	0.24451	0.05986	0.00128	0.05072	0.02203	0.01696	0.01345	0.01058
1.00000	0.06043	0.00315	0.02686	0.00282	0.67614	0.01226	0.09085	0.01242	0.00942	0.10565
1.00000	0.00205	0.00031	0.00012	0.00276	0.68537	0.02900	0.00316	0.02384	0.00028	0.25311
1.00000	0.01040	0.00442	0.06935	0.79618	0.00078	0.01124	0.00056	0.05075	0.05530	0.00102
1.00000	0.84894	0.00049	0.00818	0.00721	0.00223	0.08094	0.00827	0.00992	0.00884	0.02498
1.00000	0.04048	0.00283	0.01986	0.01437	0.68835	0.01683	0.05836	0.05449	0.06207	0.04235
1.00000	0.01790	0.00096	0.00453	0.00128	0.73962	0.00862	0.09364	0.06069	0.02161	0.05116
1.00000	0.05299	0.75786	0.01860	0.00788	0.01320	0.01396	0.00456	0.08929	0.01153	0.03013
1.00000	0.09283	0.00255	0.04491	0.37799	0.00931	0.05285	0.02168	0.05115	0.20255	0.14418
1.00000	0.71788	0.00516	0.06114	0.05231	0.00424	0.01711	0.06253	0.02592	0.03683	0.01689
1.00000	0.00510	0.00513	0.00030	0.02460	0.06384	0.05518	0.00419	0.03183	0.00228	0.80756
1.00000	0.00394	0.00031	0.00025	0.00290	0.21262	0.00133	0.00546	0.00397	0.01340	0.75582
1.00000	0.02325	0.03544	0.03682	0.00466	0.05666	0.07855	0.72898	0.00843	0.02031	0.00690
1.00000	0.01186	0.00068	0.04341	0.01165	0.00177	0.04928	0.00314	0.00021	0.87730	0.00071
1.00000	0.01174	0.04353	0.52164	0.25599	0.02775	0.01873	0.00873	0.06444	0.03824	0.00921
0.00000	0.02899	0.01471	0.00352	0.22909	0.13591	0.20421	0.02179	0.11065	0.03039	0.22073
1.00000	0.01086	0.06755	0.00497	0.02677	0.27543	0.01131	0.00351	0.45807	0.01453	0.12701
1.00000	0.07040	0.00334	0.04134	0.26126	0.01724	0.49581	0.09311	0.00079	0.01616	0.00057
1.00000	0.03015	0.00556	0.16007	0.16649	0.11766	0.00839	0.03417	0.30658	0.07209	0.09885
1.00000	0.00912	0.00458	0.00929	0.04218	0.01358	0.02770	0.00366	0.00131	0.87979	0.00879
1.00000	0.02766	0.01935	0.00940	0.01676	0.07848	0.02373	0.02442	0.09802	0.21900	0.48318
1.00000	0.00985	0.00133	0.67379	0.02129	0.04864	0.04494	0.03818	0.00684	0.12595	0.02918
1.00000	0.05994	0.00364	0.00621	0.00133	0.05994	0.72407	0.07444	0.00504	0.05092	0.01447
1.00000	0.00400	0.00026	0.87183	0.07157	0.01402	0.00322	0.00638	0.01429	0.00223	0.01222
1.00000	0.08837	0.02994	0.09363	0.49767	0.00886	0.10417	0.07072	0.03132	0.05097	0.02435
1.00000	0.13886	0.00167	0.02801	0.01090	0.02321	0.06777	0.07345	0.01417	0.56581	0.07615
1.00000	0.06517	0.00317	0.42108	0.15586	0.01031	0.01106	0.01320	0.01129	0.25741	0.05145
1.00000	0.00323	0.00287	0.03260	0.77521	0.00290	0.00372	0.00232	0.02246	0.15044	0.00424
1.00000	0.00144	0.00019	0.00034	0.01479	0.13043	0.00357	0.00153	0.00669	0.01821	0.82280
1.00000	0.00106	0.00007	0.00817	0.00032	0.00949	0.00895	0.97053	0.00032	0.00078	0.00032
1.00000	0.00792	0.00481	0.00135	0.04051	0.01008	0.00177	0.00050	0.91032	0.00215	0.02059
1.00000	0.95583	0.00052	0.01137	0.00266	0.00133	0.00353	0.01144	0.00071	0.00977	0.00284
1.00000	0.92318	0.00073	0.00469	0.00891	0.00140	0.03792	0.01729	0.00213	0.00047	0.00327
1.00000	0.07187	0.00248	0.00429	0.01018	0.17292	0.62935	0.05203	0.00881	0.01423	0.03385
1.00000	0.03957	0.00576	0.72938	0.03191	0.01522	0.00370	0.16487	0.00288	0.00307	0.00364
1.00000	0.00670	0.00116	0.05406	0.89753	0.00361	0.00472	0.00242	0.00773	0.02131	0.00076
1.00000	0.03447	0.00334	0.54959	0.06535	0.02744	0.02688	0.06271	0.08699	0.03889	0.10433
1.00000	0.02752	0.00307	0.00720	0.00273	0.06484	0.71178	0.02245	0.00202	0.09844	0.05995
1.00000	0.00391	0.84814	0.00255	0.01151	0.01707	0.03845	0.02362	0.01968	0.02021	0.01486
1.00000	0.82185	0.01308	0.03389	0.00701	0.01063	0.00279	0.08782	0.00293	0.00622	0.01380
1.00000	0.04253	0.01567	0.11031	0.28885	0.00523	0.00471	0.00457	0.47677	0.04063	0.01072
1.00000	0.01289	0.00800	0.04309	0.01003	0.01157	0.03367	0.05196	0.00074	0.82038	0.00767
0.00000	0.00702	0.00172	0.00122	0.00408	0.27310	0.00289	0.01035	0.01457	0.00647	0.67857
1.00000	0.11203	0.00175	0.00946	0.00344	0.56938	0.05939	0.05927	0.00535	0.00788	0.17205
1.00000	0.01562	0.00617	0.48847	0.18044	0.00561	0.01312	0.00793	0.01186	0.26961	0.00117
1.00000	0.00722	0.01331	0.78209	0.04335	0.06304	0.00219	0.02887	0.00061	0.05666	0.00266
1.00000	0.00380	0.08014	0.01313	0.32842	0.04492	0.02513	0.01622	0.04526	0.38309	0.05989
