1.00000	0.00115	0.91759	0.00208	0.00085	0.03788	0.00917	0.02181	0.00288	0.00049	0.00611
1.00000	0.01393	0.00060	0.00085	0.00120	0.00197	0.00462	0.00133	0.94398	0.00086	0.03065
1.00000	0.89042	0.00177	0.01402	0.00140	0.00058	0.04765	0.02570	0.00608	0.01153	0.00085
1.00000	0.03734	0.00807	0.00098	0.01236	0.00246	0.90026	0.00068	0.00933	0.01984	0.00869
1.00000	0.00166	0.00203	0.00340	0.00168	0.78897	0.03752	0.00239	0.05042	0.00095	0.11098
1.00000	0.01180	0.08371	0.00748	0.00905	0.16351	0.02645	0.00933	0.36059	0.00246	0.32563
1.00000	0.00264	0.00017	0.00039	0.00134	0.00008	0.99360	0.00015	0.00023	0.00062	0.00077
1.00000	0.17973	0.01065	0.31747	0.01044	0.14612	0.10400	0.18674	0.01455	0.01742	0.01288
0.00000	0.00229	0.01089	0.00518	0.01831	0.21196	0.02735	0.01093	0.08966	0.01173	0.61170
1.00000	0.08474	0.02668	0.00811	0.05121	0.26724	0.04088	0.01470	0.04199	0.04185	0.42259
1.00000	0.00377	0.86784	0.00616	0.00847	0.02249	0.00780	0.01363	0.03331	0.00283	0.03369
1.00000	0.00337	0.00032	0.95601	0.00118	0.00171	0.00125	0.03344	0.00037	0.00102	0.00134
1.00000	0.00273	0.10998	0.01686	0.00719	0.65497	0.01577	0.05017	0.00559	0.00498	0.13176
1.00000	0.00055	0.89755	0.00194	0.00103	0.01500	0.00299	0.03254	0.02666	0.00094	0.02080
1.00000	0.00558	0.81824	0.03925	0.01249	0.01354	0.00399	0.00276	0.05931	0.01863	0.02621
1.00000	0.01237	0.03241	0.07791	0.28020	0.10002	0.11554	0.06366	0.12847	0.07110	0.11831
1.00000	0.00054	0.90625	0.00143	0.00087	0.01994	0.00124	0.01290	0.02607	0.00104	0.02973
1.00000	0.00592	0.00490	0.00929	0.00278	0.03865	0.03295	0.88995	0.00067	0.01275	0.00214
1.00000	0.00011	0.00141	0.00305	0.00022	0.86794	0.01707	0.01223	0.00930	0.00092	0.08775
1.00000	0.00058	0.00209	0.00331	0.01149	0.25409	0.02665	0.01669	0.02770	0.01212	0.64528
1.00000	0.00419	0.00078	0.01141	0.87929	0.01074	0.04401	0.00341	0.00373	0.03826	0.00419
1.00000	0.00030	0.00251	0.00314	0.00338	0.66017	0.00366	0.01423	0.00709	0.07212	0.23342
1.00000	0.00023	0.00029	0.00004	0.00030	0.02665	0.00025	0.00028	0.00709	0.00112	0.96375
1.00000	0.10721	0.00481	0.04825	0.16870	0.01921	0.05609	0.00341	0.00579	0.55478	0.03175
1.00000	0.00490	0.00045	0.00033	0.00164	0.03884	0.01864	0.00238	0.03694	0.08220	0.81367
1.00000	0.69867	0.00261	0.05925	0.03152	0.00657	0.06030	0.10714	0.00892	0.02178	0.00325
1.00000	0.03351	0.00073	0.00194	0.01069	0.00630	0.00540	0.00048	0.70361	0.00758	0.22978
1.00000	0.02081	0.00394	0.09423	0.01935	0.00571	0.01093	0.80767	0.00189	0.03234	0.00313
1.00000	0.04729	0.03052	0.05998	0.01231	0.08672	0.26050	0.07706	0.00430	0.35581	0.06551
1.00000	0.00257	0.00046	0.00431	0.00061	0.00301	0.00267	0.98458	0.00013	0.00055	0.00111
1.00000	0.02250	0.66459	0.03334	0.01157	0.04188	0.00294	0.02594	0.05114	0.12206	0.02404
1.00000	0.02531	0.01212	0.07506	0.74793	0.00238	0.12289	0.00202	0.00132	0.00887	0.00211
1.00000	0.00603	0.93468	0.01267	0.00604	0.01516	0.00315	0.00836	0.00096	0.00666	0.00629
1.00000	0.05776	0.00688	0.04435	0.01437	0.50877	0.02594	0.05098	0.04588	0.05923	0.18583
1.00000	0.00035	0.00038	0.01304	0.00157	0.00693	0.00419	0.97115	0.00163	0.00039	0.00037
1.00000	0.00470	0.17201	0.63125	0.01159	0.03172	0.01143	0.09603	0.03283	0.00658	0.00187
1.00000	0.01347	0.01572	0.01219	0.02890	0.13014	0.25945	0.06042	0.07761	0.32345	0.07866
1.00000	0.73946	0.03286	0.04759	0.04174	0.01037	0.04380	0.01560	0.00939	0.00362	0.05557
0.00000	0.00147	0.12180	0.01964	0.00340	0.31781	0.07400	0.06687	0.02470	0.01096	0.35935
1.00000	0.08219	0.00465	0.40537	0.02041	0.01150	0.05565	0.01280	0.03907	0.17951	0.18886
1.00000	0.17757	0.01072	0.10075	0.35946	0.00578	0.19799	0.03481	0.00283	0.09869	0.01139
1.00000	0.01366	0.00808	0.94072	0.00655	0.00146	0.01418	0.00566	0.00340	0.00599	0.00029
1.00000	0.98272	0.00019	0.00074	0.00024	0.00031	0.01279	0.00063	0.00131	0.00098	0.00009
1.00000	0.00413	0.01934	0.02386	0.00774	0.22323	0.01101	0.05345	0.03966	0.00845	0.60913
1.00000	0.06281	0.01446	0.55557	0.11574	0.01518	0.07587	0.03107	0.00401	0.12450	0.00080
1.00000	0.00146	0.90644	0.00258	0.00307	0.03425	0.00364	0.01077	0.00603	0.00111	0.03067
1.00000	0.00217	0.00348	0.02715	0.84512	0.00264	0.01190	0.00565	0.02510	0.07277	0.00403
1.00000	0.04130	0.02803	0.05298	0.66917	0.00756	0.04448	0.01043	0.07176	0.06421	0.01008
0.00000	0.00688	0.01746	0.00234	0.50997	0.01286	0.03245	0.00034	0.02653	0.36955	0.02162
1.00000	0.08500	0.00367	0.02685	0.13428	0.02377	0.61764	0.03384	0.00578	0.06160	0.00756
1.00000	0.02495	0.02040	0.03169	0.00481	0.25423	0.11688	0.03640	0.04703	0.24376	0.21985
1.00000	0.01234	0.00266	0.00230	0.00352	0.00481	0.01458	0.95282	0.00043	0.00128	0.00526
1.00000	0.01436	0.05830	0.01801	0.04472	0.00685	0.00302	0.00312	0.80397	0.00717	0.04050
1.00000	0.11831	0.02045	0.02254	0.03463	0.03402	0.02078	0.00225	0.66522	0.01243	0.06938
1.00000	0.02681	0.00706	0.00277	0.07107	0.00124	0.85471	0.00312	0.00210	0.02990	0.00123
1.00000	0.00111	0.10445	0.01203	0.00123	0.19491	0.00648	0.02568	0.02416	0.01178	0.61818
1.00000	0.00212	0.01059	0.00298	0.00071	0.79536	0.00392	0.06499	0.00269	0.00382	0.11284
1.00000	0.01000	0.04557	0.00492	0.02787	0.72655	0.01247	0.06355	0.01306	0.00192	0.09409
1.00000	0.80492	0.00809	0.02194	0.02559	0.01132	0.04989	0.03741	0.00345	0.02532	0.01205
1.00000	0.06849	0.00402	0.00236	0.01556	0.03156	0.03798	0.02572	0.05281	0.60201	0.15949
1.00000	0.02062	0.00540	0.00691	0.02391	0.06208	0.61797	0.19812	0.00486	0.00811	0.05202
1.00000	0.45113	0.01394	0.03237	0.02062	0.02052	0.11974	0.06118	0.17066	0.06548	0.04436
1.00000	0.02747	0.02843	0.00308	0.00344	0.58619	0.07254	0.06571	0.02276	0.02064	0.16974
1.00000	0.00040	0.00201	0.00015	0.00149	0.11732	0.00208	0.00275	0.03624	0.00091	0.83665
1.00000	0.00560	0.00540	0.00738	0.02673	0.00196	0.00188	0.00097	0.94396	0.00048	0.00564
1.00000	0.03515	0.00200	0.00079	0.00154	0.01845	0.00576	0.01640	0.89986	0.00370	0.01634
1.00000	0.10321	0.00502	0.01926	0.01692	0.12426	0.05052	0.01688	0.18431	0.01412	0.46549
1.00000	0.04942	0.00640	0.00995	0.02056	0.00651	0.00684	0.00135	0.80084	0.04736	0.05077
1.00000	0.00071	0.00741	0.00046	0.01040	0.13094	0.00186	0.00276	0.10291	0.00364	0.73892
1.00000	0.09021	0.03195	0.04953	0.01031	0.08852	0.02510	0.64272	0.02377	0.02332	0.01457
1.00000	0.77580	0.00170	0.04110	0.00759	0.00274	0.06980	0.08247	0.01273	0.00554	0.00054
1.00000	0.07288	0.00704	0.00919	0.06902	0.01217	0.66194	0.13244	0.02121	0.00765	0.00646
1.00000	0.02220	0.05894	0.00322	0.01014	0.00300	0.80421	0.00318	0.04098	0.03415	0.01998
1.00000	0.06484	0.01006	0.06551	0.01645	0.07836	0.01673	0.69124	0.01856	0.01199	0.02624
1.00000	0.00430	0.00232	0.01746	0.00292	0.02587	0.05044	0.87699	0.00065	0.00880	0.01027
1.00000	0.01425	0.05848	0.04841	0.00327	0.06473	0.68104	0.03429	0.02778	0.06029	0.00747
1.00000	0.01140	0.01047	0.00471	0.04821	0.03874	0.00929	0.00338	0.47841	0.11888	0.27651
1.00000	0.47509	0.02841	0.01731	0.03731	0.01425	0.16600	0.07929	0.13873	0.01187	0.03174
1.00000	0.00211	0.00080	0.00175	0.00115	0.00154	0.02772	0.00025	0.91643	0.00341	0.04484
1.00000	0.06324	0.01367	0.00437	0.00370	0.06829	0.67895	0.03060	0.06168	0.06529	0.01021
1.00000	0.00144	0.00254	0.00085	0.00314	0.13406	0.00472	0.02758	0.06735	0.00272	0.75559
1.00000	0.00093	0.03512	0.01546	0.00504	0.54087	0.05593	0.20582	0.00937	0.01632	0.11515
1.00000	0.00039	0.00225	0.02624	0.00162	0.92383	0.00631	0.01082	0.00712	0.00047	0.02095
1.00000	0.00066	0.00036	0.00110	0.00077	0.24140	0.00437	0.00194	0.00892	0.00293	0.73755
1.00000	0.00055	0.00037	0.97015	0.00163	0.00017	0.00062	0.00372	0.02221	0.00051	0.00008
1.00000	0.92166	0.00028	0.02169	0.00662	0.00037	0.04379	0.00187	0.00073	0.00259	0.00042
1.00000	0.10072	0.00554	0.61950	0.01107	0.02307	0.07016	0.10536	0.01735	0.03213	0.01509
1.00000	0.00442	0.01378	0.00134	0.00152	0.03161	0.01363	0.00122	0.50721	0.00154	0.42372
1.00000	0.00065	0.85277	0.00432	0.00157	0.02533	0.00432	0.04860	0.01857	0.00106	0.04280
1.00000	0.02884	0.12805	0.05337	0.45035	0.00452	0.20218	0.06712	0.02428	0.03253	0.00877
1.00000	0.01346	0.00300	0.89921	0.00344	0.00938	0.00465	0.04561	0.00079	0.01180	0.00867
1.00000	0.77936	0.01522	0.03760	0.00929	0.01173	0.06696	0.01173	0.01375	0.00155	0.05280
1.00000	0.01165	0.00067	0.00517	0.00214	0.00103	0.03075	0.94782	0.00018	0.00036	0.00025
1.00000	0.00687	0.88986	0.04486	0.00326	0.02347	0.00118	0.00483	0.00421	0.01307	0.00839
1.00000	0.00065	0.00026	0.00065	0.00149	0.00036	0.00369	0.00022	0.97552	0.00269	0.01446
1.00000	0.02418	0.00786	0.02219	0.00874	0.15266	0.05918	0.03271	0.45920	0.08228	0.15099
0.00000	0.15815	0.02230	0.00613	0.03092	0.28373	0.07479	0.01059	0.11825	0.03871	0.25642
0.00000	0.00211	0.00054	0.00113	0.00203	0.11905	0.00788	0.00823	0.01444	0.15923	0.68535
1.00000	0.03810	0.00082	0.07780	0.00280	0.68547	0.03385	0.03975	0.07746	0.02105	0.02290
1.00000	0.02132	0.00045	0.00021	0.00050	0.00049	0.00145	0.00033	0.95399	0.00032	0.02094
1.00000	0.02328	0.10653	0.04130	0.01976	0.05561	0.04115	0.01038	0.50948	0.04485	0.14766
1.00000	0.00117	0.01872	0.02997	0.00046	0.40406	0.00861	0.51227	0.01535	0.00101	0.00837
1.00000	0.00041	0.00025	0.00127	0.00194	0.00038	0.00126	0.00022	0.00055	0.99234	0.00137
0.00000	0.08553	0.01234	0.04235	0.01254	0.49261	0.02894	0.10203	0.08718	0.06530	0.07118
1.00000	0.09043	0.04672	0.37177	0.09749	0.00675	0.03327	0.17786	0.00165	0.17111	0.00295
1.00000	0.00232	0.00133	0.00298	0.02552	0.00193	0.86246	0.00360	0.00079	0.09829	0.00078
1.00000	0.07008	0.00982	0.01774	0.01194	0.65939	0.07233	0.04771	0.02915	0.03008	0.05177
1.00000	0.05568	0.00608	0.02118	0.77160	0.00524	0.07791	0.00311	0.04341	0.01480	0.00101
1.00000	0.00240	0.00158	0.00139	0.00050	0.58575	0.05086	0.01499	0.00461	0.00404	0.33386
1.00000	0.00313	0.00018	0.00013	0.00061	0.00016	0.00133	0.00009	0.97668	0.00025	0.01744
0.00000	0.33688	0.02883	0.11309	0.11820	0.04361	0.11711	0.07006	0.02380	0.05497	0.09345
1.00000	0.01088	0.00113	0.00303	0.00609	0.00158	0.00821	0.00458	0.00913	0.93551	0.01986
1.00000	0.00777	0.00275	0.00112	0.02713	0.01117	0.01846	0.00783	0.05921	0.83870	0.02586
1.00000	0.00194	0.09692	0.00146	0.00274	0.00548	0.00927	0.00109	0.83394	0.00550	0.04166
1.00000	0.00438	0.80203	0.00940	0.01481	0.02457	0.03009	0.02378	0.03046	0.00316	0.05732
1.00000	0.07237	0.00577	0.05724	0.71096	0.00050	0.12717	0.01017	0.00365	0.01116	0.00101
1.00000	0.00046	0.00021	0.00284	0.00025	0.01005	0.00546	0.98004	0.00006	0.00013	0.00050
1.00000	0.00878	0.00122	0.00027	0.00104	0.07575	0.00367	0.00134	0.00701	0.02861	0.87229
1.00000	0.00325	0.90487	0.00399	0.00231	0.00898	0.00244	0.02761	0.00878	0.00240	0.03536
1.00000	0.01516	0.01921	0.00200	0.00287	0.01408	0.00935	0.02113	0.88319	0.00170	0.03131
1.00000	0.00291	0.00269	0.02522	0.00161	0.70763	0.03892	0.13389	0.00611	0.00866	0.07236
0.00000	0.01814	0.04427	0.15278	0.01444	0.40986	0.05151	0.17414	0.09055	0.00831	0.03599
1.00000	0.06127	0.01598	0.19549	0.45699	0.01232	0.03088	0.14985	0.02781	0.04116	0.00826
1.00000	0.80872	0.00123	0.04252	0.02436	0.00542	0.06845	0.02972	0.00597	0.00511	0.00850
1.00000	0.02302	0.17480	0.00400	0.01303	0.02158	0.44160	0.04057	0.11205	0.03147	0.13788
1.00000	0.04791	0.00834	0.07588	0.67224	0.00455	0.13026	0.04622	0.00532	0.00675	0.00253
1.00000	0.01020	0.02935	0.67291	0.02882	0.04784	0.00501	0.14329	0.03458	0.02420	0.00381
1.00000	0.01265	0.02483	0.21839	0.45471	0.00273	0.13141	0.01673	0.03401	0.09592	0.00863
1.00000	0.06624	0.00590	0.04804	0.09044	0.00730	0.75194	0.00799	0.00238	0.01301	0.00677
1.00000	0.00303	0.00072	0.00191	0.07600	0.00169	0.85766	0.00149	0.00491	0.05053	0.00206
1.00000	0.00008	0.00029	0.00008	0.00097	0.05124	0.00044	0.00014	0.00390	0.00429	0.93855
1.00000	0.07417	0.01129	0.06006	0.19137	0.14748	0.19243	0.06705	0.04764	0.10262	0.10590
1.00000	0.00037	0.00011	0.00536	0.00416	0.01662	0.01467	0.95430	0.00029	0.00306	0.00106
1.00000	0.00140	0.00027	0.00155	0.00085	0.82712	0.02410	0.00765	0.02895	0.00073	0.10738
1.00000	0.87488	0.00053	0.00924	0.00603	0.00214	0.08392	0.01477	0.00553	0.00277	0.00021
1.00000	0.02810	0.01182	0.00155	0.00770	0.00555	0.01089	0.00116	0.02606	0.61198	0.29517
1.00000	0.97413	0.00014	0.00698	0.00203	0.00077	0.01281	0.00130	0.00122	0.00045	0.00016
1.00000	0.01353	0.02885	0.01339	0.10187	0.01715	0.05685	0.00799	0.66719	0.01544	0.07774
1.00000	0.29351	0.00882	0.40238	0.10094	0.00463	0.14377	0.02095	0.00865	0.01509	0.00124
1.00000	0.06375	0.01335	0.02540	0.01630	0.09019	0.05032	0.01367	0.19612	0.36748	0.16344
1.00000	0.01528	0.00639	0.04149	0.24068	0.01241	0.08589	0.11481	0.00921	0.46659	0.00726
1.00000	0.13046	0.00690	0.11080	0.07736	0.00791	0.24025	0.07120	0.00309	0.34694	0.00509
1.00000	0.00367	0.00048	0.00387	0.00077	0.00058	0.00390	0.00059	0.96621	0.00032	0.01961
1.00000	0.00541	0.10196	0.37522	0.21317	0.00131	0.01506	0.02593	0.07685	0.16451	0.02058
1.00000	0.02624	0.00484	0.07430	0.03091	0.03095	0.02069	0.77365	0.01665	0.01463	0.00714
1.00000	0.77294	0.00190	0.05266	0.00637	0.02086	0.07283	0.05374	0.01278	0.00163	0.00428
1.00000	0.04665	0.07677	0.00204	0.01255	0.01736	0.66230	0.08273	0.00539	0.04997	0.04424
1.00000	0.05120	0.00663	0.01030	0.13041	0.00504	0.68048	0.00756	0.02335	0.07779	0.00724
1.00000	0.04227	0.00361	0.83236	0.00544	0.01417	0.00455	0.01734	0.00651	0.06896	0.00480
1.00000	0.01081	0.00157	0.00549	0.00488	0.00057	0.96668	0.00290	0.00078	0.00447	0.00185
1.00000	0.00930	0.66096	0.01693	0.01998	0.08091	0.01359	0.04500	0.04566	0.02122	0.08645
1.00000	0.00460	0.00259	0.01406	0.88579	0.00125	0.01013	0.01920	0.01869	0.04234	0.00133
1.00000	0.06118	0.03216	0.06623	0.01135	0.04593	0.03009	0.62989	0.01313	0.07129	0.03875
1.00000	0.05630	0.00660	0.08686	0.00801	0.54670	0.14195	0.08146	0.01802	0.04203	0.01209
1.00000	0.00351	0.09373	0.02206	0.02893	0.03445	0.00229	0.00935	0.69987	0.00465	0.10116
1.00000	0.00388	0.00407	0.01047	0.00068	0.92674	0.01344	0.01026	0.01397	0.00434	0.01215
1.00000	0.89097	0.00243	0.01589	0.00582	0.00585	0.02112	0.03474	0.00476	0.01789	0.00053
0.00000	0.02014	0.05802	0.34660	0.10390	0.00297	0.00450	0.00415	0.01656	0.43173	0.01142
1.00000	0.44863	0.01769	0.07811	0.02245	0.05577	0.05386	0.12604	0.07588	0.01021	0.11136
0.00000	0.06410	0.00729	0.26422	0.13102	0.01344	0.07589	0.01508	0.28116	0.08183	0.06597
1.00000	0.00714	0.00066	0.00155	0.00408	0.12076	0.03446	0.01162	0.00683	0.01165	0.80125
1.00000	0.05195	0.03026	0.76907	0.01372	0.00515	0.01446	0.01808	0.04677	0.04040	0.01014
1.00000	0.02142	0.00386	0.00044	0.09499	0.00975	0.79259	0.00839	0.00364	0.02567	0.03925
1.00000	0.35044	0.00302	0.40177	0.02937	0.01007	0.02302	0.13864	0.01280	0.02431	0.00656
0.00000	0.02311	0.00489	0.02685	0.00499	0.49969	0.03739	0.11155	0.03517	0.11592	0.14043
1.00000	0.00100	0.01231	0.00360	0.04593	0.09900	0.03724	0.00391	0.02741	0.04144	0.72816
1.00000	0.00019	0.00121	0.00013	0.00122	0.08905	0.00119	0.00172	0.05892	0.00208	0.84429
1.00000	0.04187	0.02574	0.13742	0.01220	0.03993	0.02097	0.52048	0.09087	0.07150	0.03902
1.00000	0.00975	0.00417	0.03560	0.04694	0.01296	0.02582	0.02724	0.05260	0.71950	0.06541
1.00000	0.14793	0.00216	0.74188	0.00704	0.00238	0.00592	0.02992	0.00715	0.04381	0.01181
1.00000	0.66807	0.00099	0.02753	0.00871	0.00576	0.09936	0.14973	0.02123	0.01531	0.00331
1.00000	0.00815	0.02847	0.00648	0.02175	0.00606	0.00537	0.00254	0.03055	0.82902	0.06161
1.00000	0.00954	0.00549	0.00258	0.00589	0.00087	0.96689	0.00570	0.00092	0.00200	0.00012
1.00000	0.03762	0.00172	0.00086	0.00476	0.65049	0.01860	0.04978	0.02575	0.01628	0.19415
1.00000	0.00128	0.00022	0.00385	0.00008	0.00104	0.00450	0.98880	0.00009	0.00004	0.00009
1.00000	0.02376	0.00782	0.03891	0.00257	0.61601	0.01077	0.01172	0.01428	0.03741	0.23676
1.00000	0.00289	0.00022	0.00049	0.00246	0.00012	0.00134	0.00038	0.98791	0.00193	0.00226
1.00000	0.06023	0.03287	0.02134	0.46182	0.01119	0.04658	0.00249	0.12455	0.11371	0.12523
1.00000	0.00489	0.00078	0.00080	0.00074	0.00786	0.00846	0.00038	0.00567	0.95693	0.01349
0.00000	0.01060	0.00694	0.18824	0.11639	0.01038	0.00397	0.01201	0.10132	0.53428	0.01587
1.00000	0.30980	0.01748	0.05805	0.00639	0.17112	0.02538	0.11095	0.19378	0.03719	0.06984
1.00000	0.01160	0.01235	0.00921	0.47817	0.07529	0.08491	0.04320	0.07782	0.17628	0.03119
1.00000	0.01290	0.00748	0.00610	0.00129	0.01006	0.06438	0.82842	0.00048	0.06045	0.00844
1.00000	0.00188	0.94201	0.01593	0.00166	0.02560	0.00040	0.00445	0.00226	0.00103	0.00478
1.00000	0.03276	0.01117	0.01704	0.75068	0.00123	0.12506	0.02803	0.00620	0.02495	0.00288
1.00000	0.23601	0.00243	0.04853	0.05643	0.01256	0.07218	0.00665	0.00448	0.54917	0.01156
1.00000	0.02369	0.01516	0.01450	0.03704	0.02181	0.01888	0.04360	0.01312	0.72338	0.08881
1.00000	0.01464	0.00916	0.00532	0.00170	0.01855	0.88893	0.03593	0.00374	0.00890	0.01314
0.00000	0.24462	0.01262	0.05183	0.05578	0.04355	0.19345	0.06468	0.07771	0.12645	0.12932
1.00000	0.01854	0.00290	0.14646	0.66170	0.02202	0.02324	0.03300	0.00269	0.08232	0.00712
1.00000	0.25046	0.02951	0.18788	0.35544	0.00427	0.03987	0.04472	0.04146	0.04331	0.00308
1.00000	0.00422	0.00289	0.00307	0.00161	0.64287	0.01319	0.06384	0.04070	0.04525	0.18236
1.00000	0.04225	0.02899	0.21217	0.29366	0.02054	0.05594	0.02257	0.04518	0.23125	0.04745
0.00000	0.02045	0.01152	0.42162	0.06015	0.11142	0.06243	0.12501	0.11465	0.04993	0.02283
1.00000	0.13161	0.00552	0.07618	0.08773	0.05570	0.10249	0.02552	0.04205	0.36023	0.11298
1.00000	0.01317	0.00542	0.05611	0.13148	0.02151	0.14280	0.00856	0.02206	0.57909	0.01980
1.00000	0.96610	0.00020	0.00096	0.00407	0.00028	0.01998	0.00436	0.00205	0.00166	0.00034
1.00000	0.02120	0.00056	0.00158	0.02084	0.00331	0.94161	0.00121	0.00435	0.00220	0.00313
1.00000	0.00517	0.00530	0.12356	0.85053	0.00023	0.00504	0.00174	0.00155	0.00532	0.00157
1.00000	0.03627	0.00614	0.01082	0.00088	0.71568	0.04962	0.05788	0.01344	0.08210	0.02718
1.00000	0.01833	0.07218	0.03409	0.04265	0.59845	0.04140	0.04890	0.01003	0.00486	0.12912
1.00000	0.00020	0.00029	0.00011	0.00415	0.03379	0.00085	0.00032	0.01593	0.01979	0.92457
1.00000	0.04766	0.01292	0.00146	0.01681	0.15240	0.21029	0.01201	0.14406	0.02304	0.37937
1.00000	0.01851	0.00215	0.23116	0.65955	0.00188	0.03498	0.00990	0.00953	0.02801	0.00433
1.00000	0.00216	0.00206	0.00704	0.05057	0.07755	0.02394	0.00631	0.06508	0.09809	0.66719
1.00000	0.01023	0.01101	0.00110	0.01167	0.01988	0.28755	0.01756	0.00221	0.45321	0.18557
1.00000	0.00236	0.00337	0.00029	0.00458	0.08693	0.00310	0.00548	0.00420	0.00647	0.88321
1.00000	0.00226	0.00293	0.00223	0.01330	0.00678	0.01994	0.00671	0.00159	0.79190	0.15236
1.00000	0.92269	0.00187	0.00175	0.00426	0.01510	0.03149	0.01750	0.00130	0.00253	0.00150
1.00000	0.00741	0.89028	0.03845	0.00164	0.02382	0.00500	0.00869	0.00238	0.01402	0.00831
0.00000	0.00534	0.00551	0.00336	0.34963	0.01602	0.05252	0.02420	0.01449	0.44265	0.08627
1.00000	0.91340	0.00086	0.00483	0.00212	0.00045	0.05411	0.01696	0.00213	0.00505	0.00007
1.00000	0.01782	0.01737	0.42989	0.01342	0.20700	0.03778	0.06978	0.05735	0.01271	0.13688
1.00000	0.00287	0.00314	0.00054	0.01632	0.03767	0.00732	0.00085	0.16350	0.09513	0.67266
1.00000	0.00111	0.00111	0.00035	0.00031	0.00350	0.00162	0.00024	0.90030	0.00096	0.09050
1.00000	0.01902	0.03037	0.01388	0.00537	0.00775	0.06213	0.17617	0.00044	0.65681	0.02806
1.00000	0.10426	0.00298	0.00805	0.00769	0.00894	0.06012	0.04823	0.59732	0.02082	0.14159
1.00000	0.98176	0.00142	0.00425	0.00716	0.00014	0.00144	0.00148	0.00110	0.00112	0.00016
1.00000	0.00238	0.02395	0.00029	0.01646	0.04780	0.00407	0.00071	0.08368	0.02182	0.79883
1.00000	0.03660	0.00893	0.21699	0.00234	0.01245	0.00351	0.69954	0.00559	0.00439	0.00967
1.00000	0.00099	0.01726	0.00160	0.01335	0.00552	0.00157	0.00039	0.93698	0.00115	0.02119
1.00000	0.00678	0.00133	0.01378	0.00388	0.79866	0.03698	0.01134	0.05676	0.00604	0.06446
1.00000	0.00366	0.00246	0.00251	0.00556	0.00435	0.00512	0.00253	0.82256	0.00087	0.15038
1.00000	0.02017	0.62081	0.10096	0.00498	0.01925	0.00311	0.02754	0.03619	0.15313	0.01385
1.00000	0.00047	0.00259	0.00016	0.00917	0.07655	0.01028	0.00071	0.03090	0.03723	0.83193
1.00000	0.02590	0.00974	0.46374	0.29353	0.00282	0.02192	0.03858	0.13113	0.01083	0.00182
1.00000	0.18899	0.01031	0.40027	0.11171	0.01694	0.04440	0.03321	0.03773	0.11172	0.04471
1.00000	0.00170	0.00652	0.86628	0.05544	0.00335	0.01561	0.04246	0.00185	0.00638	0.00042
1.00000	0.00329	0.90320	0.00142	0.00114	0.02848	0.00709	0.02357	0.02207	0.00134	0.00840
1.00000	0.00176	0.01030	0.05197	0.04052	0.00576	0.01591	0.03207	0.01569	0.80212	0.02389
1.00000	0.00904	0.00295	0.00958	0.90929	0.00740	0.00670	0.00036	0.01570	0.03306	0.00592
1.00000	0.00775	0.00300	0.01369	0.84129	0.00488	0.04970	0.00408	0.00579	0.04400	0.02581
1.00000	0.00088	0.00562	0.01796	0.91203	0.00324	0.01336	0.00208	0.00581	0.03436	0.00466
1.00000	0.01145	0.00060	0.00272	0.00095	0.00275	0.00523	0.00108	0.91969	0.00123	0.05430
1.00000	0.60174	0.03103	0.06575	0.16547	0.00524	0.03302	0.05086	0.03222	0.01014	0.00453
1.00000	0.23830	0.00338	0.02715	0.00335	0.14670	0.04568	0.02926	0.07919	0.12532	0.30166
1.00000	0.45060	0.02602	0.01619	0.00436	0.05978	0.03610	0.13367	0.13248	0.01853	0.12225
1.00000	0.01179	0.00765	0.02473	0.46500	0.00609	0.06316	0.00239	0.00492	0.36434	0.04993
1.00000	0.00204	0.96680	0.00475	0.00295	0.00332	0.00296	0.00729	0.00371	0.00102	0.00517
1.00000	0.01496	0.04894	0.01259	0.54191	0.00076	0.28517	0.01310	0.04302	0.03465	0.00491
1.00000	0.03777	0.01228	0.00289	0.00642	0.02097	0.07093	0.01663	0.81503	0.00482	0.01226
1.00000	0.02674	0.00062	0.00468	0.00629	0.00406	0.91851	0.02768	0.00036	0.00501	0.00605
0.00000	0.06262	0.43481	0.02294	0.03240	0.01332	0.28317	0.12598	0.00790	0.00940	0.00746
1.00000	0.01775	0.00270	0.00861	0.02025	0.00289	0.06564	0.01010	0.01286	0.76251	0.09669
1.00000	0.00574	0.04573	0.00507	0.01025	0.01293	0.00206	0.00968	0.81175	0.00189	0.09491
1.00000	0.00595	0.00100	0.00589	0.08147	0.00886	0.02635	0.00619	0.04700	0.68307	0.13423
1.00000	0.00096	0.10792	0.02013	0.00881	0.65849	0.00200	0.04308	0.03386	0.03989	0.08487
1.00000	0.06419	0.03832	0.00162	0.07847	0.00588	0.77635	0.00180	0.00236	0.02466	0.00633
1.00000	0.03822	0.00950	0.06838	0.00143	0.80140	0.02161	0.02766	0.01653	0.00706	0.00822
1.00000	0.00618	0.02843	0.73049	0.00188	0.03966	0.02373	0.07678	0.00330	0.08498	0.00456
1.00000	0.00191	0.04306	0.00182	0.00908	0.08677	0.00300	0.00320	0.03803	0.06816	0.74496
1.00000	0.00102	0.91452	0.00750	0.00890	0.01537	0.00100	0.00555	0.01759	0.00049	0.02807
1.00000	0.00016	0.00735	0.00407	0.00016	0.58748	0.06238	0.03636	0.00439	0.00049	0.29716
1.00000	0.00375	0.03232	0.01518	0.06453	0.00265	0.04795	0.02123	0.00711	0.76280	0.04247
1.00000	0.00073	0.00061	0.00014	0.00092	0.04360	0.00140	0.00038	0.01639	0.00147	0.93436
1.00000	0.04690	0.00613	0.00301	0.05025	0.00161	0.56733	0.00682	0.05912	0.25088	0.00796
0.00000	0.03046	0.11381	0.04153	0.16451	0.16840	0.09843	0.06020	0.18890	0.02786	0.10590
1.00000	0.00078	0.00027	0.00019	0.00051	0.00068	0.00094	0.00014	0.00101	0.98203	0.01347
1.00000	0.01521	0.01230	0.17548	0.08714	0.00100	0.01014	0.02097	0.00417	0.66929	0.00429
1.00000	0.88969	0.00083	0.00930	0.00338	0.00337	0.05066	0.03620	0.00210	0.00195	0.00252
0.00000	0.04650	0.01629	0.02098	0.07515	0.09993	0.33279	0.36304	0.00885	0.03193	0.00454
1.00000	0.12676	0.00915	0.54283	0.08846	0.00839	0.03938	0.04409	0.03231	0.10743	0.00118
1.00000	0.05065	0.01051	0.00278	0.00151	0.01164	0.15870	0.73542	0.00426	0.02109	0.00343
1.00000	0.03977	0.02412	0.13024	0.07944	0.00305	0.01097	0.00866	0.47092	0.16823	0.06459
1.00000	0.00823	0.03113	0.02280	0.65368	0.00686	0.05596	0.00484	0.08009	0.06907	0.06734
1.00000	0.00019	0.00051	0.00021	0.00297	0.08114	0.00375	0.00076	0.04083	0.02153	0.84811
1.00000	0.00326	0.00162	0.92584	0.02961	0.00167	0.00569	0.00797	0.00329	0.02039	0.00067
1.00000	0.00469	0.00966	0.00101	0.01611	0.00114	0.00781	0.00123	0.00550	0.94057	0.01227
1.00000	0.02220	0.03011	0.00377	0.00288	0.07566	0.70232	0.08529	0.00260	0.02225	0.05292
0.00000	0.11487	0.01289	0.16667	0.05273	0.07940	0.11077	0.14273	0.09740	0.12423	0.09832
1.00000	0.00108	0.08295	0.00034	0.00193	0.06112	0.00667	0.00378	0.02430	0.00345	0.81437
1.00000	0.00468	0.00135	0.89575	0.01157	0.00087	0.00339	0.05438	0.02406	0.00188	0.00207
1.00000	0.01279	0.00239	0.10074	0.00427	0.02967	0.00498	0.81925	0.00668	0.01469	0.00455
1.00000	0.00087	0.01050	0.00077	0.00207	0.10352	0.00212	0.00179	0.03786	0.00246	0.83804
1.00000	0.00257	0.04581	0.63050	0.02971	0.06871	0.05863	0.03543	0.08251	0.00540	0.04073
1.00000	0.94269	0.00022	0.00508	0.00316	0.00030	0.03778	0.00623	0.00204	0.00226	0.00025
1.00000	0.03044	0.12861	0.06000	0.00134	0.05029	0.12198	0.53524	0.00288	0.05354	0.01567
0.00000	0.00357	0.00925	0.04047	0.10548	0.01196	0.01135	0.01624	0.00823	0.68057	0.11288
1.00000	0.86213	0.00063	0.00494	0.02318	0.01238	0.07652	0.01053	0.00261	0.00675	0.00035
1.00000	0.18011	0.00628	0.07342	0.01171	0.03948	0.26124	0.41386	0.00233	0.00919	0.00239
1.00000	0.37533	0.01075	0.01842	0.01460	0.02480	0.32772	0.05483	0.13812	0.01371	0.02173
1.00000	0.01184	0.08757	0.02997	0.55687	0.00197	0.20015	0.05001	0.02899	0.02932	0.00332
1.00000	0.00199	0.04653	0.74730	0.05811	0.02376	0.01121	0.07043	0.02820	0.00370	0.00877
1.00000	0.00673	0.00443	0.01763	0.00018	0.01013	0.01092	0.94438	0.00140	0.00224	0.00198
1.00000	0.01212	0.04710	0.05188	0.04149	0.05004	0.13850	0.01440	0.06981	0.05709	0.51757
1.00000	0.00174	0.00405	0.00084	0.00872	0.00112	0.00209	0.00011	0.94136	0.00081	0.03915
1.00000	0.00447	0.00027	0.00294	0.00663	0.13890	0.00251	0.00227	0.07059	0.01622	0.75521
1.00000	0.75077	0.00127	0.00318	0.01571	0.00072	0.12702	0.02129	0.03191	0.04315	0.00498
1.00000	0.00536	0.00198	0.00407	0.01370	0.02737	0.00484	0.00125	0.12218	0.01189	0.80735
1.00000	0.14459	0.02180	0.10290	0.29476	0.04385	0.05596	0.00570	0.00469	0.32279	0.00296
1.00000	0.02136	0.00601	0.01104	0.03745	0.01186	0.02568	0.00756	0.04691	0.71939	0.11273
1.00000	0.00481	0.00107	0.11732	0.00085	0.14755	0.01003	0.69270	0.01993	0.00112	0.00462
1.00000	0.01043	0.00281	0.00157	0.00470	0.02723	0.03138	0.00198	0.79206	0.00959	0.11826
1.00000	0.13563	0.00105	0.03923	0.04329	0.02340	0.66058	0.00420	0.00892	0.07832	0.00538
1.00000	0.82575	0.00052	0.01109	0.00201	0.00187	0.07243	0.06498	0.00469	0.01592	0.00073
1.00000	0.00126	0.96760	0.00699	0.00090	0.01627	0.00117	0.00392	0.00052	0.00052	0.00085
0.00000	0.40419	0.04823	0.02005	0.16984	0.00610	0.21533	0.03821	0.04367	0.05145	0.00292
1.00000	0.03923	0.00468	0.63452	0.00608	0.09344	0.02827	0.04415	0.01578	0.07355	0.06030
1.00000	0.00791	0.00482	0.00767	0.00062	0.00279	0.88711	0.00233	0.00015	0.08612	0.00049
1.00000	0.01923	0.02156	0.02907	0.01046	0.60020	0.02145	0.03345	0.03150	0.05686	0.17622
1.00000	0.00036	0.00926	0.01436	0.00688	0.09859	0.00165	0.01418	0.78098	0.00076	0.07297
1.00000	0.01956	0.00643	0.35598	0.22404	0.00681	0.05231	0.04997	0.13172	0.14863	0.00454
1.00000	0.00445	0.00095	0.01849	0.02366	0.01648	0.02736	0.02201	0.01226	0.86520	0.00915
1.00000	0.00098	0.00021	0.00208	0.00438	0.00307	0.00672	0.97675	0.00020	0.00448	0.00114
1.00000	0.05637	0.00188	0.07466	0.01163	0.06626	0.01517	0.53403	0.00548	0.17823	0.05631
1.00000	0.00045	0.94755	0.00491	0.00091	0.00699	0.00287	0.01035	0.01563	0.00024	0.01011
0.00000	0.62433	0.00612	0.09043	0.09667	0.02087	0.07205	0.00929	0.02419	0.02895	0.02708
1.00000	0.00017	0.00060	0.00019	0.00359	0.00035	0.00019	0.00019	0.97190	0.00030	0.02250
1.00000	0.01671	0.00733	0.61163	0.02352	0.08927	0.01465	0.05166	0.11626	0.03163	0.03734
1.00000	0.14871	0.01016	0.33902	0.08483	0.01163	0.03320	0.10154	0.00967	0.25464	0.00660
1.00000	0.14375	0.00425	0.03277	0.07997	0.03738	0.52882	0.05249	0.02926	0.07568	0.01563
1.00000	0.00103	0.00023	0.00048	0.00027	0.00038	0.00082	0.00018	0.98272	0.00182	0.01207
1.00000	0.10175	0.00076	0.02330	0.00603	0.00683	0.11580	0.71523	0.00551	0.00484	0.01996
1.00000	0.90037	0.00352	0.02822	0.00837	0.00157	0.02317	0.02822	0.00061	0.00422	0.00173
1.00000	0.01340	0.00538	0.00576	0.62554	0.02296	0.22033	0.03033	0.00166	0.06972	0.00491
1.00000	0.00062	0.00344	0.00032	0.00369	0.83973	0.00145	0.00261	0.00360	0.00522	0.13930
1.00000	0.00080	0.00811	0.96005	0.00337	0.00354	0.00200	0.00243	0.00108	0.01765	0.00096
1.00000	0.06799	0.00302	0.01509	0.01950	0.40944	0.08339	0.12229	0.02704	0.13687	0.11537
1.00000	0.02408	0.03907	0.00650	0.12853	0.00125	0.74186	0.01435	0.00538	0.03687	0.00210
1.00000	0.00723	0.72131	0.01289	0.00609	0.01645	0.01517	0.17287	0.00277	0.03364	0.01160
1.00000	0.02990	0.11422	0.02616	0.04046	0.16175	0.05134	0.03229	0.43093	0.00644	0.10652
1.00000	0.05513	0.01338	0.12391	0.00996	0.02811	0.07966	0.10788	0.06815	0.43566	0.07817
1.00000	0.79997	0.00799	0.03974	0.00661	0.06143	0.01105	0.05134	0.00509	0.00369	0.01310
1.00000	0.00046	0.92585	0.00090	0.00114	0.01852	0.00309	0.01497	0.02422	0.00096	0.00989
1.00000	0.00494	0.00367	0.01312	0.00279	0.79643	0.01403	0.05209	0.05454	0.00253	0.05585
1.00000	0.01386	0.00133	0.00372	0.00309	0.74559	0.00896	0.05238	0.10561	0.00324	0.06222
1.00000	0.09775	0.00377	0.00198	0.00284	0.00587	0.82990	0.00116	0.01030	0.02804	0.01839
1.00000	0.02579	0.02885	0.00485	0.06396	0.03795	0.46417	0.00823	0.16009	0.17802	0.02810
1.00000	0.00133	0.00023	0.00069	0.00528	0.18400	0.00145	0.00708	0.00889	0.00703	0.78403
1.00000	0.72495	0.00107	0.07739	0.02108	0.00248	0.00960	0.01704	0.02111	0.05107	0.07420
1.00000	0.00191	0.00054	0.92499	0.00215	0.00202	0.00073	0.03872	0.00096	0.02768	0.00031
1.00000	0.00832	0.75828	0.01723	0.00694	0.04410	0.01246	0.04025	0.02319	0.03838	0.05085
1.00000	0.02986	0.00036	0.02354	0.00307	0.78845	0.03531	0.02772	0.06951	0.01574	0.00644
1.00000	0.88630	0.00083	0.03362	0.01064	0.01189	0.01598	0.00573	0.00515	0.00421	0.02565
1.00000	0.01403	0.00034	0.00234	0.00098	0.00064	0.00800	0.00054	0.95812	0.00242	0.01259
1.00000	0.05361	0.01740	0.08205	0.02673	0.06926	0.05426	0.14628	0.06862	0.35625	0.12554
1.00000	0.08162	0.00508	0.00219	0.16428	0.08897	0.19792	0.06318	0.09136	0.13184	0.17357
0.00000	0.05168	0.31930	0.01480	0.03985	0.02467	0.08707	0.01577	0.20378	0.05610	0.18698
1.00000	0.00199	0.03689	0.00676	0.00068	0.18273	0.01483	0.04259	0.01868	0.05365	0.64120
1.00000	0.08532	0.00392	0.00505	0.23428	0.04856	0.37766	0.02327	0.00818	0.17983	0.03392
0.00000	0.06147	0.09288	0.03432	0.12685	0.02267	0.10524	0.17207	0.02848	0.26518	0.09083
1.00000	0.00018	0.00812	0.01168	0.00021	0.90014	0.05010	0.00628	0.00496	0.00639	0.01193
1.00000	0.00978	0.00191	0.00910	0.01683	0.05267	0.00490	0.00256	0.71484	0.00478	0.18263
1.00000	0.00269	0.83570	0.00946	0.00962	0.04379	0.00127	0.00894	0.05304	0.00116	0.03433
1.00000	0.01994	0.00297	0.00262	0.00237	0.00634	0.03129	0.00122	0.89077	0.02102	0.02146
1.00000	0.00374	0.01787	0.00600	0.02990	0.00148	0.00068	0.00022	0.91968	0.00486	0.01556
1.00000	0.00929	0.12319	0.71772	0.03461	0.01758	0.01169	0.01238	0.00821	0.06044	0.00489
1.00000	0.00009	0.00014	0.98530	0.00047	0.00011	0.00033	0.01286	0.00027	0.00031	0.00011
1.00000	0.00122	0.92557	0.00142	0.00220	0.00438	0.00482	0.00848	0.04391	0.00048	0.00752
1.00000	0.00092	0.93934	0.00380	0.00772	0.00508	0.00062	0.00300	0.00463	0.00024	0.03464
1.00000	0.00647	0.00153	0.00099	0.00595	0.11056	0.04025	0.01349	0.00636	0.01459	0.79981
1.00000	0.00133	0.82595	0.02894	0.00846	0.01776	0.02852	0.02630	0.04094	0.00250	0.01930
1.00000	0.67817	0.01369	0.01511	0.00501	0.01032	0.05660	0.07485	0.06508	0.03419	0.04697
1.00000	0.00021	0.00046	0.00279	0.00321	0.00015	0.00320	0.00056	0.00013	0.97747	0.01183
1.00000	0.85106	0.00034	0.00892	0.00093	0.00129	0.09710	0.02841	0.00274	0.00849	0.00073
1.00000	0.00028	0.00170	0.00371	0.00021	0.96659	0.00342	0.00978	0.00277	0.00077	0.01077
1.00000	0.00201	0.04653	0.01312	0.00311	0.58749	0.03499	0.10467	0.01510	0.02519	0.16780
1.00000	0.10760	0.00256	0.61523	0.04710	0.04924	0.04171	0.10141	0.00177	0.02355	0.00984
1.00000	0.06543	0.00474	0.03129	0.56334	0.00274	0.09831	0.00377	0.01642	0.19565	0.01832
1.00000	0.00049	0.00034	0.00033	0.00772	0.00008	0.00145	0.00010	0.98602	0.00021	0.00326
1.00000	0.83750	0.00303	0.02827	0.01386	0.01228	0.06695	0.02683	0.00583	0.00316	0.00229
1.00000	0.00032	0.00010	0.00255	0.00029	0.00027	0.00118	0.99485	0.00010	0.00016	0.00020
1.00000	0.00108	0.00642	0.01584	0.00420	0.70394	0.06338	0.00923	0.00988	0.00568	0.18036
1.00000	0.00402	0.02758	0.00235	0.08899	0.00598	0.00337	0.00181	0.81892	0.00945	0.03754
1.00000	0.05485	0.04365	0.20970	0.07050	0.01494	0.02981	0.01278	0.02216	0.47565	0.06598
1.00000	0.00115	0.92705	0.00133	0.00161	0.00595	0.00212	0.01609	0.01596	0.00186	0.02688
1.00000	0.01937	0.20747	0.04094	0.27707	0.01678	0.16258	0.03305	0.01233	0.10983	0.12057
0.00000	0.00282	0.02514	0.02660	0.42154	0.00241	0.00775	0.00058	0.04013	0.44402	0.02901
1.00000	0.03460	0.06214	0.73149	0.03187	0.00195	0.01130	0.03003	0.00430	0.08986	0.00246
1.00000	0.01375	0.00792	0.78136	0.01435	0.00153	0.01349	0.15826	0.00433	0.00418	0.00083
0.00000	0.06930	0.02089	0.22159	0.08189	0.00564	0.08393	0.00751	0.01135	0.47827	0.01964
1.00000	0.91210	0.00048	0.01116	0.00279	0.00142	0.05025	0.01094	0.00461	0.00619	0.00008
1.00000	0.00518	0.00303	0.86975	0.00159	0.01162	0.00603	0.07588	0.00521	0.01484	0.00687
1.00000	0.01984	0.01029	0.09470	0.74151	0.00350	0.11289	0.00379	0.00405	0.00733	0.00211
1.00000	0.03063	0.00483	0.07367	0.06058	0.02558	0.20718	0.04401	0.01872	0.46647	0.06833
1.00000	0.02241	0.00194	0.04342	0.00054	0.01107	0.05512	0.85770	0.00623	0.00078	0.00080
1.00000	0.00235	0.00908	0.00111	0.00911	0.07165	0.03151	0.00602	0.01629	0.01817	0.83473
0.00000	0.02525	0.14284	0.01869	0.14218	0.05448	0.07448	0.04809	0.24354	0.07906	0.17141
1.00000	0.00376	0.02510	0.11949	0.00423	0.17731	0.00879	0.61845	0.00610	0.00881	0.02795
1.00000	0.00617	0.00257	0.00499	0.00797	0.00130	0.05678	0.00193	0.00343	0.89868	0.01616
1.00000	0.01362	0.00040	0.03951	0.01770	0.00070	0.89461	0.00886	0.00078	0.02353	0.00028
0.00000	0.02725	0.03530	0.09745	0.00592	0.18338	0.03076	0.40829	0.00454	0.18611	0.02099
1.00000	0.00362	0.00249	0.01330	0.00224	0.18586	0.01147	0.05803	0.01353	0.03522	0.67424
1.00000	0.00744	0.06632	0.00299	0.00209	0.01231	0.02563	0.01767	0.80796	0.00183	0.05577
1.00000	0.01022	0.18947	0.63594	0.04850	0.00527	0.00985	0.07664	0.00647	0.01643	0.00121
1.00000	0.00726	0.00075	0.00194	0.00045	0.00117	0.00244	0.00225	0.97551	0.00026	0.00798
1.00000	0.03638	0.00150	0.01674	0.00620	0.00144	0.00402	0.00238	0.04967	0.82882	0.05284
0.00000	0.01052	0.00409	0.00589	0.27986	0.00766	0.11648	0.00334	0.03442	0.43888	0.09885
1.00000	0.12198	0.00449	0.03027	0.04421	0.00951	0.72653	0.02316	0.00284	0.03356	0.00345
1.00000	0.58398	0.01422	0.08127	0.00529	0.01505	0.05025	0.10119	0.02385	0.08695	0.03795
1.00000	0.00969	0.18889	0.18228	0.09541	0.00889	0.00140	0.00181	0.24657	0.16716	0.09791
1.00000	0.00013	0.00382	0.00043	0.00016	0.73388	0.02208	0.01800	0.00482	0.00273	0.21395
1.00000	0.00512	0.00058	0.01556	0.01648	0.15851	0.00258	0.00826	0.03171	0.03869	0.72251
1.00000	0.01669	0.03909	0.05711	0.60116	0.02662	0.12207	0.00733	0.01418	0.08297	0.03278
1.00000	0.11783	0.00148	0.01184	0.08097	0.00476	0.70263	0.00306	0.00200	0.07205	0.00338
1.00000	0.00363	0.00396	0.00427	0.00067	0.84624	0.02593	0.01873	0.06509	0.00781	0.02368
0.00000	0.06016	0.00978	0.28901	0.21914	0.01586	0.11330	0.11918	0.01209	0.14727	0.01421
1.00000	0.92406	0.00030	0.00633	0.00367	0.00123	0.04659	0.00379	0.00737	0.00592	0.00074
1.00000	0.00185	0.04645	0.63735	0.25963	0.00118	0.00769	0.01858	0.00595	0.01967	0.00166
1.00000	0.03913	0.01193	0.16681	0.01006	0.23184	0.05783	0.08861	0.03392	0.05379	0.30608
1.00000	0.23451	0.02902	0.09644	0.47422	0.00684	0.09562	0.02234	0.00425	0.03337	0.00339
1.00000	0.00059	0.95276	0.00682	0.00122	0.00582	0.00165	0.01141	0.01611	0.00034	0.00329
1.00000	0.02794	0.00169	0.02387	0.00705	0.00163	0.12419	0.79522	0.00054	0.00205	0.01583
1.00000	0.00205	0.00185	0.00017	0.00218	0.07458	0.00760	0.00061	0.01804	0.00847	0.88444
1.00000	0.00078	0.84676	0.00242	0.00385	0.04900	0.00282	0.01674	0.04132	0.00130	0.03501
1.00000	0.00219	0.00357	0.00006	0.00368	0.01506	0.00219	0.00033	0.11613	0.04611	0.81068
1.00000	0.05340	0.01231	0.05087	0.75602	0.00691	0.08005	0.01083	0.00109	0.01971	0.00881
0.00000	0.54510	0.00704	0.19257	0.08200	0.00133	0.07757	0.03126	0.04457	0.00599	0.01258
1.00000	0.01542	0.00819	0.01699	0.00347	0.68857	0.05964	0.05405	0.00738	0.03203	0.11428
1.00000	0.00087	0.00294	0.00067	0.00119	0.59553	0.02523	0.00332	0.03689	0.00162	0.33175
1.00000	0.02235	0.06723	0.03090	0.73520	0.00455	0.04327	0.00224	0.05300	0.02690	0.01436
1.00000	0.89566	0.00112	0.00365	0.00584	0.00495	0.06353	0.00300	0.00625	0.00527	0.01074
1.00000	0.02889	0.01556	0.01579	0.00658	0.69774	0.01938	0.04881	0.06448	0.02946	0.07330
1.00000	0.01786	0.00187	0.00596	0.00504	0.84386	0.02927	0.03058	0.01444	0.01073	0.04040
1.00000	0.02419	0.83705	0.01643	0.01321	0.01103	0.01249	0.00462	0.04130	0.01443	0.02524
1.00000	0.08754	0.01117	0.01019	0.39636	0.00812	0.14363	0.01369	0.03330	0.24310	0.05290
1.00000	0.60542	0.00588	0.09012	0.03955	0.00570	0.09163	0.08087	0.02019	0.03988	0.02078
1.00000	0.00051	0.00292	0.00041	0.00051	0.11524	0.00790	0.00160	0.01839	0.00908	0.84343
1.00000	0.00036	0.00120	0.00007	0.00089	0.12212	0.00083	0.00109	0.01991	0.01097	0.84255
1.00000	0.00600	0.10039	0.03200	0.00166	0.05170	0.10927	0.63474	0.00700	0.02818	0.02906
1.00000	0.00347	0.00743	0.10288	0.01241	0.00057	0.02149	0.00549	0.00168	0.84326	0.00131
1.00000	0.00741	0.06146	0.40709	0.16019	0.05283	0.02911	0.03156	0.14111	0.10120	0.00803
1.00000	0.05469	0.06716	0.00739	0.07323	0.13607	0.22294	0.07451	0.07157	0.01986	0.27257
1.00000	0.00347	0.14989	0.01728	0.00615	0.15902	0.01874	0.04290	0.40837	0.01699	0.17720
1.00000	0.02811	0.00208	0.03539	0.15506	0.00507	0.71576	0.02215	0.00155	0.03306	0.00175
1.00000	0.01332	0.00646	0.09502	0.05610	0.12896	0.01391	0.03686	0.40468	0.11386	0.13083
1.00000	0.00204	0.02150	0.00522	0.00168	0.00390	0.00502	0.00666	0.00317	0.93992	0.01089
1.00000	0.03955	0.04777	0.00285	0.04687	0.07074	0.00862	0.00909	0.03648	0.16480	0.57324
1.00000	0.03248	0.00365	0.72369	0.00716	0.05755	0.05917	0.01660	0.00872	0.06340	0.02759
1.00000	0.10429	0.01130	0.00524	0.00062	0.03671	0.77083	0.03806	0.00666	0.01350	0.01280
1.00000	0.00141	0.00109	0.91991	0.01964	0.00921	0.01310	0.00812	0.00665	0.00304	0.01782
1.00000	0.07531	0.01407	0.06219	0.49709	0.00826	0.21919	0.01664	0.02917	0.03979	0.03827
1.00000	0.02133	0.00813	0.03915	0.00912	0.01893	0.19041	0.00870	0.04395	0.58622	0.07406
0.00000	0.03459	0.00758	0.23120	0.14480	0.00473	0.01747	0.01470	0.01029	0.52727	0.00738
1.00000	0.00243	0.00651	0.05488	0.78216	0.00064	0.03638	0.00221	0.02344	0.08385	0.00750
1.00000	0.00060	0.00156	0.00097	0.00360	0.09706	0.03798	0.00086	0.01777	0.06450	0.77510
1.00000	0.00004	0.00011	0.00146	0.00010	0.00560	0.00117	0.99086	0.00023	0.00039	0.00005
1.00000	0.00090	0.01731	0.00220	0.00648	0.01105	0.00412	0.00206	0.85528	0.00106	0.09955
1.00000	0.87826	0.00053	0.00129	0.01931	0.00245	0.08573	0.00648	0.00490	0.00068	0.00037
1.00000	0.89185	0.00601	0.00772	0.00674	0.00394	0.05448	0.02152	0.00224	0.00483	0.00068
1.00000	0.00338	0.00314	0.01119	0.00190	0.02719	0.91194	0.02246	0.00710	0.00857	0.00313
1.00000	0.01617	0.00346	0.81036	0.00403	0.00159	0.02134	0.12371	0.00571	0.01023	0.00340
1.00000	0.03432	0.01040	0.26040	0.59568	0.01076	0.04569	0.00832	0.01797	0.01509	0.00137
1.00000	0.01398	0.02579	0.57992	0.05564	0.00914	0.00787	0.03252	0.07205	0.13112	0.07198
1.00000	0.04175	0.00723	0.00565	0.00156	0.00927	0.79127	0.01368	0.00350	0.07061	0.05546
1.00000	0.00624	0.82673	0.01180	0.00267	0.03613	0.02210	0.03910	0.02836	0.00270	0.02417
1.00000	0.70570	0.01203	0.06568	0.00483	0.02055	0.02528	0.08339	0.01974	0.02809	0.03470
1.00000	0.00827	0.04076	0.16408	0.25121	0.00206	0.00833	0.00777	0.46353	0.04875	0.00525
1.00000	0.00476	0.00252	0.01283	0.00227	0.00518	0.08431	0.00849	0.00227	0.85834	0.01903
0.00000	0.00177	0.01635	0.00214	0.00178	0.28448	0.00811	0.04121	0.02026	0.00582	0.61808
1.00000	0.05307	0.01360	0.01869	0.00770	0.57693	0.03957	0.04212	0.04191	0.07424	0.13216
1.00000	0.00841	0.00856	0.46948	0.06715	0.00201	0.00733	0.00662	0.01584	0.41381	0.00079
1.00000	0.00292	0.02787	0.80586	0.00605	0.00612	0.00324	0.10648	0.00225	0.03784	0.00137
1.00000	0.00949	0.06538	0.01986	0.21543	0.04042	0.06638	0.01773	0.08541	0.45312	0.02679
