1.00000	0.02113	0.94072	0.00746	0.00054	0.00404	0.00617	0.00719	0.00745	0.00266	0.00264
1.00000	0.00073	0.00040	0.00074	0.00449	0.00470	0.00055	0.00011	0.98643	0.00028	0.00157
1.00000	0.92192	0.00097	0.01480	0.00576	0.00428	0.01264	0.03076	0.00448	0.00353	0.00087
1.00000	0.07343	0.00884	0.00555	0.00919	0.01982	0.82496	0.00814	0.00245	0.01841	0.02921
1.00000	0.00252	0.01483	0.00273	0.00524	0.87318	0.00395	0.00331	0.05872	0.00139	0.03412
1.00000	0.01100	0.05600	0.00288	0.00130	0.33112	0.01043	0.00531	0.44546	0.01405	0.12245
1.00000	0.02843	0.00131	0.00032	0.01217	0.01071	0.92791	0.00385	0.00112	0.01026	0.00392
1.00000	0.12236	0.01346	0.42100	0.03124	0.15917	0.04208	0.19131	0.01320	0.00137	0.00481
0.00000	0.00126	0.00332	0.03189	0.00578	0.15317	0.01130	0.00418	0.33553	0.00414	0.44943
0.00000	0.09044	0.00669	0.00867	0.01331	0.43112	0.05673	0.01511	0.08833	0.02512	0.26448
1.00000	0.03363	0.86306	0.00647	0.00342	0.01533	0.00111	0.01198	0.03120	0.00838	0.02541
1.00000	0.00668	0.00027	0.96402	0.00096	0.00440	0.00008	0.02222	0.00037	0.00082	0.00019
1.00000	0.00672	0.02852	0.00341	0.00476	0.80508	0.01459	0.00168	0.01026	0.01107	0.11391
1.00000	0.01386	0.94289	0.00169	0.00124	0.00727	0.00470	0.00387	0.00969	0.00584	0.00895
1.00000	0.01687	0.79793	0.00861	0.00369	0.02855	0.01462	0.00526	0.10433	0.01611	0.00404
1.00000	0.00653	0.00877	0.08359	0.29551	0.14755	0.10539	0.02026	0.17020	0.05737	0.10482
1.00000	0.01660	0.93576	0.00589	0.00036	0.00886	0.00091	0.00492	0.01741	0.00365	0.00564
1.00000	0.00668	0.00645	0.00386	0.00688	0.00469	0.04066	0.90311	0.00206	0.02312	0.00248
1.00000	0.00091	0.00074	0.00304	0.00138	0.97083	0.00140	0.00122	0.01067	0.00174	0.00808
1.00000	0.00191	0.00125	0.01779	0.00779	0.33341	0.01724	0.00308	0.09548	0.02408	0.49797
1.00000	0.00665	0.00089	0.00391	0.93541	0.00517	0.01801	0.00291	0.00440	0.02096	0.00169
1.00000	0.00247	0.00038	0.00459	0.00504	0.87333	0.00070	0.00215	0.01078	0.01092	0.08964
1.00000	0.00045	0.00041	0.00009	0.00120	0.06713	0.00046	0.00034	0.03956	0.00152	0.88884
1.00000	0.11868	0.01342	0.04329	0.18439	0.02118	0.03385	0.00636	0.01423	0.50364	0.06096
1.00000	0.00207	0.00055	0.00240	0.00150	0.08208	0.00979	0.00176	0.01998	0.08243	0.79745
1.00000	0.66880	0.00997	0.09147	0.07371	0.00691	0.02267	0.08048	0.00812	0.02376	0.01410
1.00000	0.00344	0.00223	0.00061	0.00657	0.01559	0.01636	0.00035	0.87022	0.00151	0.08312
1.00000	0.04629	0.00036	0.01609	0.00314	0.00646	0.00714	0.86437	0.00210	0.01191	0.04214
1.00000	0.06924	0.01664	0.07145	0.00738	0.21678	0.20454	0.06046	0.05541	0.26682	0.03127
1.00000	0.00475	0.00026	0.00883	0.00095	0.00222	0.00547	0.96942	0.00188	0.00284	0.00339
1.00000	0.02851	0.69621	0.01288	0.01411	0.04320	0.01459	0.00858	0.03896	0.11923	0.02374
1.00000	0.04399	0.00299	0.03314	0.81833	0.00147	0.05154	0.00479	0.00117	0.04116	0.00141
1.00000	0.01210	0.93755	0.00575	0.00144	0.00208	0.00414	0.00561	0.00863	0.01936	0.00335
1.00000	0.03129	0.01282	0.07305	0.00670	0.55417	0.03430	0.04723	0.03639	0.10300	0.10105
1.00000	0.00071	0.00047	0.03348	0.00049	0.00769	0.00159	0.95189	0.00167	0.00097	0.00105
1.00000	0.03480	0.10864	0.58813	0.01068	0.02878	0.00987	0.14928	0.04925	0.01355	0.00703
1.00000	0.00291	0.02858	0.01315	0.00775	0.11934	0.23018	0.01629	0.03916	0.51093	0.03170
1.00000	0.86639	0.00158	0.02009	0.00392	0.01208	0.01102	0.05131	0.02119	0.00276	0.00965
1.00000	0.00914	0.06244	0.02093	0.00804	0.52609	0.07530	0.00653	0.10012	0.00286	0.18856
1.00000	0.02247	0.01229	0.43344	0.07393	0.01536	0.02157	0.04477	0.06102	0.22606	0.08909
1.00000	0.16834	0.01655	0.05070	0.61034	0.01158	0.08393	0.02979	0.00236	0.02213	0.00429
1.00000	0.00445	0.00253	0.95449	0.00770	0.00391	0.00099	0.00386	0.00813	0.01376	0.00018
1.00000	0.96986	0.00012	0.00212	0.00086	0.00366	0.00511	0.01012	0.00418	0.00317	0.00080
1.00000	0.00405	0.00438	0.03093	0.00449	0.21740	0.01646	0.02085	0.14902	0.02219	0.53024
1.00000	0.05531	0.02290	0.59151	0.15693	0.00540	0.01102	0.01153	0.00171	0.14306	0.00063
1.00000	0.03450	0.92210	0.00300	0.00157	0.00948	0.00105	0.00405	0.02003	0.00101	0.00321
1.00000	0.00337	0.01060	0.05616	0.80379	0.00224	0.01525	0.00721	0.07822	0.02056	0.00260
1.00000	0.02602	0.02387	0.02884	0.77127	0.01056	0.03538	0.00717	0.07609	0.01663	0.00416
0.00000	0.00832	0.00462	0.00178	0.40938	0.00677	0.05725	0.00021	0.01369	0.48113	0.01684
1.00000	0.03739	0.00541	0.01961	0.15314	0.04534	0.62134	0.04664	0.03393	0.02860	0.00859
0.00000	0.03742	0.02453	0.08749	0.00931	0.23615	0.08664	0.03680	0.12451	0.23636	0.12080
1.00000	0.03059	0.00395	0.00236	0.01297	0.00216	0.02662	0.91233	0.00036	0.00679	0.00189
1.00000	0.00254	0.08191	0.02587	0.02532	0.00412	0.00690	0.00708	0.81138	0.00982	0.02507
1.00000	0.01552	0.01762	0.00105	0.00488	0.01920	0.02490	0.00283	0.87743	0.00312	0.03346
1.00000	0.09499	0.00514	0.00223	0.08270	0.00705	0.72525	0.01254	0.00088	0.06539	0.00384
1.00000	0.00413	0.01630	0.03193	0.00386	0.28808	0.04438	0.00712	0.09783	0.01591	0.49046
1.00000	0.00259	0.00301	0.01553	0.00111	0.91251	0.00458	0.00635	0.02735	0.01347	0.01350
1.00000	0.00527	0.00310	0.00895	0.02032	0.77680	0.01071	0.02611	0.10358	0.00839	0.03678
1.00000	0.88636	0.00233	0.02369	0.02811	0.00475	0.00689	0.02913	0.00300	0.01288	0.00288
1.00000	0.02158	0.00256	0.01075	0.03862	0.06348	0.09484	0.01621	0.04850	0.44978	0.25367
1.00000	0.00750	0.00214	0.01752	0.04820	0.10648	0.64629	0.11329	0.00863	0.02665	0.02329
1.00000	0.60411	0.02720	0.02432	0.01614	0.02272	0.11049	0.00444	0.11054	0.01262	0.06740
1.00000	0.01759	0.00326	0.00205	0.00293	0.69492	0.11703	0.01139	0.01823	0.00898	0.12362
1.00000	0.00079	0.00071	0.00178	0.00380	0.05896	0.00335	0.00095	0.15160	0.00528	0.77278
1.00000	0.00106	0.00933	0.00161	0.01952	0.00253	0.00166	0.00050	0.96154	0.00032	0.00191
1.00000	0.00065	0.00077	0.00029	0.00018	0.01449	0.00148	0.00009	0.97885	0.00023	0.00297
1.00000	0.17271	0.00719	0.02941	0.03345	0.11079	0.00638	0.03682	0.21381	0.02089	0.36855
1.00000	0.00205	0.00859	0.00262	0.02942	0.01727	0.01034	0.00310	0.90425	0.00739	0.01496
1.00000	0.00304	0.00354	0.00102	0.00535	0.09360	0.00239	0.00056	0.15707	0.00308	0.73035
1.00000	0.06520	0.00669	0.11310	0.06714	0.06766	0.02196	0.60158	0.03976	0.01314	0.00377
1.00000	0.79236	0.00316	0.09619	0.01422	0.00431	0.04767	0.01702	0.00565	0.01089	0.00852
1.00000	0.07511	0.00797	0.00530	0.17669	0.05216	0.57060	0.04424	0.02540	0.03141	0.01111
1.00000	0.02403	0.00602	0.00017	0.01558	0.01053	0.83921	0.00158	0.03478	0.04636	0.02175
1.00000	0.03234	0.00295	0.07765	0.05007	0.05604	0.02020	0.73335	0.01414	0.00821	0.00505
1.00000	0.01948	0.00795	0.01936	0.00034	0.09191	0.07392	0.73076	0.00252	0.04152	0.01223
1.00000	0.04585	0.06297	0.01732	0.00484	0.14416	0.54209	0.05988	0.06230	0.04523	0.01536
1.00000	0.01032	0.00683	0.00781	0.03710	0.05678	0.00571	0.00304	0.62869	0.10166	0.14206
1.00000	0.41859	0.03042	0.04891	0.03735	0.02134	0.15361	0.00700	0.24615	0.00498	0.03164
1.00000	0.00025	0.00045	0.00696	0.00041	0.00295	0.00144	0.00031	0.98461	0.00093	0.00169
1.00000	0.02372	0.01950	0.00091	0.00482	0.04859	0.71451	0.01067	0.10991	0.05437	0.01301
1.00000	0.00129	0.00301	0.00224	0.00742	0.05527	0.00972	0.00149	0.19992	0.00714	0.71250
1.00000	0.00161	0.01697	0.02872	0.06548	0.62195	0.02610	0.13905	0.03914	0.01224	0.04872
1.00000	0.00617	0.01590	0.01248	0.01266	0.81065	0.01470	0.00915	0.07690	0.00059	0.04080
1.00000	0.00194	0.00024	0.00517	0.00280	0.20406	0.00118	0.00371	0.03777	0.00426	0.73887
1.00000	0.00335	0.00185	0.97553	0.00738	0.00033	0.00024	0.00606	0.00307	0.00214	0.00006
1.00000	0.94018	0.00052	0.01550	0.02383	0.00163	0.00790	0.00438	0.00128	0.00422	0.00057
1.00000	0.01692	0.00445	0.68575	0.00718	0.05326	0.01396	0.15981	0.01539	0.03798	0.00532
0.00000	0.00347	0.00362	0.00013	0.00097	0.19080	0.00546	0.00033	0.38306	0.00186	0.41031
1.00000	0.01999	0.89053	0.01710	0.00057	0.00807	0.00847	0.00405	0.04702	0.00077	0.00343
1.00000	0.00784	0.08715	0.03028	0.45408	0.00963	0.21237	0.09018	0.00861	0.08741	0.01245
1.00000	0.01029	0.00099	0.91135	0.00343	0.03262	0.00094	0.01208	0.01362	0.01351	0.00118
1.00000	0.79675	0.00180	0.04671	0.00536	0.01013	0.05303	0.02141	0.05462	0.00295	0.00723
1.00000	0.01375	0.00231	0.00808	0.00262	0.00225	0.01029	0.95696	0.00055	0.00212	0.00108
1.00000	0.00439	0.91855	0.01521	0.00276	0.01594	0.00130	0.00889	0.01586	0.01177	0.00533
1.00000	0.00037	0.00093	0.00034	0.00255	0.00070	0.00059	0.00136	0.96827	0.01340	0.01148
1.00000	0.01791	0.01443	0.00247	0.00119	0.13591	0.03126	0.01089	0.70813	0.01573	0.06208
0.00000	0.26727	0.00715	0.00325	0.01294	0.37052	0.06509	0.01191	0.11067	0.01725	0.13394
0.00000	0.00427	0.00197	0.00109	0.00971	0.17056	0.00245	0.00325	0.03899	0.11905	0.64866
1.00000	0.00684	0.00060	0.02151	0.00113	0.88060	0.00775	0.04354	0.02306	0.00206	0.01291
1.00000	0.00190	0.00018	0.00014	0.00049	0.00223	0.00088	0.00019	0.98584	0.00105	0.00709
1.00000	0.01926	0.03854	0.00567	0.00149	0.14010	0.06089	0.00969	0.57407	0.07580	0.07449
0.00000	0.00223	0.00283	0.04144	0.00236	0.48161	0.00933	0.39390	0.04510	0.00055	0.02064
1.00000	0.00878	0.00098	0.00834	0.00465	0.00064	0.00379	0.00016	0.00070	0.96809	0.00387
0.00000	0.04293	0.00518	0.06867	0.00309	0.60700	0.02049	0.04495	0.14536	0.00166	0.06065
1.00000	0.25230	0.02217	0.26911	0.15975	0.04027	0.01226	0.06266	0.00189	0.17548	0.00410
1.00000	0.01557	0.00117	0.00161	0.03257	0.00507	0.86779	0.00179	0.00286	0.07009	0.00147
1.00000	0.03640	0.00401	0.01125	0.00267	0.81849	0.05945	0.03440	0.01514	0.00133	0.01686
1.00000	0.02395	0.00238	0.01073	0.80625	0.01273	0.09767	0.00638	0.02097	0.01725	0.00170
1.00000	0.00127	0.00185	0.00293	0.00455	0.80834	0.01768	0.00402	0.02939	0.00108	0.12889
1.00000	0.00039	0.00028	0.00013	0.00068	0.00035	0.00021	0.00003	0.99616	0.00022	0.00157
0.00000	0.23493	0.02130	0.12535	0.15797	0.12391	0.07093	0.03575	0.12521	0.01799	0.08665
1.00000	0.02807	0.00384	0.05191	0.02174	0.00300	0.00426	0.00767	0.02033	0.84077	0.01842
1.00000	0.00184	0.00577	0.00477	0.02645	0.02545	0.01372	0.00558	0.07967	0.80798	0.02876
1.00000	0.00736	0.06034	0.00045	0.00398	0.04802	0.00737	0.00119	0.82679	0.01837	0.02612
1.00000	0.03909	0.82865	0.00440	0.00346	0.01234	0.03507	0.00285	0.02886	0.01255	0.03273
1.00000	0.05070	0.00995	0.06131	0.74118	0.00104	0.11361	0.00521	0.00503	0.01136	0.00061
1.00000	0.00139	0.00061	0.00876	0.00023	0.00355	0.01228	0.97199	0.00069	0.00018	0.00031
1.00000	0.00117	0.00033	0.00147	0.00170	0.10279	0.00216	0.00013	0.03030	0.02341	0.83653
1.00000	0.02790	0.86878	0.00448	0.00197	0.01964	0.00184	0.01959	0.02617	0.01110	0.01853
1.00000	0.00109	0.01466	0.00061	0.01350	0.01607	0.00126	0.00055	0.93865	0.00029	0.01333
1.00000	0.00405	0.00399	0.03611	0.02399	0.73566	0.00664	0.05217	0.08876	0.01229	0.03635
0.00000	0.03981	0.02766	0.07438	0.05800	0.41438	0.05982	0.14087	0.17879	0.00179	0.00451
1.00000	0.03432	0.02166	0.21262	0.52899	0.01704	0.02941	0.07327	0.05117	0.02399	0.00753
1.00000	0.75596	0.00551	0.07845	0.00754	0.03211	0.05109	0.04397	0.00968	0.01384	0.00186
1.00000	0.03300	0.11726	0.00262	0.03769	0.08261	0.36100	0.00787	0.13043	0.08176	0.14576
1.00000	0.01543	0.00381	0.02613	0.79002	0.00303	0.11693	0.02382	0.00638	0.01090	0.00355
1.00000	0.01607	0.00478	0.58370	0.01274	0.10681	0.00351	0.23286	0.00583	0.01446	0.01924
1.00000	0.00416	0.00258	0.16097	0.64629	0.00340	0.05004	0.00495	0.00994	0.11515	0.00252
1.00000	0.11960	0.00748	0.04373	0.16264	0.00401	0.62301	0.02466	0.00346	0.00836	0.00306
1.00000	0.00673	0.00062	0.00422	0.07085	0.00530	0.85237	0.00319	0.00142	0.05287	0.00243
1.00000	0.00037	0.00023	0.00020	0.00239	0.10408	0.00082	0.00146	0.02885	0.00360	0.85800
1.00000	0.02834	0.00784	0.06677	0.15872	0.04252	0.27198	0.10185	0.11802	0.08730	0.11667
1.00000	0.00034	0.00037	0.01160	0.00149	0.01209	0.00769	0.96446	0.00039	0.00086	0.00071
1.00000	0.00107	0.00023	0.00744	0.00469	0.93989	0.00905	0.00713	0.02143	0.00034	0.00873
1.00000	0.93408	0.00036	0.02918	0.01185	0.00128	0.01228	0.00459	0.00159	0.00292	0.00188
1.00000	0.00738	0.00634	0.00779	0.00815	0.04245	0.03089	0.00183	0.03466	0.53788	0.32263
1.00000	0.90264	0.00122	0.01144	0.00321	0.00249	0.01264	0.05931	0.00151	0.00446	0.00109
1.00000	0.00318	0.01374	0.00430	0.01887	0.04639	0.00489	0.00468	0.88908	0.00403	0.01085
1.00000	0.13560	0.00738	0.55817	0.06456	0.00366	0.09002	0.03714	0.03533	0.06723	0.00091
1.00000	0.04031	0.00929	0.01226	0.00996	0.04710	0.07453	0.01035	0.28256	0.39832	0.11532
1.00000	0.05429	0.02085	0.05344	0.24337	0.01076	0.07863	0.06179	0.03793	0.43231	0.00662
0.00000	0.16643	0.00596	0.07593	0.20830	0.02180	0.23189	0.08852	0.00178	0.18904	0.01034
1.00000	0.00275	0.00013	0.00053	0.00057	0.00157	0.00032	0.00004	0.99349	0.00010	0.00050
1.00000	0.03352	0.11682	0.36036	0.09750	0.00414	0.04840	0.02302	0.14722	0.15562	0.01340
1.00000	0.00185	0.00882	0.06873	0.01302	0.04963	0.01163	0.81125	0.00650	0.02509	0.00347
1.00000	0.87339	0.00090	0.02021	0.00102	0.01431	0.02296	0.02889	0.02621	0.00187	0.01024
1.00000	0.02493	0.03774	0.00956	0.01827	0.03179	0.73706	0.05806	0.00431	0.03520	0.04308
1.00000	0.01553	0.00347	0.03317	0.14631	0.00607	0.52863	0.00826	0.07440	0.17961	0.00456
1.00000	0.02842	0.00367	0.88441	0.02017	0.00342	0.00709	0.00801	0.00335	0.03726	0.00418
1.00000	0.02549	0.01018	0.00358	0.00780	0.01109	0.86871	0.04687	0.00876	0.01442	0.00309
1.00000	0.03682	0.64855	0.00731	0.04711	0.04017	0.01542	0.01867	0.08715	0.01870	0.08010
1.00000	0.00494	0.00139	0.03736	0.88162	0.00152	0.04418	0.00094	0.00760	0.01889	0.00158
1.00000	0.02390	0.02122	0.08402	0.00842	0.06650	0.00750	0.76559	0.01150	0.00320	0.00815
1.00000	0.06084	0.00253	0.09366	0.01439	0.65195	0.06052	0.06782	0.03111	0.00404	0.01315
1.00000	0.00488	0.11944	0.00429	0.02072	0.01690	0.00245	0.00826	0.74704	0.00728	0.06875
1.00000	0.00226	0.00064	0.00906	0.00057	0.95116	0.00863	0.00307	0.01767	0.00330	0.00362
1.00000	0.92864	0.00068	0.01059	0.01757	0.00189	0.01197	0.01323	0.00171	0.00555	0.00816
0.00000	0.04865	0.05275	0.26728	0.06686	0.00668	0.02053	0.00313	0.01360	0.51759	0.00293
1.00000	0.42304	0.01902	0.09340	0.02765	0.03722	0.00988	0.18761	0.15601	0.00733	0.03885
0.00000	0.06265	0.00728	0.32833	0.28775	0.00436	0.03174	0.01135	0.18453	0.06155	0.02046
1.00000	0.00785	0.00097	0.00703	0.00257	0.15569	0.01230	0.00584	0.04134	0.01640	0.75001
1.00000	0.05205	0.00934	0.79678	0.01341	0.01376	0.00590	0.01179	0.04168	0.05310	0.00219
1.00000	0.01596	0.00936	0.00339	0.09682	0.01729	0.72646	0.02763	0.00549	0.05206	0.04553
1.00000	0.37641	0.00250	0.37959	0.00737	0.01846	0.03065	0.14694	0.00628	0.02503	0.00676
0.00000	0.01064	0.01552	0.04930	0.00769	0.38113	0.08986	0.21902	0.03829	0.05772	0.13083
1.00000	0.00165	0.00422	0.02594	0.04561	0.14307	0.07755	0.00306	0.09577	0.13183	0.47130
1.00000	0.00146	0.00094	0.00110	0.00298	0.13011	0.00184	0.00052	0.06953	0.00293	0.78858
1.00000	0.01790	0.02995	0.11490	0.02567	0.06341	0.01520	0.66222	0.01511	0.02589	0.02976
1.00000	0.01080	0.00264	0.08472	0.03145	0.00817	0.03038	0.01191	0.00906	0.71642	0.09445
1.00000	0.16509	0.00075	0.75824	0.03037	0.00656	0.00348	0.01067	0.00329	0.02001	0.00153
1.00000	0.65190	0.00419	0.08253	0.01880	0.02815	0.03723	0.11808	0.02358	0.02991	0.00563
1.00000	0.02006	0.05358	0.01080	0.04391	0.00304	0.00931	0.00221	0.03043	0.80544	0.02122
1.00000	0.04050	0.00344	0.00108	0.04367	0.00714	0.88093	0.01067	0.00136	0.01023	0.00099
1.00000	0.00218	0.00127	0.00746	0.00423	0.83959	0.00448	0.01775	0.03453	0.00392	0.08460
1.00000	0.00222	0.00044	0.01006	0.00007	0.00176	0.00135	0.98312	0.00056	0.00024	0.00019
1.00000	0.01861	0.00379	0.01473	0.00084	0.56760	0.01871	0.02359	0.06197	0.02933	0.26084
1.00000	0.00303	0.00018	0.00089	0.00047	0.00065	0.00517	0.00004	0.98706	0.00107	0.00146
1.00000	0.05966	0.03984	0.00815	0.58436	0.00852	0.06768	0.00902	0.07818	0.07219	0.07241
1.00000	0.01039	0.00320	0.00368	0.00433	0.00415	0.03452	0.00073	0.00441	0.90090	0.03370
0.00000	0.00996	0.00615	0.26922	0.03727	0.00387	0.01201	0.00178	0.07296	0.57170	0.01507
1.00000	0.31473	0.00995	0.10409	0.00710	0.21406	0.01469	0.09644	0.13324	0.00771	0.09799
1.00000	0.01484	0.00675	0.01204	0.45531	0.05550	0.11145	0.01131	0.06559	0.21195	0.05527
1.00000	0.01177	0.01017	0.00684	0.00333	0.02781	0.07372	0.84046	0.00426	0.02120	0.00044
1.00000	0.00533	0.92932	0.01194	0.00037	0.02316	0.00056	0.00983	0.01302	0.00409	0.00239
1.00000	0.00916	0.00460	0.04336	0.73764	0.00310	0.09017	0.00251	0.01124	0.09455	0.00369
1.00000	0.14724	0.01506	0.07115	0.16826	0.00843	0.05824	0.01409	0.00710	0.45727	0.05318
1.00000	0.01901	0.01474	0.06767	0.05704	0.03030	0.03438	0.01719	0.01308	0.64818	0.09842
1.00000	0.02685	0.00286	0.00321	0.00221	0.04795	0.85105	0.03251	0.00132	0.00417	0.02786
0.00000	0.17298	0.02180	0.12432	0.17594	0.05077	0.12276	0.03096	0.04640	0.12567	0.12839
1.00000	0.10067	0.01414	0.04471	0.73142	0.00163	0.03115	0.01546	0.00265	0.04170	0.01647
0.00000	0.41816	0.03724	0.07429	0.40216	0.00192	0.01667	0.00866	0.01903	0.01948	0.00239
1.00000	0.01159	0.00159	0.00154	0.00458	0.77575	0.00795	0.02558	0.03076	0.03139	0.10928
1.00000	0.02111	0.03018	0.18153	0.41063	0.00787	0.02586	0.03046	0.02204	0.25756	0.01277
0.00000	0.00423	0.01791	0.54326	0.12619	0.02434	0.01651	0.02470	0.21800	0.01622	0.00862
1.00000	0.12402	0.00403	0.13333	0.05992	0.03244	0.03044	0.06697	0.05113	0.37094	0.12677
1.00000	0.00892	0.00296	0.11590	0.24276	0.03499	0.10031	0.00855	0.02258	0.45060	0.01243
1.00000	0.96119	0.00014	0.00255	0.00110	0.00104	0.01524	0.01577	0.00078	0.00145	0.00075
1.00000	0.02344	0.01304	0.00044	0.03439	0.00934	0.90389	0.00198	0.00194	0.00978	0.00176
1.00000	0.04289	0.00618	0.08254	0.82884	0.00200	0.00565	0.00531	0.00616	0.01880	0.00163
1.00000	0.00934	0.00256	0.07609	0.00015	0.74959	0.02376	0.02371	0.09297	0.00629	0.01555
1.00000	0.00729	0.08136	0.02925	0.00368	0.67337	0.04688	0.02313	0.05132	0.01494	0.06877
1.00000	0.00109	0.00072	0.00190	0.00597	0.10434	0.00163	0.00095	0.06177	0.03616	0.78546
1.00000	0.02996	0.01938	0.00679	0.00678	0.23713	0.10593	0.01038	0.21254	0.05517	0.31594
1.00000	0.04040	0.00526	0.17260	0.71162	0.00169	0.00798	0.01218	0.00855	0.02980	0.00991
1.00000	0.01604	0.00797	0.02203	0.01801	0.16188	0.02137	0.01286	0.13790	0.04626	0.55567
1.00000	0.01334	0.01041	0.00996	0.01074	0.06588	0.36141	0.02223	0.00501	0.40017	0.10085
1.00000	0.00034	0.00088	0.00020	0.00239	0.18882	0.00144	0.00254	0.02509	0.00539	0.77290
1.00000	0.02924	0.03089	0.00936	0.01223	0.05187	0.04527	0.01132	0.01418	0.69717	0.09847
1.00000	0.97083	0.00042	0.00121	0.00529	0.00284	0.00334	0.01295	0.00156	0.00043	0.00114
1.00000	0.00447	0.84149	0.04467	0.00190	0.01734	0.00595	0.00521	0.02527	0.02683	0.02687
0.00000	0.01104	0.00119	0.00591	0.35127	0.02433	0.02909	0.00262	0.01585	0.44804	0.11067
1.00000	0.91771	0.00035	0.01031	0.00578	0.00195	0.04832	0.00960	0.00081	0.00492	0.00025
1.00000	0.01131	0.00709	0.62141	0.00590	0.26938	0.00573	0.00804	0.05561	0.00302	0.01251
1.00000	0.00403	0.00171	0.00148	0.01019	0.08436	0.00244	0.00049	0.12975	0.08546	0.68009
1.00000	0.00023	0.00023	0.00004	0.00008	0.00346	0.00151	0.00005	0.98834	0.00012	0.00594
1.00000	0.03426	0.04244	0.03429	0.02906	0.01070	0.05401	0.14711	0.00544	0.61572	0.02697
1.00000	0.11677	0.00425	0.00588	0.01004	0.10072	0.05097	0.00901	0.62873	0.01627	0.05736
1.00000	0.98081	0.00058	0.00272	0.00219	0.00327	0.00135	0.00403	0.00060	0.00402	0.00043
1.00000	0.00229	0.01746	0.00015	0.00866	0.19939	0.00158	0.00100	0.09767	0.02846	0.64334
1.00000	0.02748	0.00586	0.10868	0.00849	0.04576	0.00404	0.73073	0.02691	0.03182	0.01023
1.00000	0.00125	0.05257	0.00198	0.00173	0.00665	0.00645	0.00538	0.89934	0.01106	0.01359
1.00000	0.00704	0.00100	0.00366	0.00059	0.84347	0.03636	0.00312	0.00896	0.00589	0.08992
1.00000	0.01368	0.00428	0.00072	0.00036	0.01871	0.00733	0.00161	0.88565	0.00311	0.06454
1.00000	0.01806	0.54942	0.07628	0.02080	0.08574	0.02127	0.02046	0.03353	0.14431	0.03014
1.00000	0.00069	0.00242	0.00156	0.00886	0.11307	0.01155	0.00128	0.05353	0.09301	0.71403
1.00000	0.06306	0.01853	0.47590	0.20832	0.01005	0.00930	0.04553	0.16127	0.00570	0.00234
1.00000	0.24390	0.00369	0.36991	0.17115	0.02244	0.03993	0.02819	0.03778	0.05550	0.02752
1.00000	0.00297	0.00656	0.70480	0.15187	0.00781	0.00186	0.09988	0.01358	0.00981	0.00085
1.00000	0.01483	0.92801	0.00173	0.00171	0.01081	0.00435	0.01155	0.01171	0.01008	0.00524
1.00000	0.00535	0.01232	0.05046	0.03953	0.01958	0.01621	0.00883	0.00220	0.83088	0.01464
1.00000	0.00706	0.00436	0.01354	0.87102	0.00699	0.00718	0.00135	0.00423	0.07462	0.00964
1.00000	0.00366	0.00015	0.00212	0.94285	0.00093	0.01108	0.00044	0.00700	0.03054	0.00122
1.00000	0.00038	0.00304	0.01634	0.84112	0.00213	0.00527	0.00014	0.02494	0.10577	0.00088
1.00000	0.01276	0.00025	0.00056	0.00031	0.00401	0.01703	0.00013	0.95970	0.00032	0.00494
1.00000	0.61225	0.00898	0.05126	0.17619	0.00742	0.03302	0.04821	0.05327	0.00437	0.00502
1.00000	0.17786	0.00622	0.09181	0.01041	0.16920	0.02274	0.04540	0.03193	0.11692	0.32751
1.00000	0.45332	0.00407	0.02357	0.00433	0.21022	0.02420	0.10990	0.08513	0.00890	0.07636
1.00000	0.04570	0.01258	0.00635	0.50690	0.00425	0.10444	0.02315	0.01125	0.24744	0.03793
1.00000	0.01327	0.93327	0.00258	0.00407	0.00347	0.00244	0.00666	0.01465	0.00941	0.01019
1.00000	0.02781	0.03894	0.01579	0.56843	0.00254	0.24775	0.01072	0.00826	0.06256	0.01719
1.00000	0.00961	0.02298	0.00077	0.00954	0.03963	0.07350	0.00326	0.81029	0.00160	0.02882
1.00000	0.02520	0.00068	0.00196	0.02206	0.00635	0.89136	0.02784	0.00093	0.01756	0.00607
1.00000	0.09510	0.37092	0.05034	0.02307	0.01221	0.37747	0.03415	0.00426	0.02978	0.00269
1.00000	0.03494	0.00577	0.01145	0.02248	0.01852	0.03746	0.00147	0.03010	0.74603	0.09177
1.00000	0.00955	0.04544	0.01059	0.01455	0.05291	0.00412	0.00229	0.83462	0.00193	0.02400
1.00000	0.01757	0.00213	0.03474	0.09570	0.01093	0.04832	0.01321	0.07985	0.58975	0.10780
1.00000	0.00149	0.04004	0.00273	0.00337	0.77990	0.00460	0.01109	0.02670	0.03370	0.09637
1.00000	0.11408	0.00666	0.00256	0.04476	0.00854	0.75979	0.01106	0.00146	0.04069	0.01040
1.00000	0.01814	0.00132	0.03714	0.00035	0.89252	0.02243	0.01605	0.00343	0.00084	0.00778
1.00000	0.01033	0.00664	0.78076	0.01553	0.09453	0.00442	0.03510	0.04004	0.01149	0.00116
1.00000	0.00566	0.04101	0.00110	0.00467	0.16813	0.00335	0.00524	0.07494	0.10200	0.59389
1.00000	0.01194	0.90671	0.00335	0.00105	0.02390	0.00140	0.00704	0.03988	0.00186	0.00286
1.00000	0.00295	0.00208	0.00881	0.00122	0.78222	0.04259	0.00596	0.05234	0.00204	0.09978
1.00000	0.01008	0.01532	0.02056	0.09536	0.00279	0.09070	0.00207	0.01312	0.72027	0.02973
1.00000	0.00069	0.00079	0.00012	0.00219	0.13267	0.00100	0.00023	0.02883	0.00493	0.82855
1.00000	0.14104	0.01827	0.00460	0.05012	0.01137	0.43110	0.00144	0.09412	0.21853	0.02941
0.00000	0.02792	0.15071	0.01044	0.11468	0.17295	0.21410	0.03901	0.14916	0.02214	0.09889
1.00000	0.00105	0.00229	0.00063	0.00261	0.00133	0.00658	0.00021	0.00185	0.92475	0.05869
1.00000	0.03598	0.01133	0.13253	0.21071	0.00811	0.02270	0.04197	0.00617	0.52646	0.00403
1.00000	0.92262	0.00200	0.01635	0.01190	0.00623	0.00463	0.01793	0.00797	0.00469	0.00567
1.00000	0.00563	0.00648	0.03316	0.06713	0.10263	0.44968	0.19481	0.01712	0.11048	0.01287
1.00000	0.14338	0.03367	0.40712	0.12263	0.03505	0.02205	0.04192	0.04560	0.13752	0.01106
1.00000	0.07566	0.00301	0.00277	0.00987	0.02579	0.15839	0.68260	0.00215	0.03672	0.00304
1.00000	0.02761	0.01046	0.13513	0.05449	0.01039	0.02801	0.00290	0.63949	0.07969	0.01183
1.00000	0.00922	0.05688	0.00579	0.55913	0.01902	0.11178	0.00547	0.07215	0.08134	0.07922
1.00000	0.00036	0.00031	0.00106	0.00697	0.14646	0.00303	0.00232	0.06888	0.02421	0.74641
1.00000	0.00135	0.00098	0.96573	0.01126	0.00170	0.00135	0.00243	0.00292	0.01193	0.00033
1.00000	0.00869	0.00543	0.00704	0.04661	0.00206	0.00842	0.00090	0.00591	0.90787	0.00707
1.00000	0.03737	0.01948	0.01681	0.00756	0.09526	0.62058	0.08287	0.01989	0.05141	0.04876
0.00000	0.04238	0.00941	0.13662	0.08668	0.14973	0.03562	0.07088	0.20474	0.17132	0.09263
1.00000	0.00102	0.01158	0.00487	0.00801	0.11843	0.01228	0.00089	0.09992	0.01552	0.72748
1.00000	0.00140	0.00323	0.92324	0.00417	0.00237	0.01007	0.00522	0.04092	0.00824	0.00114
1.00000	0.00664	0.00185	0.04239	0.00468	0.04586	0.00160	0.87958	0.00709	0.00700	0.00332
1.00000	0.00298	0.00073	0.00341	0.00543	0.22603	0.00083	0.00068	0.10750	0.01019	0.64222
1.00000	0.00183	0.00752	0.68868	0.01500	0.04008	0.02020	0.07094	0.13022	0.00418	0.02135
1.00000	0.97896	0.00023	0.00800	0.00313	0.00076	0.00525	0.00090	0.00085	0.00139	0.00054
1.00000	0.03974	0.18714	0.03069	0.02338	0.08993	0.12843	0.47031	0.00157	0.01792	0.01089
0.00000	0.03735	0.00556	0.03163	0.11720	0.01275	0.06804	0.01504	0.02684	0.66467	0.02093
1.00000	0.81169	0.00187	0.01263	0.00391	0.02522	0.01335	0.05151	0.03095	0.04813	0.00074
1.00000	0.21383	0.02304	0.06852	0.00582	0.01686	0.18520	0.46356	0.00931	0.01130	0.00255
1.00000	0.48746	0.00754	0.02945	0.02699	0.01079	0.20978	0.00776	0.16955	0.00661	0.04407
1.00000	0.01542	0.08405	0.02836	0.57064	0.00346	0.12235	0.10075	0.01119	0.06164	0.00216
1.00000	0.00368	0.01993	0.76475	0.02378	0.00406	0.00673	0.04926	0.11332	0.01148	0.00300
1.00000	0.00099	0.00071	0.00556	0.00082	0.00442	0.00258	0.98317	0.00051	0.00064	0.00060
1.00000	0.01725	0.02958	0.01537	0.02689	0.04233	0.10442	0.02493	0.26346	0.01580	0.45996
1.00000	0.00404	0.00237	0.00044	0.01022	0.00408	0.00042	0.00014	0.96522	0.00018	0.01288
1.00000	0.00262	0.00041	0.00318	0.00247	0.07260	0.00077	0.00141	0.16553	0.00283	0.74817
1.00000	0.75407	0.00739	0.04278	0.01312	0.01287	0.07653	0.00331	0.00839	0.06055	0.02100
1.00000	0.02894	0.00106	0.00313	0.00792	0.11073	0.00237	0.00136	0.19678	0.01664	0.63108
0.00000	0.31098	0.00391	0.05706	0.38391	0.00678	0.02799	0.03028	0.00230	0.15702	0.01978
1.00000	0.01945	0.00075	0.06459	0.02651	0.00711	0.01776	0.00506	0.04589	0.53466	0.27823
1.00000	0.00199	0.00263	0.18932	0.00067	0.19319	0.00640	0.57862	0.01947	0.00317	0.00456
1.00000	0.00100	0.00174	0.00092	0.01570	0.04886	0.00602	0.00585	0.89564	0.00407	0.02020
1.00000	0.13923	0.00607	0.00468	0.07990	0.00705	0.68787	0.02740	0.00385	0.03812	0.00582
1.00000	0.90752	0.00109	0.02828	0.00346	0.00180	0.01983	0.00680	0.00325	0.02459	0.00338
1.00000	0.01700	0.92376	0.01215	0.00089	0.01251	0.00193	0.01273	0.01248	0.00521	0.00132
0.00000	0.44570	0.02556	0.04394	0.16423	0.01500	0.18044	0.04802	0.01774	0.03810	0.02126
1.00000	0.03797	0.00212	0.77152	0.00591	0.07864	0.01356	0.01250	0.04891	0.00732	0.02154
1.00000	0.05313	0.00041	0.00711	0.02244	0.00945	0.80682	0.00446	0.00305	0.08975	0.00339
1.00000	0.02093	0.00316	0.04210	0.02533	0.65373	0.01338	0.01382	0.11455	0.02450	0.08850
1.00000	0.00094	0.00674	0.00409	0.00546	0.11262	0.00178	0.00258	0.85614	0.00084	0.00882
1.00000	0.05081	0.00720	0.43057	0.19828	0.01773	0.00973	0.02256	0.08709	0.16764	0.00840
1.00000	0.00378	0.00117	0.07087	0.04903	0.03550	0.02135	0.04094	0.01330	0.75312	0.01093
1.00000	0.00212	0.00044	0.00346	0.00023	0.00212	0.00253	0.98561	0.00027	0.00296	0.00027
1.00000	0.04275	0.01064	0.07697	0.00489	0.05856	0.00508	0.47601	0.01022	0.21480	0.10007
1.00000	0.02754	0.93034	0.01416	0.00019	0.00397	0.00237	0.00406	0.01442	0.00108	0.00187
0.00000	0.58292	0.00224	0.16919	0.06787	0.05793	0.02393	0.00681	0.02019	0.06106	0.00785
1.00000	0.00037	0.00067	0.00010	0.00148	0.00056	0.00152	0.00011	0.99169	0.00070	0.00279
1.00000	0.02670	0.01906	0.61419	0.02735	0.13352	0.00343	0.02254	0.10071	0.00799	0.04450
0.00000	0.15742	0.00298	0.15023	0.29332	0.01092	0.05180	0.02327	0.00990	0.28920	0.01096
1.00000	0.10858	0.00470	0.05271	0.10336	0.05122	0.40526	0.06182	0.05787	0.13969	0.01478
1.00000	0.00107	0.00034	0.00010	0.00040	0.01125	0.00050	0.00014	0.98129	0.00211	0.00278
1.00000	0.11270	0.00419	0.01047	0.06759	0.01225	0.09067	0.67776	0.00621	0.01046	0.00770
1.00000	0.90467	0.00175	0.03346	0.02538	0.00418	0.00347	0.01689	0.00475	0.00370	0.00174
1.00000	0.01254	0.00521	0.00954	0.63541	0.02185	0.14170	0.01399	0.00359	0.12060	0.03556
1.00000	0.00083	0.00041	0.00066	0.00169	0.87782	0.00047	0.00175	0.03458	0.00803	0.07376
1.00000	0.01454	0.00158	0.93063	0.01994	0.01015	0.00332	0.00776	0.00363	0.00805	0.00040
1.00000	0.08078	0.00824	0.03903	0.01800	0.47240	0.03488	0.04347	0.03862	0.11632	0.14828
1.00000	0.01902	0.01192	0.05869	0.11315	0.00667	0.66547	0.00654	0.00748	0.10460	0.00645
1.00000	0.02081	0.82320	0.00640	0.00252	0.01850	0.00624	0.09728	0.00352	0.01586	0.00565
1.00000	0.00163	0.03570	0.00853	0.01763	0.15480	0.04123	0.00343	0.65690	0.00822	0.07194
1.00000	0.00834	0.01246	0.19005	0.01991	0.07770	0.05356	0.05315	0.01732	0.55612	0.01138
1.00000	0.71608	0.00692	0.12839	0.03216	0.03107	0.00527	0.05489	0.00705	0.01445	0.00373
1.00000	0.02591	0.92787	0.00386	0.00145	0.00568	0.00298	0.00343	0.01246	0.00862	0.00775
1.00000	0.03094	0.00316	0.03903	0.00454	0.81827	0.01278	0.01918	0.05707	0.00192	0.01310
1.00000	0.00161	0.00070	0.00851	0.00976	0.86318	0.00422	0.00700	0.09497	0.00227	0.00778
1.00000	0.10417	0.01383	0.00218	0.02087	0.05283	0.65696	0.00297	0.00771	0.09947	0.03902
1.00000	0.01497	0.01231	0.00317	0.05155	0.02599	0.57934	0.00332	0.14577	0.13511	0.02848
1.00000	0.00112	0.00028	0.00368	0.00409	0.12911	0.00163	0.00164	0.05042	0.00850	0.79954
1.00000	0.81823	0.00297	0.02834	0.01579	0.02300	0.02215	0.01626	0.02907	0.01725	0.02695
1.00000	0.01000	0.00391	0.95309	0.00206	0.00240	0.00054	0.01091	0.00229	0.01447	0.00033
1.00000	0.02752	0.80666	0.00416	0.02445	0.03431	0.00885	0.02003	0.01538	0.03638	0.02225
1.00000	0.00309	0.00039	0.05793	0.00077	0.86158	0.00384	0.03651	0.02839	0.00176	0.00573
1.00000	0.91841	0.00252	0.01117	0.00461	0.02609	0.00856	0.00997	0.00737	0.00796	0.00334
1.00000	0.00079	0.00291	0.00437	0.00151	0.00113	0.00318	0.00023	0.98372	0.00010	0.00208
1.00000	0.03342	0.04616	0.07497	0.05042	0.12989	0.03348	0.13206	0.09418	0.30703	0.09839
1.00000	0.05336	0.00524	0.00215	0.20469	0.09120	0.22663	0.01223	0.08163	0.10361	0.21923
1.00000	0.05835	0.16354	0.00423	0.00738	0.03034	0.10584	0.00232	0.20965	0.26371	0.15464
1.00000	0.01581	0.01191	0.03841	0.00235	0.23260	0.04271	0.00810	0.06475	0.05479	0.52857
0.00000	0.11846	0.00404	0.01231	0.26003	0.04724	0.23726	0.03963	0.00809	0.23982	0.03312
0.00000	0.05266	0.13109	0.00396	0.22624	0.04640	0.08093	0.14096	0.02610	0.25601	0.03565
1.00000	0.01752	0.00134	0.00848	0.00212	0.91792	0.00262	0.00396	0.03154	0.00228	0.01222
1.00000	0.00122	0.00202	0.00431	0.00871	0.03841	0.00232	0.00228	0.86750	0.00220	0.07103
1.00000	0.02757	0.84786	0.01757	0.00308	0.01894	0.00064	0.00562	0.06461	0.00480	0.00932
1.00000	0.02009	0.01878	0.00298	0.00072	0.02610	0.00769	0.00416	0.89486	0.00498	0.01964
1.00000	0.00488	0.06130	0.02538	0.00750	0.01623	0.01362	0.00200	0.80695	0.03164	0.03050
1.00000	0.06458	0.10959	0.51464	0.10572	0.00490	0.02509	0.08131	0.03998	0.05153	0.00267
1.00000	0.00037	0.00053	0.98965	0.00222	0.00014	0.00006	0.00164	0.00479	0.00054	0.00004
1.00000	0.02085	0.93345	0.00525	0.00041	0.00403	0.00217	0.00577	0.02278	0.00115	0.00415
1.00000	0.01716	0.92078	0.00582	0.00061	0.01007	0.00088	0.00973	0.02763	0.00348	0.00383
1.00000	0.00280	0.00489	0.00212	0.00630	0.23408	0.01132	0.00325	0.02637	0.01826	0.69062
1.00000	0.03653	0.89734	0.01613	0.00033	0.00564	0.00819	0.00861	0.02465	0.00115	0.00143
1.00000	0.63573	0.01662	0.01403	0.01110	0.06760	0.03329	0.11726	0.06968	0.00326	0.03144
1.00000	0.00370	0.00041	0.00735	0.00730	0.00038	0.00725	0.00022	0.00066	0.96354	0.00920
1.00000	0.94373	0.00037	0.01109	0.00156	0.00100	0.00752	0.01751	0.00179	0.01113	0.00430
1.00000	0.00049	0.00007	0.00242	0.00033	0.99267	0.00135	0.00091	0.00113	0.00008	0.00055
1.00000	0.00723	0.02331	0.00324	0.02264	0.71621	0.00515	0.01842	0.02297	0.04970	0.13113
1.00000	0.19160	0.00259	0.59561	0.05711	0.06078	0.00324	0.07279	0.00385	0.01172	0.00071
1.00000	0.02711	0.00081	0.03160	0.81695	0.00164	0.02046	0.00751	0.00619	0.07888	0.00886
1.00000	0.00134	0.00029	0.00040	0.00140	0.00160	0.01011	0.00007	0.97547	0.00041	0.00892
1.00000	0.94434	0.00093	0.01414	0.00579	0.00146	0.00876	0.01545	0.00569	0.00096	0.00249
1.00000	0.00037	0.00028	0.00609	0.00009	0.00024	0.00299	0.98805	0.00006	0.00168	0.00016
1.00000	0.00214	0.00370	0.02776	0.01007	0.83422	0.01991	0.00398	0.05351	0.00982	0.03487
1.00000	0.00167	0.01083	0.00137	0.05664	0.01729	0.00090	0.00109	0.89797	0.00490	0.00733
1.00000	0.07413	0.02279	0.09365	0.11514	0.02967	0.00851	0.00410	0.03001	0.55322	0.06879
1.00000	0.01782	0.92106	0.00704	0.00045	0.00884	0.00445	0.01197	0.01069	0.00701	0.01064
1.00000	0.02863	0.07076	0.05182	0.30356	0.02524	0.10491	0.02006	0.03765	0.25162	0.10574
1.00000	0.00923	0.01196	0.00880	0.52379	0.00134	0.00748	0.00071	0.04878	0.36844	0.01947
1.00000	0.01649	0.01573	0.85040	0.02379	0.00263	0.00505	0.01499	0.00115	0.05798	0.01179
1.00000	0.01501	0.00777	0.77948	0.00210	0.00620	0.00642	0.15064	0.00216	0.02820	0.00202
0.00000	0.12670	0.01878	0.23690	0.22052	0.00869	0.00971	0.00747	0.02805	0.33883	0.00435
1.00000	0.94540	0.00085	0.01173	0.00615	0.00149	0.02405	0.00432	0.00062	0.00486	0.00052
1.00000	0.01582	0.00259	0.84027	0.00393	0.02244	0.00271	0.07833	0.01522	0.01197	0.00671
1.00000	0.04787	0.00656	0.01692	0.83542	0.00153	0.07038	0.00317	0.00654	0.00469	0.00693
1.00000	0.04338	0.00724	0.12159	0.05207	0.00912	0.11437	0.06168	0.03825	0.54601	0.00628
1.00000	0.01163	0.00166	0.09816	0.00105	0.00501	0.00357	0.87067	0.00393	0.00199	0.00233
1.00000	0.00323	0.00505	0.00206	0.00301	0.02141	0.04109	0.00053	0.08854	0.01953	0.81555
0.00000	0.04892	0.09405	0.02313	0.15794	0.04362	0.14121	0.00539	0.32278	0.08754	0.07541
1.00000	0.00352	0.02279	0.12651	0.04309	0.21510	0.01578	0.51072	0.02729	0.00633	0.02888
1.00000	0.05417	0.00334	0.00292	0.03342	0.00157	0.02141	0.00068	0.00797	0.86099	0.01352
1.00000	0.01253	0.00091	0.05089	0.02763	0.01089	0.80179	0.00849	0.00155	0.08496	0.00037
1.00000	0.01101	0.02054	0.20257	0.03910	0.26965	0.01312	0.18574	0.00628	0.22962	0.02239
1.00000	0.00604	0.00157	0.02330	0.00218	0.28436	0.01122	0.01412	0.06209	0.02676	0.56833
1.00000	0.00438	0.00704	0.00039	0.00397	0.04281	0.03116	0.00073	0.86650	0.00087	0.04214
1.00000	0.02481	0.27074	0.45175	0.01867	0.00332	0.03062	0.11545	0.00367	0.07782	0.00315
1.00000	0.00058	0.00166	0.00042	0.00147	0.00406	0.00104	0.00008	0.98700	0.00013	0.00356
1.00000	0.04327	0.00183	0.10265	0.02769	0.00352	0.00805	0.00507	0.02222	0.72977	0.05593
0.00000	0.00743	0.00257	0.00455	0.25820	0.01684	0.11562	0.00122	0.01315	0.52713	0.05328
1.00000	0.12165	0.00344	0.04899	0.07083	0.01498	0.61372	0.04034	0.00565	0.07753	0.00287
1.00000	0.65556	0.00945	0.02916	0.00930	0.03096	0.02488	0.12284	0.02076	0.05972	0.03737
1.00000	0.01048	0.08108	0.15527	0.07994	0.01262	0.00246	0.00220	0.43385	0.19184	0.03024
1.00000	0.00508	0.00255	0.00478	0.00239	0.86138	0.00311	0.00207	0.01584	0.00597	0.09683
1.00000	0.01456	0.00114	0.01954	0.00818	0.09074	0.00236	0.00567	0.05756	0.04484	0.75540
1.00000	0.06186	0.03625	0.04264	0.45531	0.05320	0.17763	0.01136	0.01152	0.13073	0.01950
1.00000	0.07243	0.00195	0.00509	0.18433	0.00876	0.61722	0.00263	0.00842	0.09414	0.00501
1.00000	0.00166	0.00047	0.00674	0.00203	0.94103	0.01941	0.00341	0.01609	0.00400	0.00517
1.00000	0.08777	0.02003	0.19578	0.38529	0.02310	0.03526	0.17228	0.01383	0.06110	0.00556
1.00000	0.89748	0.00146	0.01628	0.02920	0.00331	0.02243	0.01280	0.00524	0.00767	0.00414
1.00000	0.00999	0.02562	0.78624	0.10702	0.00295	0.00360	0.02842	0.02381	0.01135	0.00099
1.00000	0.04682	0.00385	0.18756	0.00746	0.26524	0.00706	0.11193	0.02448	0.00570	0.33990
1.00000	0.21308	0.02784	0.02060	0.59279	0.00817	0.04726	0.03483	0.02363	0.02511	0.00670
1.00000	0.02099	0.93860	0.01261	0.00014	0.00470	0.00137	0.00594	0.01161	0.00154	0.00250
1.00000	0.06371	0.00556	0.05762	0.00501	0.01446	0.05793	0.78196	0.00297	0.00802	0.00275
1.00000	0.00121	0.00111	0.00008	0.00310	0.13223	0.00119	0.00049	0.04056	0.00369	0.81635
1.00000	0.02601	0.83860	0.00448	0.00213	0.03197	0.00233	0.00484	0.04316	0.00517	0.04132
1.00000	0.00298	0.00289	0.00017	0.01182	0.12328	0.00167	0.00052	0.10390	0.01113	0.74163
1.00000	0.06285	0.02925	0.03566	0.72871	0.00347	0.09222	0.02075	0.00472	0.01870	0.00369
0.00000	0.59687	0.00978	0.15866	0.08572	0.00236	0.03941	0.04065	0.04552	0.01788	0.00316
1.00000	0.01584	0.00426	0.02717	0.00224	0.75332	0.00904	0.08746	0.03250	0.01173	0.05643
1.00000	0.00148	0.00164	0.00139	0.00085	0.78027	0.01118	0.00116	0.05156	0.00101	0.14945
1.00000	0.07959	0.06396	0.05001	0.65096	0.00611	0.05507	0.00317	0.03229	0.05599	0.00285
1.00000	0.91309	0.00258	0.00334	0.00819	0.00320	0.01601	0.00661	0.01060	0.01426	0.02211
1.00000	0.06948	0.00259	0.01758	0.00612	0.80072	0.00834	0.05081	0.02279	0.00549	0.01608
1.00000	0.03293	0.00037	0.00759	0.00036	0.88162	0.03638	0.01053	0.01222	0.00089	0.01710
1.00000	0.02744	0.85779	0.00350	0.00464	0.02562	0.01569	0.01398	0.03330	0.01386	0.00417
1.00000	0.03633	0.00442	0.00386	0.43066	0.01602	0.12156	0.01262	0.05017	0.21624	0.10811
1.00000	0.68154	0.00715	0.06813	0.04282	0.02174	0.01417	0.08440	0.02709	0.02591	0.02705
1.00000	0.00235	0.00109	0.00069	0.01266	0.07374	0.02485	0.00129	0.08557	0.00886	0.78891
1.00000	0.00172	0.00208	0.00104	0.00385	0.26768	0.00189	0.00222	0.00448	0.01850	0.69654
1.00000	0.02676	0.18635	0.05776	0.00902	0.02797	0.14569	0.52777	0.00234	0.01381	0.00253
1.00000	0.00712	0.02148	0.12840	0.05186	0.01013	0.01205	0.01797	0.00303	0.74602	0.00192
1.00000	0.00630	0.05289	0.52116	0.18272	0.00896	0.02443	0.00960	0.16031	0.02992	0.00372
0.00000	0.00595	0.02952	0.00557	0.13830	0.10902	0.25673	0.02656	0.13070	0.04102	0.25663
1.00000	0.00461	0.11588	0.00288	0.00381	0.25348	0.01588	0.00606	0.52854	0.00663	0.06223
1.00000	0.09530	0.00388	0.07357	0.15607	0.00662	0.47261	0.10365	0.00176	0.08346	0.00309
1.00000	0.00268	0.01140	0.12341	0.05456	0.08241	0.01522	0.05458	0.53047	0.04365	0.08161
1.00000	0.05442	0.02899	0.00753	0.01476	0.01998	0.01310	0.00279	0.00663	0.79546	0.05634
1.00000	0.02832	0.01731	0.00997	0.01169	0.12763	0.00873	0.01518	0.06068	0.15205	0.56844
1.00000	0.01980	0.00379	0.75285	0.02277	0.05113	0.02060	0.02741	0.01435	0.07315	0.01416
1.00000	0.12390	0.00342	0.02693	0.00239	0.03249	0.75967	0.01731	0.00578	0.01946	0.00865
1.00000	0.00988	0.00076	0.90508	0.02505	0.01970	0.00477	0.00917	0.01183	0.00149	0.01228
1.00000	0.04129	0.00830	0.00594	0.71874	0.02241	0.12019	0.01102	0.03014	0.03903	0.00294
1.00000	0.04753	0.00472	0.06133	0.01422	0.02290	0.09574	0.02242	0.05118	0.60771	0.07226
1.00000	0.06953	0.00204	0.34129	0.20699	0.00883	0.02012	0.01036	0.00795	0.31637	0.01653
1.00000	0.00680	0.00698	0.02837	0.73113	0.00080	0.02184	0.00284	0.02066	0.17802	0.00256
1.00000	0.00213	0.00286	0.00943	0.00416	0.13919	0.01364	0.00128	0.05159	0.08809	0.68762
1.00000	0.00018	0.00015	0.00228	0.00006	0.00075	0.00111	0.99354	0.00056	0.00081	0.00056
1.00000	0.00126	0.02250	0.00039	0.01233	0.01048	0.00168	0.00045	0.91752	0.00061	0.03278
1.00000	0.93233	0.00133	0.01364	0.00580	0.01197	0.00898	0.01843	0.00126	0.00566	0.00059
1.00000	0.85157	0.00664	0.00666	0.00934	0.00232	0.06932	0.03374	0.01502	0.00238	0.00302
1.00000	0.02831	0.00786	0.01609	0.00876	0.09683	0.76900	0.02134	0.02999	0.01111	0.01070
1.00000	0.07186	0.00282	0.65537	0.02656	0.00376	0.01333	0.19832	0.02169	0.00502	0.00127
1.00000	0.05703	0.00173	0.14469	0.75806	0.00105	0.01079	0.01275	0.00413	0.00932	0.00046
1.00000	0.00540	0.01001	0.65763	0.03197	0.04139	0.02571	0.04746	0.06308	0.06516	0.05220
1.00000	0.01422	0.00076	0.00404	0.00177	0.02302	0.84892	0.00730	0.00186	0.05535	0.04276
1.00000	0.01589	0.86610	0.00269	0.00334	0.01067	0.04911	0.01819	0.02191	0.00416	0.00794
1.00000	0.77237	0.02520	0.04090	0.00400	0.04576	0.00495	0.06968	0.00512	0.01196	0.02006
1.00000	0.01614	0.01158	0.22923	0.16853	0.00184	0.00578	0.00205	0.50138	0.05965	0.00381
1.00000	0.01464	0.01333	0.02192	0.01403	0.01599	0.00543	0.00692	0.00273	0.88832	0.01671
0.00000	0.00276	0.00470	0.00396	0.00200	0.35992	0.00386	0.00591	0.03782	0.01424	0.56484
1.00000	0.03004	0.00228	0.00590	0.00091	0.74648	0.02946	0.02168	0.04226	0.00445	0.11654
1.00000	0.01150	0.01788	0.51130	0.16389	0.00595	0.00811	0.00909	0.03644	0.23415	0.00168
1.00000	0.00531	0.00968	0.84958	0.01419	0.02179	0.00168	0.05919	0.00217	0.03420	0.00219
1.00000	0.00232	0.02666	0.05278	0.25102	0.09428	0.13185	0.01346	0.03957	0.35806	0.03000
