1.00000	0.00206	0.90584	0.00570	0.00143	0.01845	0.04211	0.00286	0.01063	0.00762	0.00330
1.00000	0.00033	0.00112	0.00330	0.01547	0.01084	0.00028	0.00419	0.95829	0.00242	0.00376
1.00000	0.92036	0.00173	0.02296	0.00682	0.00150	0.01455	0.01513	0.00420	0.00968	0.00307
1.00000	0.00217	0.00221	0.00168	0.01436	0.00224	0.84512	0.00113	0.00326	0.08788	0.03994
1.00000	0.00047	0.00882	0.01315	0.00233	0.79583	0.02866	0.03837	0.04264	0.00150	0.06823
1.00000	0.00506	0.04112	0.01029	0.01164	0.17223	0.09327	0.01425	0.32158	0.02905	0.30151
1.00000	0.00102	0.00015	0.00023	0.02935	0.00136	0.95981	0.00127	0.00051	0.00419	0.00211
1.00000	0.26398	0.00673	0.44332	0.01405	0.08882	0.02772	0.13741	0.00615	0.00276	0.00906
0.00000	0.00122	0.00621	0.00550	0.03655	0.14373	0.01363	0.01714	0.16794	0.00719	0.60090
1.00000	0.04233	0.02391	0.02536	0.01392	0.33096	0.06603	0.00608	0.03771	0.04548	0.40822
1.00000	0.00162	0.91205	0.02034	0.00604	0.00873	0.00313	0.00193	0.00725	0.01817	0.02074
1.00000	0.00077	0.00073	0.97360	0.00033	0.00392	0.00720	0.01247	0.00042	0.00042	0.00015
1.00000	0.00395	0.05290	0.01370	0.01111	0.56988	0.04271	0.01416	0.01270	0.01396	0.26494
1.00000	0.00083	0.89525	0.00701	0.00585	0.00770	0.02737	0.00246	0.01726	0.02492	0.01135
1.00000	0.00291	0.75244	0.01186	0.04325	0.00177	0.05158	0.00499	0.06050	0.06097	0.00972
1.00000	0.00613	0.00962	0.10980	0.30910	0.04627	0.14802	0.02270	0.10263	0.09188	0.15386
1.00000	0.00062	0.90951	0.00499	0.00194	0.00409	0.00684	0.00339	0.01372	0.00941	0.04549
1.00000	0.01764	0.00152	0.00225	0.00722	0.00788	0.10918	0.77903	0.00247	0.07171	0.00109
1.00000	0.00022	0.00403	0.00494	0.00060	0.88608	0.00854	0.00287	0.00381	0.01106	0.07784
1.00000	0.00142	0.00096	0.00812	0.00797	0.15932	0.01888	0.00395	0.10217	0.05051	0.64671
1.00000	0.03779	0.00223	0.02448	0.83831	0.00184	0.03843	0.00971	0.00144	0.04175	0.00403
1.00000	0.00294	0.00240	0.00398	0.01115	0.61133	0.00424	0.01773	0.01149	0.01721	0.31753
1.00000	0.00015	0.00031	0.00086	0.00189	0.05212	0.00198	0.01433	0.00655	0.00197	0.91984
1.00000	0.05235	0.01655	0.02621	0.12616	0.00821	0.00455	0.00735	0.00802	0.70717	0.04344
1.00000	0.00123	0.00078	0.00941	0.00326	0.01925	0.01908	0.00204	0.04114	0.12242	0.78139
1.00000	0.65685	0.00511	0.06100	0.01279	0.00406	0.08044	0.13687	0.00900	0.02944	0.00446
1.00000	0.00117	0.00040	0.00124	0.00736	0.03802	0.00626	0.00377	0.77657	0.01038	0.15483
1.00000	0.06070	0.00049	0.08129	0.00400	0.00270	0.01961	0.79247	0.00567	0.02382	0.00925
1.00000	0.00756	0.00622	0.11064	0.01018	0.08316	0.21159	0.05995	0.02369	0.45803	0.02897
1.00000	0.00189	0.00018	0.00126	0.00006	0.00186	0.00598	0.98688	0.00057	0.00104	0.00028
1.00000	0.01399	0.64322	0.05897	0.03290	0.00820	0.02025	0.01084	0.05770	0.14196	0.01198
1.00000	0.05415	0.00189	0.02827	0.84004	0.00310	0.05642	0.00093	0.00360	0.01133	0.00028
1.00000	0.00659	0.86622	0.04651	0.01008	0.00129	0.02026	0.01801	0.00223	0.02714	0.00168
1.00000	0.03343	0.00505	0.08701	0.03043	0.58793	0.02735	0.03055	0.02996	0.04085	0.12744
1.00000	0.00055	0.00130	0.00613	0.00018	0.00701	0.01556	0.96201	0.00053	0.00392	0.00281
1.00000	0.00293	0.14393	0.67441	0.05060	0.01040	0.00773	0.05525	0.00925	0.03690	0.00860
1.00000	0.00411	0.01531	0.00486	0.03984	0.20353	0.19794	0.03618	0.03568	0.42684	0.03569
1.00000	0.83441	0.00623	0.03764	0.01006	0.00358	0.00646	0.04928	0.03031	0.00541	0.01661
1.00000	0.00380	0.11147	0.02203	0.00950	0.34882	0.12552	0.01394	0.09328	0.01047	0.26116
1.00000	0.01120	0.00167	0.50541	0.07162	0.00430	0.01135	0.01150	0.03290	0.23468	0.11538
1.00000	0.17583	0.00799	0.05764	0.50987	0.00868	0.10141	0.02216	0.00366	0.11111	0.00165
1.00000	0.00458	0.00165	0.90429	0.04154	0.00129	0.00240	0.00180	0.01348	0.02803	0.00094
1.00000	0.99213	0.00032	0.00122	0.00042	0.00015	0.00089	0.00174	0.00012	0.00193	0.00110
1.00000	0.01374	0.01629	0.06560	0.06922	0.14007	0.00716	0.01856	0.01838	0.03010	0.62088
1.00000	0.06182	0.01991	0.51258	0.13382	0.00600	0.02169	0.01803	0.00296	0.21925	0.00394
1.00000	0.00069	0.91278	0.00634	0.00197	0.02997	0.02859	0.00176	0.00279	0.01132	0.00380
1.00000	0.00213	0.00379	0.09066	0.72570	0.00118	0.03996	0.01584	0.03416	0.08256	0.00403
1.00000	0.00168	0.01792	0.10026	0.76270	0.00715	0.01392	0.00369	0.06716	0.02239	0.00314
0.00000	0.00143	0.00956	0.00405	0.43501	0.00059	0.03829	0.00005	0.00154	0.46774	0.04174
1.00000	0.02150	0.02131	0.05389	0.09019	0.02505	0.64658	0.03840	0.01429	0.07217	0.01663
0.00000	0.00753	0.00490	0.12223	0.01774	0.27220	0.05130	0.04844	0.01867	0.27363	0.18337
1.00000	0.04273	0.00111	0.00818	0.01743	0.00509	0.02523	0.87922	0.00101	0.01527	0.00472
1.00000	0.00448	0.08474	0.01284	0.09014	0.00389	0.01010	0.00101	0.66688	0.02868	0.09723
1.00000	0.02792	0.00235	0.01629	0.01899	0.02435	0.01934	0.00578	0.83281	0.01564	0.03654
1.00000	0.03012	0.00201	0.00802	0.08089	0.00364	0.80401	0.00508	0.00677	0.05522	0.00423
1.00000	0.00233	0.02278	0.04546	0.00558	0.11184	0.02139	0.01344	0.05212	0.05659	0.66848
1.00000	0.00770	0.00239	0.01948	0.00162	0.66368	0.02953	0.02513	0.03480	0.04270	0.17298
1.00000	0.00382	0.03971	0.04983	0.00921	0.62790	0.05631	0.05363	0.05874	0.00988	0.09096
1.00000	0.86059	0.01391	0.01923	0.03369	0.00386	0.02007	0.02218	0.00498	0.01221	0.00928
1.00000	0.01391	0.03286	0.01175	0.05310	0.03871	0.06278	0.00367	0.03763	0.45411	0.29149
1.00000	0.00982	0.00110	0.00262	0.03093	0.09685	0.60533	0.11395	0.00634	0.03512	0.09794
1.00000	0.55307	0.01059	0.01295	0.03865	0.01464	0.18994	0.01590	0.09084	0.00907	0.06435
1.00000	0.00458	0.00127	0.00357	0.00106	0.64443	0.05743	0.06347	0.02432	0.01203	0.18784
1.00000	0.00048	0.00130	0.00208	0.00174	0.10557	0.00296	0.00199	0.03180	0.00721	0.84486
1.00000	0.00068	0.00360	0.02610	0.08087	0.00198	0.00170	0.00087	0.87161	0.00375	0.00885
1.00000	0.00181	0.00037	0.00127	0.00272	0.02576	0.00145	0.00062	0.95551	0.00156	0.00894
1.00000	0.09402	0.00834	0.01765	0.01076	0.05680	0.02955	0.04768	0.07628	0.02099	0.63792
1.00000	0.00101	0.00498	0.01237	0.03592	0.01166	0.01298	0.00406	0.87045	0.03502	0.01155
1.00000	0.00042	0.00082	0.00429	0.03038	0.14280	0.01063	0.00140	0.11641	0.01010	0.68276
1.00000	0.03378	0.02637	0.16226	0.01963	0.05390	0.02130	0.56338	0.07621	0.02125	0.02192
1.00000	0.85671	0.00410	0.04298	0.00938	0.00170	0.02449	0.04805	0.00334	0.00762	0.00162
1.00000	0.03185	0.00497	0.00355	0.20728	0.01096	0.59301	0.09938	0.01425	0.02090	0.01385
1.00000	0.00294	0.02234	0.00112	0.03581	0.00918	0.86162	0.00161	0.00809	0.03597	0.02131
1.00000	0.04029	0.00421	0.07920	0.00853	0.08578	0.03749	0.66087	0.04483	0.01320	0.02560
1.00000	0.00185	0.00141	0.02106	0.00064	0.01786	0.12460	0.78013	0.00032	0.05026	0.00186
1.00000	0.00264	0.02032	0.04225	0.00483	0.06344	0.71566	0.00763	0.01834	0.09572	0.02917
1.00000	0.00615	0.00605	0.01212	0.07776	0.04071	0.02674	0.00179	0.45740	0.17117	0.20010
1.00000	0.35892	0.07414	0.02694	0.04926	0.02255	0.16406	0.04274	0.21128	0.01723	0.03288
1.00000	0.00086	0.00031	0.00030	0.00340	0.00172	0.00088	0.00117	0.97740	0.00742	0.00654
1.00000	0.01589	0.03356	0.00161	0.00344	0.05106	0.75516	0.00676	0.06391	0.05747	0.01114
1.00000	0.00060	0.00585	0.00266	0.02320	0.16376	0.00573	0.00207	0.09368	0.00954	0.69290
1.00000	0.00242	0.00856	0.01657	0.08722	0.38880	0.07393	0.23356	0.01142	0.03631	0.14122
1.00000	0.00992	0.01561	0.04037	0.03175	0.76430	0.04240	0.00798	0.03872	0.00428	0.04467
1.00000	0.00122	0.00018	0.01835	0.00224	0.11548	0.00342	0.00308	0.01627	0.01662	0.82314
1.00000	0.00059	0.00123	0.97621	0.01701	0.00025	0.00005	0.00069	0.00245	0.00147	0.00005
1.00000	0.94235	0.00021	0.00906	0.00332	0.00026	0.00335	0.03699	0.00031	0.00280	0.00135
1.00000	0.01062	0.00413	0.62440	0.04560	0.01746	0.04965	0.13501	0.02355	0.07509	0.01449
1.00000	0.00103	0.00036	0.00043	0.00229	0.10234	0.02771	0.00072	0.46141	0.00117	0.40254
1.00000	0.00100	0.91705	0.01112	0.00255	0.00283	0.02190	0.00155	0.02577	0.00554	0.01069
1.00000	0.00642	0.07051	0.01955	0.59381	0.00275	0.21104	0.01228	0.00398	0.07125	0.00841
1.00000	0.00624	0.00174	0.94576	0.00474	0.00363	0.00431	0.00393	0.00522	0.01273	0.01169
1.00000	0.82397	0.00811	0.03410	0.00890	0.00897	0.01972	0.05085	0.01988	0.00870	0.01683
1.00000	0.02713	0.00159	0.03741	0.00233	0.00512	0.03579	0.88268	0.00252	0.00353	0.00189
1.00000	0.00104	0.89279	0.05273	0.00480	0.00264	0.00747	0.01516	0.00439	0.01604	0.00294
1.00000	0.00167	0.00027	0.00140	0.01855	0.00134	0.00038	0.00022	0.97126	0.00144	0.00346
1.00000	0.01445	0.00347	0.01825	0.00801	0.16763	0.02514	0.03651	0.54889	0.08517	0.09247
0.00000	0.05058	0.00918	0.00555	0.05428	0.42071	0.11497	0.00952	0.12829	0.00344	0.20349
0.00000	0.00175	0.00013	0.00113	0.03891	0.10669	0.02129	0.00933	0.01300	0.04660	0.76116
1.00000	0.02519	0.00164	0.04374	0.01496	0.75238	0.01565	0.01713	0.03147	0.01305	0.08479
1.00000	0.00314	0.00017	0.00029	0.00104	0.01035	0.01183	0.00078	0.94617	0.00418	0.02206
1.00000	0.00269	0.08810	0.08081	0.02074	0.05779	0.07188	0.00410	0.34808	0.17279	0.15301
1.00000	0.00160	0.01078	0.06509	0.00528	0.22668	0.03945	0.55974	0.02569	0.00311	0.06257
1.00000	0.00089	0.00008	0.01404	0.00490	0.00007	0.00036	0.00002	0.00012	0.97648	0.00303
0.00000	0.00679	0.02916	0.06292	0.00804	0.42984	0.00846	0.23218	0.11822	0.02762	0.07677
1.00000	0.13678	0.03688	0.29241	0.14979	0.00303	0.06857	0.05589	0.00062	0.25484	0.00119
1.00000	0.00145	0.00018	0.00385	0.00514	0.00128	0.85356	0.00133	0.00261	0.13031	0.00029
1.00000	0.04245	0.01355	0.03993	0.01327	0.71367	0.04645	0.07825	0.00736	0.01220	0.03288
1.00000	0.03475	0.00514	0.03946	0.76261	0.00587	0.02706	0.02968	0.01615	0.07406	0.00522
1.00000	0.00195	0.00188	0.00142	0.00180	0.57169	0.03474	0.00299	0.01268	0.00146	0.36940
1.00000	0.00212	0.00004	0.00011	0.00125	0.00203	0.00173	0.00010	0.97995	0.00534	0.00733
0.00000	0.18205	0.01132	0.13744	0.12740	0.06236	0.10737	0.09969	0.10337	0.05065	0.11834
1.00000	0.01816	0.00082	0.01319	0.00813	0.01248	0.00875	0.00052	0.00292	0.90586	0.02916
1.00000	0.00050	0.00308	0.00157	0.03616	0.00481	0.00395	0.00077	0.01390	0.91318	0.02208
1.00000	0.00059	0.05252	0.00341	0.02474	0.01456	0.00615	0.00184	0.78841	0.03054	0.07724
1.00000	0.01301	0.82444	0.01023	0.01046	0.00443	0.06264	0.00204	0.02798	0.03549	0.00927
1.00000	0.06247	0.02035	0.09842	0.69957	0.00052	0.09919	0.00369	0.00233	0.01236	0.00112
1.00000	0.00211	0.00019	0.00287	0.00008	0.00184	0.00241	0.98758	0.00018	0.00137	0.00137
1.00000	0.00015	0.00063	0.00892	0.00107	0.06146	0.00756	0.00382	0.05512	0.00906	0.85222
1.00000	0.00066	0.85094	0.02536	0.00189	0.00646	0.01557	0.02177	0.00318	0.03228	0.04189
1.00000	0.00098	0.03796	0.00429	0.04771	0.00310	0.01955	0.00189	0.83679	0.00284	0.04487
1.00000	0.01401	0.00470	0.00978	0.00364	0.65023	0.01620	0.09286	0.03045	0.02152	0.15661
1.00000	0.02171	0.05289	0.12231	0.07610	0.19758	0.06476	0.22419	0.20847	0.01072	0.02128
1.00000	0.06777	0.02917	0.18893	0.46791	0.00454	0.05279	0.06415	0.05939	0.05441	0.01093
1.00000	0.87289	0.00568	0.03911	0.00997	0.00353	0.04262	0.00788	0.00389	0.00590	0.00853
1.00000	0.01655	0.06141	0.00346	0.14092	0.04449	0.45642	0.02068	0.07500	0.06454	0.11653
1.00000	0.03995	0.00125	0.04235	0.76271	0.00116	0.12493	0.00701	0.00405	0.01396	0.00263
1.00000	0.00681	0.00475	0.76738	0.00268	0.05535	0.00645	0.13530	0.00441	0.01219	0.00468
1.00000	0.01239	0.00645	0.09477	0.70017	0.01120	0.01849	0.00711	0.00842	0.13092	0.01007
1.00000	0.04877	0.00598	0.00698	0.19385	0.00542	0.65864	0.00678	0.00275	0.06699	0.00383
1.00000	0.00126	0.00039	0.01821	0.09528	0.00200	0.80540	0.00229	0.00077	0.07337	0.00104
1.00000	0.00023	0.00004	0.00063	0.00047	0.03465	0.00060	0.00201	0.00111	0.00118	0.95908
1.00000	0.03767	0.01519	0.09628	0.17543	0.02978	0.33919	0.08969	0.04925	0.04345	0.12408
1.00000	0.00016	0.00034	0.00487	0.00220	0.00288	0.00860	0.97612	0.00032	0.00151	0.00301
1.00000	0.00076	0.00140	0.00543	0.00376	0.85008	0.01415	0.00241	0.03075	0.00213	0.08913
1.00000	0.92410	0.00104	0.03663	0.01416	0.00061	0.00807	0.00952	0.00096	0.00372	0.00119
1.00000	0.00546	0.02261	0.01501	0.03628	0.02588	0.01857	0.01777	0.03003	0.67301	0.15539
1.00000	0.96157	0.00022	0.01346	0.00250	0.00117	0.00546	0.00452	0.00339	0.00396	0.00376
1.00000	0.00797	0.02061	0.01573	0.03544	0.00715	0.03668	0.01593	0.80938	0.00851	0.04259
0.00000	0.30641	0.04280	0.16811	0.09564	0.01397	0.21787	0.02865	0.04098	0.08060	0.00498
1.00000	0.01218	0.02263	0.02331	0.02703	0.10426	0.05491	0.01723	0.20021	0.38726	0.15098
1.00000	0.01901	0.00495	0.01490	0.33212	0.00302	0.08705	0.02380	0.01110	0.49289	0.01115
1.00000	0.11335	0.00808	0.06051	0.15240	0.00278	0.16172	0.04669	0.00171	0.43640	0.01636
1.00000	0.00023	0.00016	0.00890	0.00081	0.00659	0.00082	0.00263	0.97822	0.00029	0.00134
1.00000	0.00840	0.07106	0.37257	0.26016	0.00435	0.03335	0.00271	0.01165	0.22200	0.01376
1.00000	0.00215	0.00330	0.14257	0.04262	0.02634	0.03744	0.69850	0.01932	0.00768	0.02009
1.00000	0.90691	0.00260	0.02430	0.00196	0.00247	0.02365	0.01350	0.00929	0.00649	0.00883
1.00000	0.01721	0.00445	0.00546	0.06240	0.00441	0.72540	0.05671	0.00334	0.06033	0.06029
1.00000	0.07630	0.00626	0.02442	0.13817	0.00335	0.60626	0.01832	0.03173	0.09253	0.00267
1.00000	0.03811	0.00248	0.86595	0.01218	0.00209	0.00507	0.01071	0.00672	0.04906	0.00762
1.00000	0.00114	0.00159	0.00494	0.00876	0.00265	0.94805	0.00202	0.00088	0.02742	0.00253
1.00000	0.00108	0.68087	0.02534	0.03620	0.02941	0.07046	0.01190	0.02425	0.09269	0.02779
1.00000	0.00273	0.00409	0.05078	0.92068	0.00047	0.00253	0.00164	0.00722	0.00912	0.00075
1.00000	0.01248	0.00518	0.08154	0.02201	0.04920	0.02802	0.71952	0.02355	0.02899	0.02951
1.00000	0.03343	0.00395	0.10173	0.00958	0.66900	0.03945	0.09783	0.00356	0.00339	0.03806
1.00000	0.00394	0.11131	0.03312	0.08615	0.01473	0.00172	0.00161	0.63037	0.01466	0.10239
1.00000	0.00053	0.00100	0.00405	0.00009	0.92476	0.00324	0.00346	0.04465	0.00225	0.01597
1.00000	0.93419	0.00148	0.00976	0.00371	0.00151	0.02486	0.01504	0.00061	0.00806	0.00079
0.00000	0.02169	0.08185	0.15629	0.12661	0.00075	0.02105	0.00094	0.00463	0.58213	0.00405
1.00000	0.32149	0.01670	0.18681	0.02110	0.01930	0.06683	0.16765	0.10666	0.01714	0.07632
0.00000	0.02382	0.00583	0.21646	0.46781	0.00097	0.02783	0.02614	0.14274	0.08326	0.00513
1.00000	0.00073	0.00041	0.00220	0.00566	0.07499	0.01418	0.00535	0.00284	0.00320	0.89045
1.00000	0.04247	0.00409	0.81175	0.02154	0.00867	0.01742	0.00393	0.02831	0.05844	0.00338
1.00000	0.00589	0.00109	0.01069	0.07189	0.00378	0.74448	0.01666	0.01411	0.11023	0.02118
0.00000	0.41270	0.00355	0.30283	0.00399	0.01461	0.01288	0.16674	0.00599	0.06814	0.00856
0.00000	0.04604	0.00718	0.05676	0.00376	0.38682	0.15045	0.14103	0.02188	0.07116	0.11493
1.00000	0.00030	0.00512	0.00409	0.06932	0.11218	0.03892	0.00292	0.03834	0.13508	0.59373
1.00000	0.00021	0.00031	0.00089	0.00191	0.08625	0.00323	0.00067	0.01634	0.00099	0.88918
1.00000	0.02180	0.04745	0.15316	0.03837	0.04044	0.02427	0.60366	0.03006	0.02666	0.01415
1.00000	0.03053	0.00110	0.06565	0.03604	0.02816	0.03481	0.01046	0.01374	0.77126	0.00825
1.00000	0.13736	0.00149	0.77056	0.01767	0.00093	0.00328	0.01023	0.01393	0.04377	0.00077
1.00000	0.72857	0.01156	0.02999	0.02008	0.00632	0.05288	0.10866	0.00531	0.02567	0.01095
1.00000	0.00117	0.01220	0.00677	0.09748	0.00096	0.00170	0.00075	0.01841	0.82530	0.03525
1.00000	0.03224	0.00271	0.00383	0.01435	0.00383	0.87301	0.02358	0.00126	0.04286	0.00234
1.00000	0.00052	0.00281	0.00346	0.00416	0.69888	0.01506	0.00276	0.06518	0.00875	0.19841
1.00000	0.00327	0.00031	0.00180	0.00039	0.00829	0.00279	0.98147	0.00087	0.00030	0.00052
1.00000	0.00344	0.00065	0.08397	0.00113	0.63639	0.00902	0.02552	0.00327	0.06620	0.17040
1.00000	0.00752	0.00255	0.00117	0.00343	0.00181	0.00268	0.00082	0.96508	0.00802	0.00693
1.00000	0.01601	0.05780	0.02930	0.54491	0.00368	0.08086	0.00277	0.03999	0.15103	0.07365
1.00000	0.00452	0.04529	0.01167	0.00694	0.00630	0.01073	0.00071	0.00714	0.90298	0.00373
0.00000	0.01687	0.00598	0.24486	0.10310	0.02161	0.01237	0.01828	0.02732	0.54358	0.00604
1.00000	0.26811	0.02307	0.20076	0.03134	0.11109	0.06033	0.12814	0.05638	0.01716	0.10362
1.00000	0.02966	0.00502	0.01189	0.56686	0.01295	0.17842	0.01187	0.01781	0.10298	0.06254
1.00000	0.01600	0.00281	0.00738	0.00300	0.00427	0.05014	0.89231	0.00014	0.00866	0.01530
1.00000	0.00058	0.95323	0.01365	0.00252	0.00290	0.00484	0.00291	0.01269	0.00416	0.00253
1.00000	0.00434	0.00439	0.03676	0.73278	0.00106	0.12569	0.00148	0.01757	0.07263	0.00332
1.00000	0.18813	0.00281	0.07618	0.13571	0.00355	0.02595	0.00401	0.00174	0.53104	0.03087
1.00000	0.04098	0.00768	0.04312	0.16175	0.02681	0.01856	0.04970	0.03753	0.50961	0.10426
1.00000	0.02125	0.00023	0.00170	0.00459	0.00283	0.90002	0.04823	0.00026	0.00873	0.01216
0.00000	0.20643	0.00778	0.08547	0.24681	0.03646	0.09481	0.03626	0.02524	0.21632	0.04443
1.00000	0.07348	0.02227	0.06320	0.62087	0.00222	0.03409	0.01377	0.00102	0.16358	0.00550
1.00000	0.32384	0.04458	0.08930	0.44794	0.00518	0.01662	0.00848	0.01016	0.05036	0.00354
1.00000	0.00170	0.00090	0.01062	0.02415	0.65848	0.01271	0.06393	0.02724	0.01951	0.18075
1.00000	0.01458	0.01622	0.07400	0.51343	0.00358	0.05518	0.00256	0.00514	0.31090	0.00440
0.00000	0.03833	0.03500	0.42101	0.17513	0.03284	0.01337	0.13702	0.06156	0.02836	0.05737
1.00000	0.17654	0.02217	0.12999	0.06261	0.01422	0.05377	0.03706	0.01301	0.38229	0.10834
1.00000	0.00903	0.00398	0.04965	0.10437	0.04419	0.08568	0.00322	0.01912	0.66929	0.01148
1.00000	0.97872	0.00022	0.00573	0.00074	0.00037	0.00702	0.00229	0.00113	0.00125	0.00253
1.00000	0.00091	0.00006	0.01222	0.03814	0.00420	0.93817	0.00085	0.00179	0.00197	0.00168
1.00000	0.00823	0.00610	0.08462	0.88504	0.00031	0.00798	0.00153	0.00263	0.00339	0.00018
1.00000	0.00637	0.00154	0.04959	0.00236	0.70237	0.08351	0.06122	0.00805	0.02892	0.05607
1.00000	0.00362	0.02736	0.04978	0.00216	0.67738	0.06231	0.05692	0.00431	0.01689	0.09928
1.00000	0.00066	0.00047	0.00983	0.00428	0.00284	0.00250	0.00045	0.02340	0.03636	0.91922
1.00000	0.03139	0.00856	0.00505	0.03697	0.15877	0.15690	0.05635	0.15162	0.03080	0.36360
1.00000	0.03047	0.03479	0.11586	0.71174	0.00056	0.01168	0.01163	0.01762	0.06530	0.00033
1.00000	0.00108	0.00113	0.00639	0.02556	0.06758	0.00873	0.00447	0.06869	0.07217	0.74420
1.00000	0.02048	0.00184	0.01566	0.02359	0.00613	0.23283	0.01144	0.00050	0.59890	0.08863
1.00000	0.00020	0.00019	0.00168	0.00207	0.05977	0.00223	0.00829	0.00579	0.00857	0.91120
1.00000	0.01564	0.00066	0.01864	0.04829	0.02603	0.02101	0.00750	0.00095	0.78395	0.07732
1.00000	0.89381	0.00100	0.01705	0.01858	0.00344	0.00931	0.03728	0.00341	0.01499	0.00112
1.00000	0.00218	0.85770	0.05085	0.00671	0.00173	0.03429	0.01653	0.00383	0.02183	0.00435
0.00000	0.00206	0.00167	0.00902	0.32492	0.00954	0.05980	0.00055	0.00900	0.40038	0.18306
1.00000	0.92849	0.00105	0.00995	0.00588	0.00033	0.03208	0.00917	0.00110	0.01184	0.00012
1.00000	0.05494	0.02859	0.61853	0.01894	0.14343	0.00722	0.01639	0.02258	0.01340	0.07598
1.00000	0.00136	0.00145	0.00336	0.02756	0.01170	0.00670	0.00090	0.12628	0.12134	0.69935
1.00000	0.00006	0.00022	0.00034	0.00076	0.01024	0.00054	0.00012	0.94261	0.00098	0.04412
1.00000	0.00892	0.00220	0.04786	0.01621	0.00227	0.09141	0.09231	0.00041	0.71646	0.02195
1.00000	0.12094	0.01014	0.02160	0.04225	0.13993	0.05072	0.04115	0.45890	0.03158	0.08279
1.00000	0.98839	0.00012	0.00143	0.00016	0.00016	0.00033	0.00756	0.00014	0.00153	0.00018
1.00000	0.00196	0.00356	0.00156	0.02931	0.05821	0.03851	0.00273	0.08311	0.05264	0.72840
1.00000	0.02101	0.00123	0.13235	0.00687	0.03846	0.00596	0.75145	0.01182	0.00308	0.02776
1.00000	0.00098	0.09908	0.00357	0.03150	0.01237	0.00238	0.00059	0.74883	0.01994	0.08077
1.00000	0.00586	0.00035	0.01961	0.00084	0.83273	0.01932	0.00483	0.00204	0.02163	0.09279
1.00000	0.03192	0.00182	0.00146	0.00433	0.01071	0.00440	0.00133	0.74690	0.00189	0.19523
1.00000	0.00403	0.60338	0.08114	0.01900	0.01048	0.05133	0.00524	0.02630	0.19366	0.00546
1.00000	0.00074	0.00247	0.00138	0.00922	0.07266	0.03550	0.00504	0.06038	0.07141	0.74121
1.00000	0.02452	0.00764	0.56750	0.26388	0.00079	0.00470	0.01666	0.10926	0.00114	0.00391
1.00000	0.17596	0.00695	0.39494	0.10625	0.03902	0.03106	0.02079	0.01372	0.16033	0.05097
1.00000	0.00081	0.03154	0.66217	0.20081	0.00125	0.00188	0.02443	0.00149	0.07498	0.00064
1.00000	0.00204	0.88342	0.01162	0.00238	0.00918	0.05641	0.00990	0.00629	0.00857	0.01020
1.00000	0.00059	0.00363	0.02398	0.04450	0.00520	0.00831	0.00239	0.00426	0.87827	0.02888
1.00000	0.00216	0.00267	0.04630	0.78825	0.00155	0.00614	0.00221	0.02089	0.12523	0.00459
1.00000	0.01079	0.00984	0.01525	0.76992	0.01167	0.07345	0.00187	0.00151	0.10503	0.00067
1.00000	0.00056	0.00235	0.01482	0.91185	0.00185	0.00403	0.00016	0.00515	0.05818	0.00104
1.00000	0.01400	0.00015	0.00187	0.00233	0.02105	0.00483	0.00255	0.93043	0.00085	0.02194
1.00000	0.57456	0.03622	0.11903	0.14300	0.00283	0.02554	0.03997	0.01362	0.02652	0.01871
1.00000	0.26781	0.00553	0.01217	0.01712	0.06660	0.07330	0.08455	0.00539	0.12567	0.34185
1.00000	0.36489	0.02814	0.09879	0.00623	0.08553	0.05688	0.13270	0.09957	0.02401	0.10327
0.00000	0.03457	0.00190	0.02116	0.38533	0.00228	0.08270	0.01767	0.02895	0.41408	0.01135
1.00000	0.00113	0.90371	0.01138	0.00775	0.00091	0.00979	0.00767	0.00817	0.04103	0.00847
1.00000	0.01256	0.00627	0.00137	0.69771	0.00041	0.22305	0.00253	0.01451	0.03886	0.00273
1.00000	0.00407	0.00577	0.00416	0.00408	0.00925	0.03203	0.02390	0.85056	0.04726	0.01892
1.00000	0.00787	0.00006	0.00148	0.08372	0.00218	0.85456	0.02814	0.00087	0.01552	0.00559
1.00000	0.05353	0.30052	0.06392	0.07361	0.00761	0.42050	0.02661	0.00632	0.04253	0.00485
1.00000	0.00172	0.00154	0.01289	0.04484	0.00170	0.00122	0.00232	0.01751	0.89322	0.02304
1.00000	0.00277	0.02043	0.00470	0.06634	0.04338	0.00488	0.00250	0.67532	0.02809	0.15161
1.00000	0.01344	0.00791	0.00331	0.11573	0.01459	0.01577	0.00492	0.03991	0.70044	0.08397
1.00000	0.00325	0.08275	0.00983	0.00336	0.56882	0.01653	0.03740	0.06198	0.02208	0.19400
1.00000	0.02253	0.00320	0.01828	0.13020	0.00673	0.72404	0.01042	0.00899	0.07229	0.00332
1.00000	0.01883	0.00477	0.01204	0.00164	0.81646	0.04146	0.03683	0.01021	0.03792	0.01984
1.00000	0.00764	0.00356	0.89055	0.00977	0.03660	0.00412	0.03140	0.00468	0.01045	0.00122
1.00000	0.00287	0.02752	0.02127	0.02064	0.03289	0.01153	0.00439	0.04325	0.22678	0.60886
1.00000	0.00088	0.91237	0.01528	0.00282	0.00619	0.00737	0.00563	0.03128	0.01218	0.00602
1.00000	0.00246	0.02150	0.00429	0.00225	0.55655	0.08852	0.00612	0.03289	0.01057	0.27484
1.00000	0.00205	0.01152	0.01792	0.05945	0.00080	0.06766	0.00100	0.00382	0.81660	0.01920
1.00000	0.00009	0.00010	0.00541	0.00108	0.05526	0.01158	0.00110	0.00963	0.00339	0.91236
1.00000	0.02707	0.01411	0.00506	0.07499	0.00153	0.53062	0.00139	0.03733	0.29497	0.01295
0.00000	0.01834	0.09348	0.04126	0.16855	0.10061	0.26941	0.07918	0.08484	0.04667	0.09764
1.00000	0.00075	0.00330	0.00715	0.00118	0.00282	0.00273	0.00224	0.00063	0.97098	0.00822
1.00000	0.02923	0.00106	0.05763	0.19626	0.00087	0.02361	0.01424	0.00172	0.67490	0.00048
1.00000	0.86756	0.00137	0.03419	0.01249	0.00497	0.06350	0.00495	0.00150	0.00581	0.00366
1.00000	0.01285	0.00536	0.01794	0.07849	0.03489	0.49879	0.22736	0.00189	0.11023	0.01219
1.00000	0.13795	0.02345	0.57038	0.10400	0.01851	0.02485	0.01466	0.00798	0.09549	0.00273
1.00000	0.14389	0.00120	0.00229	0.01446	0.00961	0.18588	0.52286	0.00073	0.09599	0.02308
1.00000	0.04228	0.01662	0.07925	0.14280	0.00575	0.03439	0.00563	0.55062	0.10559	0.01708
1.00000	0.01268	0.03368	0.01654	0.60149	0.01047	0.14425	0.00726	0.05981	0.03945	0.07437
1.00000	0.00031	0.00033	0.00139	0.00250	0.06420	0.00214	0.00226	0.00744	0.00528	0.91414
1.00000	0.00092	0.00126	0.89741	0.00648	0.00113	0.00831	0.02025	0.00541	0.05655	0.00229
1.00000	0.00095	0.00157	0.01298	0.05364	0.00050	0.00363	0.00050	0.00252	0.91601	0.00772
1.00000	0.01927	0.00291	0.00359	0.01469	0.04132	0.68687	0.11815	0.00539	0.02347	0.08435
1.00000	0.08589	0.01628	0.12804	0.05841	0.07968	0.02279	0.12227	0.15237	0.22458	0.10969
1.00000	0.00168	0.00312	0.00123	0.02162	0.06648	0.06347	0.00646	0.06444	0.01583	0.75568
1.00000	0.01047	0.00156	0.89440	0.01324	0.00196	0.00158	0.04002	0.03353	0.00308	0.00017
1.00000	0.01270	0.01492	0.01582	0.04174	0.00906	0.00730	0.85990	0.00709	0.01746	0.01402
1.00000	0.00033	0.00071	0.01238	0.00400	0.06739	0.00237	0.00174	0.05627	0.00935	0.84545
1.00000	0.00130	0.06075	0.74309	0.03597	0.00399	0.00757	0.03826	0.09829	0.00694	0.00384
1.00000	0.97993	0.00040	0.00563	0.00443	0.00016	0.00272	0.00157	0.00025	0.00303	0.00187
1.00000	0.07798	0.07914	0.05591	0.03887	0.02063	0.09766	0.58259	0.00111	0.01898	0.02713
0.00000	0.00265	0.00171	0.08468	0.15673	0.01675	0.01380	0.01420	0.00413	0.68720	0.01815
1.00000	0.90278	0.00118	0.02809	0.00307	0.00105	0.00995	0.00764	0.00057	0.04151	0.00415
1.00000	0.21033	0.02147	0.10314	0.00922	0.04131	0.14037	0.45074	0.00190	0.01672	0.00479
1.00000	0.47271	0.00682	0.00754	0.06375	0.00962	0.30176	0.05379	0.03505	0.00782	0.04115
1.00000	0.01460	0.02889	0.01665	0.69543	0.00137	0.16670	0.02267	0.00304	0.04930	0.00137
1.00000	0.00061	0.01817	0.73806	0.10433	0.00176	0.01594	0.03408	0.02131	0.06326	0.00250
1.00000	0.00252	0.00033	0.03625	0.00078	0.01321	0.00116	0.94178	0.00132	0.00097	0.00168
1.00000	0.00801	0.06031	0.03039	0.08743	0.04053	0.14866	0.02576	0.14330	0.05248	0.40313
1.00000	0.00070	0.00258	0.00074	0.00452	0.00090	0.01585	0.00018	0.91218	0.00046	0.06189
1.00000	0.00137	0.00036	0.01429	0.00085	0.05102	0.00192	0.00939	0.03741	0.00284	0.88057
1.00000	0.69543	0.00218	0.01879	0.07509	0.00103	0.11406	0.00389	0.00772	0.05553	0.02628
1.00000	0.01108	0.00015	0.03375	0.00667	0.04822	0.00419	0.00324	0.05384	0.01019	0.82867
1.00000	0.12330	0.01961	0.05810	0.33061	0.01116	0.02261	0.01562	0.00128	0.41297	0.00474
1.00000	0.02820	0.00306	0.09975	0.00834	0.06572	0.01069	0.01593	0.01503	0.56948	0.18380
1.00000	0.00065	0.00085	0.04672	0.00078	0.07100	0.00628	0.84163	0.01020	0.00271	0.01917
1.00000	0.00820	0.00157	0.00202	0.00686	0.05835	0.00431	0.00536	0.86282	0.00917	0.04135
1.00000	0.15604	0.00108	0.00093	0.11241	0.01013	0.62585	0.01489	0.00230	0.06703	0.00935
1.00000	0.85315	0.00177	0.00940	0.01116	0.00253	0.04466	0.05689	0.00104	0.01601	0.00337
1.00000	0.00209	0.90300	0.03071	0.01040	0.00249	0.01247	0.02356	0.01083	0.00380	0.00067
0.00000	0.40367	0.00159	0.04436	0.18305	0.00678	0.28507	0.01037	0.01095	0.01807	0.03608
1.00000	0.02631	0.00139	0.79526	0.00482	0.04442	0.03013	0.00450	0.01331	0.01775	0.06211
1.00000	0.01303	0.00032	0.00167	0.00161	0.00242	0.86334	0.00152	0.00020	0.11536	0.00054
1.00000	0.01459	0.01157	0.03801	0.00890	0.58944	0.05120	0.03926	0.07785	0.02805	0.14112
1.00000	0.00179	0.08164	0.02047	0.01727	0.07619	0.00628	0.01757	0.72752	0.02166	0.02961
1.00000	0.01409	0.00644	0.54540	0.15597	0.00364	0.03718	0.00958	0.06634	0.14735	0.01402
1.00000	0.00116	0.00079	0.02938	0.03078	0.02195	0.00736	0.01189	0.00103	0.88636	0.00930
1.00000	0.00120	0.00008	0.00219	0.00025	0.00073	0.00528	0.98698	0.00115	0.00162	0.00054
1.00000	0.11168	0.00148	0.06863	0.01124	0.03623	0.00469	0.58717	0.00778	0.06154	0.10956
1.00000	0.00074	0.95269	0.00589	0.00151	0.00257	0.00666	0.00107	0.01723	0.00335	0.00829
0.00000	0.58706	0.00353	0.17782	0.05616	0.00138	0.02006	0.01540	0.05157	0.08431	0.00271
1.00000	0.00063	0.00233	0.00100	0.01858	0.00044	0.00116	0.00012	0.96577	0.00577	0.00419
1.00000	0.03037	0.03261	0.63780	0.02187	0.13535	0.00650	0.03587	0.05781	0.02451	0.01731
0.00000	0.13837	0.00200	0.19630	0.20483	0.00821	0.01748	0.05972	0.00430	0.36459	0.00419
1.00000	0.13160	0.00860	0.02342	0.09977	0.01992	0.49794	0.05946	0.00897	0.09798	0.05235
1.00000	0.00076	0.00018	0.00026	0.00453	0.00357	0.00113	0.00015	0.95704	0.01389	0.01848
1.00000	0.11256	0.00046	0.00575	0.04281	0.00444	0.06794	0.69331	0.02906	0.03629	0.00739
1.00000	0.94133	0.00280	0.02448	0.00291	0.00206	0.00532	0.01690	0.00160	0.00147	0.00114
1.00000	0.01054	0.00105	0.00820	0.64223	0.00312	0.22199	0.01309	0.00281	0.06773	0.02925
1.00000	0.00030	0.00041	0.00046	0.00208	0.83691	0.00231	0.00682	0.00977	0.00885	0.13210
1.00000	0.00166	0.01311	0.90971	0.00813	0.00872	0.00103	0.03139	0.00594	0.01383	0.00649
1.00000	0.03771	0.00856	0.00515	0.01045	0.41524	0.09107	0.07908	0.01680	0.08055	0.25538
1.00000	0.00433	0.00079	0.01017	0.18578	0.00106	0.67706	0.01444	0.01056	0.09184	0.00397
1.00000	0.00691	0.76888	0.02077	0.00426	0.01551	0.05072	0.06036	0.00159	0.05475	0.01626
1.00000	0.00156	0.06312	0.02587	0.01119	0.13264	0.02645	0.00180	0.50836	0.06685	0.16216
1.00000	0.00745	0.00235	0.12363	0.00850	0.01971	0.02922	0.05723	0.01998	0.70984	0.02209
1.00000	0.74183	0.00280	0.08466	0.02798	0.02320	0.05275	0.04379	0.00323	0.00514	0.01462
1.00000	0.00144	0.89808	0.00915	0.00244	0.00460	0.02350	0.00531	0.00659	0.04326	0.00563
1.00000	0.01536	0.00595	0.03482	0.00758	0.72852	0.02074	0.03097	0.01783	0.02918	0.10905
1.00000	0.00221	0.00128	0.00472	0.01618	0.83385	0.01239	0.01486	0.08650	0.00243	0.02558
1.00000	0.06231	0.00371	0.00834	0.05450	0.01957	0.76661	0.00697	0.00922	0.05019	0.01856
1.00000	0.02142	0.00637	0.01123	0.05687	0.03528	0.41253	0.02812	0.16327	0.20895	0.05597
1.00000	0.00062	0.00013	0.02137	0.02347	0.07294	0.00421	0.02290	0.01964	0.01308	0.82164
1.00000	0.81331	0.00108	0.07798	0.02003	0.00220	0.00713	0.02486	0.02384	0.01672	0.01285
1.00000	0.00725	0.00110	0.96049	0.00131	0.00080	0.00083	0.00560	0.00010	0.02001	0.00250
1.00000	0.00482	0.76111	0.00645	0.02913	0.00744	0.01740	0.00467	0.00484	0.12624	0.03789
1.00000	0.02010	0.00112	0.01358	0.00345	0.79343	0.03160	0.05477	0.02535	0.02649	0.03011
1.00000	0.89377	0.01058	0.03103	0.01713	0.00303	0.00764	0.00266	0.00748	0.00273	0.02394
1.00000	0.00131	0.00012	0.02853	0.00165	0.01604	0.00120	0.00228	0.94117	0.00114	0.00658
1.00000	0.01640	0.03067	0.07724	0.01348	0.07757	0.08597	0.16318	0.02953	0.43965	0.06630
0.00000	0.03506	0.02646	0.00213	0.20464	0.06053	0.20014	0.01997	0.04261	0.08342	0.32503
1.00000	0.05683	0.10954	0.04503	0.05940	0.01281	0.14050	0.01007	0.09086	0.39366	0.08131
1.00000	0.00116	0.00937	0.04393	0.00810	0.08832	0.03617	0.00890	0.01631	0.12932	0.65841
0.00000	0.12013	0.01301	0.00678	0.18830	0.01629	0.23175	0.01301	0.00430	0.33407	0.07236
0.00000	0.02934	0.02606	0.03048	0.24773	0.02343	0.14605	0.09434	0.01686	0.31683	0.06889
1.00000	0.00228	0.00097	0.02381	0.00150	0.77836	0.02289	0.01610	0.03032	0.00659	0.11719
1.00000	0.00121	0.00330	0.01502	0.08087	0.06606	0.01134	0.00763	0.71458	0.02462	0.07537
1.00000	0.00242	0.87000	0.01288	0.01465	0.01687	0.00287	0.00249	0.04838	0.00393	0.02552
1.00000	0.00314	0.00040	0.00178	0.00604	0.03810	0.06257	0.00414	0.80351	0.00819	0.07213
1.00000	0.00333	0.09218	0.01026	0.04222	0.00108	0.01493	0.00085	0.69530	0.06639	0.07345
1.00000	0.04535	0.12336	0.46553	0.19929	0.00109	0.02455	0.01638	0.01356	0.10834	0.00255
1.00000	0.00093	0.00026	0.98298	0.01045	0.00034	0.00007	0.00070	0.00129	0.00295	0.00004
1.00000	0.00036	0.95900	0.00655	0.00662	0.00271	0.00310	0.00148	0.01212	0.00366	0.00440
1.00000	0.00050	0.93653	0.02009	0.00217	0.00254	0.00522	0.00337	0.00770	0.00932	0.01256
1.00000	0.00270	0.00762	0.00045	0.00119	0.06772	0.06211	0.00960	0.00898	0.00725	0.83237
1.00000	0.00181	0.89040	0.01672	0.00292	0.00794	0.02998	0.00415	0.03657	0.00343	0.00608
1.00000	0.56449	0.00641	0.09147	0.02253	0.03573	0.03185	0.08133	0.04994	0.05100	0.06527
1.00000	0.00013	0.00038	0.00361	0.00077	0.00020	0.00267	0.00006	0.00009	0.98954	0.00257
1.00000	0.90752	0.00085	0.01335	0.01127	0.00032	0.01785	0.02500	0.00115	0.02171	0.00098
1.00000	0.00179	0.00192	0.00340	0.00016	0.97863	0.00263	0.00760	0.00123	0.00046	0.00218
1.00000	0.00803	0.04465	0.01537	0.03821	0.47907	0.06964	0.03726	0.01146	0.05424	0.24207
1.00000	0.09718	0.00125	0.62998	0.02762	0.01299	0.00495	0.15995	0.00879	0.05367	0.00363
1.00000	0.01957	0.00266	0.04045	0.73507	0.00266	0.04450	0.00247	0.01226	0.13718	0.00319
1.00000	0.00052	0.00090	0.00071	0.02597	0.00018	0.00141	0.00007	0.96309	0.00091	0.00622
1.00000	0.86309	0.00427	0.01928	0.01298	0.00146	0.03102	0.03394	0.00274	0.01421	0.01701
1.00000	0.00035	0.00009	0.00175	0.00010	0.00271	0.00662	0.98755	0.00026	0.00044	0.00013
1.00000	0.00149	0.00275	0.00220	0.00287	0.65874	0.04269	0.00857	0.04359	0.01358	0.22353
1.00000	0.00103	0.02513	0.00997	0.08211	0.00835	0.01694	0.00023	0.76363	0.05930	0.03331
1.00000	0.03620	0.01996	0.18808	0.06903	0.01301	0.00675	0.00650	0.03075	0.60140	0.02832
1.00000	0.00185	0.86013	0.02484	0.00371	0.00274	0.00830	0.01877	0.01067	0.02323	0.04576
1.00000	0.00578	0.16084	0.02856	0.42529	0.02089	0.07084	0.00534	0.01296	0.21450	0.05500
1.00000	0.00099	0.03071	0.01895	0.47966	0.00068	0.03184	0.00056	0.00715	0.37976	0.04969
1.00000	0.01523	0.03649	0.75930	0.02887	0.00316	0.03661	0.01491	0.00618	0.09816	0.00109
1.00000	0.00458	0.04215	0.80034	0.01740	0.01478	0.00668	0.09193	0.00254	0.01214	0.00745
1.00000	0.05689	0.01389	0.40156	0.10053	0.00306	0.01789	0.00655	0.03468	0.36352	0.00144
1.00000	0.91731	0.00082	0.03229	0.00852	0.00032	0.00683	0.02190	0.00030	0.01151	0.00019
1.00000	0.00267	0.00110	0.88593	0.02067	0.02701	0.00788	0.02942	0.01433	0.00523	0.00577
1.00000	0.04649	0.00528	0.00369	0.89527	0.00103	0.03464	0.00260	0.00147	0.00905	0.00050
1.00000	0.01436	0.01529	0.04536	0.16082	0.01180	0.18291	0.04010	0.01412	0.46402	0.05123
1.00000	0.00744	0.00273	0.03693	0.00064	0.02139	0.01048	0.91855	0.00096	0.00047	0.00040
1.00000	0.00057	0.00205	0.01248	0.00182	0.05508	0.01224	0.00051	0.06254	0.06433	0.78838
1.00000	0.01029	0.04239	0.02699	0.21122	0.01107	0.17000	0.00590	0.18739	0.15824	0.17650
1.00000	0.00143	0.01229	0.05207	0.05408	0.11907	0.01942	0.68447	0.01703	0.01165	0.02848
1.00000	0.01268	0.01113	0.00397	0.05839	0.00060	0.01517	0.00064	0.00075	0.87844	0.01823
1.00000	0.00106	0.00032	0.00162	0.01979	0.00072	0.94191	0.00283	0.00005	0.03162	0.00008
0.00000	0.04382	0.08141	0.08013	0.04620	0.24564	0.03409	0.12024	0.00183	0.30057	0.04608
1.00000	0.01016	0.00237	0.03812	0.00287	0.06649	0.00852	0.03248	0.02007	0.01564	0.80328
1.00000	0.00144	0.03926	0.00100	0.01058	0.00940	0.01035	0.00223	0.85269	0.00420	0.06885
1.00000	0.01593	0.24950	0.54967	0.05358	0.00103	0.01892	0.03762	0.00208	0.06971	0.00197
1.00000	0.00020	0.00985	0.00098	0.00964	0.00655	0.00148	0.00348	0.96439	0.00157	0.00185
1.00000	0.07062	0.00200	0.04303	0.01015	0.00331	0.01222	0.00304	0.00418	0.81311	0.03835
0.00000	0.01850	0.00180	0.00652	0.26004	0.00333	0.07089	0.00048	0.00663	0.48714	0.14468
1.00000	0.06594	0.00506	0.01623	0.11261	0.00789	0.60903	0.02122	0.00130	0.15195	0.00877
1.00000	0.58905	0.00405	0.04744	0.00309	0.00937	0.04587	0.14876	0.01427	0.11721	0.02090
1.00000	0.02746	0.17285	0.19612	0.11855	0.00112	0.00396	0.00127	0.25838	0.20546	0.01483
1.00000	0.00029	0.00126	0.00199	0.00122	0.76317	0.01807	0.00279	0.00374	0.01131	0.19615
1.00000	0.02310	0.00032	0.01589	0.00146	0.01336	0.00076	0.00567	0.00570	0.00810	0.92563
1.00000	0.01200	0.04412	0.07677	0.52611	0.01537	0.22290	0.00324	0.00537	0.06676	0.02737
1.00000	0.02939	0.00097	0.00272	0.13445	0.00432	0.62820	0.00381	0.02687	0.16842	0.00084
1.00000	0.00866	0.00026	0.00308	0.00075	0.86462	0.02094	0.01028	0.07739	0.00369	0.01033
1.00000	0.02355	0.00893	0.26746	0.50231	0.00748	0.02744	0.04834	0.00197	0.10533	0.00721
1.00000	0.84059	0.00220	0.01815	0.01646	0.00089	0.02053	0.03570	0.00581	0.05916	0.00050
1.00000	0.00243	0.00708	0.72780	0.22581	0.00172	0.00526	0.00603	0.00340	0.01933	0.00116
1.00000	0.08279	0.00481	0.24436	0.02166	0.11770	0.07725	0.07763	0.02472	0.01349	0.33560
1.00000	0.08801	0.01116	0.00351	0.69580	0.00764	0.07690	0.01625	0.01523	0.08323	0.00228
1.00000	0.00033	0.92921	0.01478	0.00145	0.00391	0.00581	0.00100	0.02582	0.00317	0.01453
1.00000	0.03119	0.00236	0.03059	0.00283	0.00470	0.17183	0.74592	0.00356	0.00643	0.00059
1.00000	0.00060	0.00016	0.00035	0.00099	0.07350	0.00496	0.00203	0.01254	0.00416	0.90072
1.00000	0.00143	0.90166	0.01117	0.00393	0.01937	0.01202	0.00493	0.01589	0.01264	0.01695
1.00000	0.00251	0.00103	0.00185	0.01014	0.04777	0.01759	0.00148	0.13121	0.03555	0.75087
1.00000	0.03419	0.02542	0.01573	0.80477	0.00028	0.09796	0.00230	0.00200	0.01707	0.00029
0.00000	0.72626	0.00915	0.11095	0.03326	0.00131	0.03853	0.03493	0.02379	0.01708	0.00475
1.00000	0.05219	0.00196	0.04507	0.01185	0.57385	0.02954	0.05984	0.01735	0.01113	0.19724
1.00000	0.00115	0.00241	0.00112	0.00072	0.45770	0.06502	0.00280	0.08603	0.00194	0.38112
1.00000	0.01592	0.01991	0.05091	0.76950	0.00038	0.05707	0.00085	0.03906	0.04522	0.00117
1.00000	0.81600	0.00059	0.01344	0.04165	0.00178	0.01062	0.00212	0.00928	0.05519	0.04932
1.00000	0.00696	0.02129	0.04903	0.00429	0.59976	0.01498	0.06232	0.04993	0.05373	0.13771
1.00000	0.04864	0.00026	0.01430	0.00169	0.66648	0.01932	0.02537	0.00513	0.03407	0.18473
1.00000	0.00587	0.81656	0.04259	0.03417	0.00351	0.03066	0.02025	0.01952	0.01731	0.00958
1.00000	0.06057	0.00470	0.04925	0.40861	0.01609	0.17461	0.01007	0.04828	0.16781	0.06002
1.00000	0.55414	0.00288	0.11091	0.04275	0.00742	0.10320	0.08261	0.00354	0.05549	0.03705
1.00000	0.00055	0.00065	0.00119	0.00230	0.05947	0.04874	0.00260	0.01850	0.01079	0.85521
1.00000	0.00167	0.00033	0.02343	0.00187	0.10388	0.00598	0.00362	0.00137	0.02532	0.83253
1.00000	0.03706	0.05723	0.03251	0.00394	0.01084	0.14287	0.62621	0.00144	0.07884	0.00906
1.00000	0.00727	0.00162	0.04774	0.01028	0.00043	0.00596	0.00300	0.00005	0.92304	0.00060
1.00000	0.02325	0.06566	0.43804	0.19919	0.00209	0.03779	0.01139	0.17276	0.04864	0.00118
0.00000	0.00711	0.00943	0.00416	0.25901	0.06320	0.26326	0.02756	0.05217	0.06042	0.25369
1.00000	0.00144	0.09413	0.00452	0.03212	0.12581	0.03913	0.01053	0.48805	0.07474	0.12955
1.00000	0.03034	0.00112	0.02968	0.14898	0.00205	0.66037	0.01895	0.00070	0.10669	0.00113
1.00000	0.00595	0.00630	0.09838	0.11722	0.10188	0.01975	0.06028	0.42195	0.06511	0.10319
1.00000	0.01466	0.02217	0.00668	0.01520	0.00080	0.05981	0.00273	0.00228	0.85711	0.01856
1.00000	0.02929	0.01176	0.00584	0.00834	0.05772	0.00917	0.02485	0.04179	0.25352	0.55770
1.00000	0.02445	0.00266	0.72401	0.01057	0.02072	0.03677	0.00665	0.00185	0.12479	0.04751
1.00000	0.01491	0.00167	0.04357	0.00371	0.03864	0.71314	0.04985	0.00331	0.10543	0.02577
1.00000	0.01481	0.00079	0.92648	0.00933	0.01752	0.00080	0.00576	0.00665	0.00571	0.01214
1.00000	0.09041	0.00567	0.07085	0.54489	0.01487	0.11161	0.01608	0.02195	0.11621	0.00746
1.00000	0.06255	0.00269	0.05322	0.00289	0.00367	0.09888	0.00931	0.00517	0.70890	0.05272
0.00000	0.02825	0.00092	0.37043	0.06103	0.00103	0.01603	0.00361	0.00128	0.47549	0.04193
1.00000	0.00708	0.00322	0.04955	0.67233	0.00069	0.01710	0.00205	0.00968	0.23609	0.00220
1.00000	0.00187	0.00131	0.00107	0.01655	0.10015	0.04192	0.00172	0.04869	0.08102	0.70571
1.00000	0.00048	0.00015	0.00491	0.00029	0.00191	0.00383	0.98462	0.00037	0.00104	0.00239
1.00000	0.00072	0.03897	0.00266	0.04544	0.01601	0.00194	0.00039	0.83140	0.00265	0.05981
1.00000	0.89202	0.00040	0.04903	0.00095	0.00367	0.02266	0.02418	0.00194	0.00269	0.00247
1.00000	0.90074	0.00337	0.00608	0.03259	0.00290	0.02146	0.01292	0.01179	0.00133	0.00682
1.00000	0.00231	0.00225	0.01235	0.00210	0.04435	0.83566	0.02126	0.01510	0.05152	0.01310
1.00000	0.00246	0.01180	0.78298	0.02890	0.00799	0.00886	0.13323	0.00690	0.01477	0.00211
1.00000	0.01049	0.03307	0.08548	0.75791	0.00144	0.01201	0.00459	0.02143	0.07123	0.00235
1.00000	0.05600	0.02241	0.65860	0.03676	0.05425	0.00792	0.01659	0.02014	0.09544	0.03189
1.00000	0.00378	0.00126	0.01238	0.02189	0.00902	0.78847	0.01115	0.00323	0.13551	0.01332
1.00000	0.00118	0.78439	0.01197	0.00235	0.01292	0.11371	0.01579	0.01218	0.03691	0.00860
1.00000	0.73371	0.00131	0.09611	0.02046	0.01314	0.01365	0.05516	0.01443	0.04807	0.00396
1.00000	0.02606	0.00389	0.17935	0.26815	0.00296	0.00724	0.00463	0.37758	0.12423	0.00591
1.00000	0.00935	0.00452	0.09164	0.00838	0.00215	0.00736	0.00294	0.00198	0.85063	0.02105
0.00000	0.00396	0.00729	0.01187	0.00979	0.19082	0.01194	0.02538	0.01412	0.02190	0.70292
1.00000	0.06460	0.00106	0.00647	0.00211	0.52668	0.02201	0.04082	0.02118	0.01307	0.30201
0.00000	0.00773	0.00149	0.43813	0.05582	0.00173	0.00417	0.00406	0.00252	0.48084	0.00351
1.00000	0.00271	0.01717	0.86964	0.01997	0.00667	0.01091	0.01462	0.00041	0.04994	0.00797
1.00000	0.00293	0.05590	0.01760	0.26409	0.04191	0.08110	0.02232	0.04206	0.32668	0.14542
