1.00000	0.00183	0.95573	0.00182	0.00077	0.00657	0.00494	0.01717	0.00402	0.00425	0.00291
1.00000	0.00021	0.00070	0.00473	0.00467	0.00906	0.00075	0.00016	0.97456	0.00023	0.00494
1.00000	0.90051	0.00493	0.00218	0.00419	0.00050	0.01889	0.03440	0.00231	0.02433	0.00776
1.00000	0.05574	0.00450	0.00330	0.01847	0.00711	0.83658	0.00296	0.00192	0.04108	0.02835
1.00000	0.00760	0.00992	0.01165	0.00836	0.75630	0.08497	0.00829	0.06244	0.01354	0.03692
1.00000	0.01285	0.04972	0.00239	0.00443	0.14520	0.11426	0.00368	0.49071	0.00513	0.17163
1.00000	0.00449	0.00273	0.00107	0.00998	0.00243	0.95044	0.00806	0.00738	0.00268	0.01074
1.00000	0.10503	0.01357	0.48204	0.02168	0.10456	0.06217	0.16866	0.01043	0.01913	0.01272
0.00000	0.00067	0.00704	0.07001	0.01366	0.22676	0.01630	0.02454	0.17277	0.01128	0.45699
1.00000	0.05567	0.00538	0.04102	0.01962	0.23591	0.11454	0.02379	0.14270	0.10545	0.25591
1.00000	0.00102	0.92537	0.00455	0.00685	0.01343	0.01105	0.00723	0.00994	0.01012	0.01043
1.00000	0.00599	0.00046	0.97622	0.00053	0.00336	0.00013	0.01275	0.00034	0.00013	0.00010
1.00000	0.00242	0.03758	0.00684	0.00764	0.72563	0.06594	0.00415	0.03401	0.00916	0.10663
1.00000	0.00116	0.96177	0.00162	0.00092	0.00401	0.00374	0.00963	0.00263	0.00609	0.00842
1.00000	0.00894	0.73767	0.03210	0.02579	0.02050	0.03678	0.00162	0.08965	0.04252	0.00444
1.00000	0.02289	0.06638	0.14062	0.31180	0.05810	0.13727	0.07052	0.09535	0.04582	0.05124
1.00000	0.00020	0.98449	0.00049	0.00055	0.00531	0.00098	0.00224	0.00224	0.00096	0.00253
1.00000	0.00386	0.00522	0.00309	0.00235	0.05698	0.05144	0.83050	0.00025	0.04546	0.00084
1.00000	0.00012	0.00255	0.00065	0.00021	0.91199	0.04169	0.00042	0.00056	0.00141	0.04040
1.00000	0.00204	0.00067	0.01776	0.00749	0.23860	0.03704	0.00491	0.04094	0.08002	0.57053
1.00000	0.02966	0.00783	0.01379	0.79331	0.00206	0.10525	0.00936	0.00694	0.02768	0.00412
1.00000	0.00138	0.00060	0.00062	0.00118	0.77939	0.00700	0.00844	0.01928	0.02065	0.16147
1.00000	0.00015	0.00022	0.00008	0.00199	0.05089	0.00531	0.00024	0.00296	0.00263	0.93553
1.00000	0.07324	0.00410	0.03760	0.15641	0.01008	0.01755	0.06051	0.00730	0.60814	0.02506
1.00000	0.00154	0.00051	0.00132	0.03511	0.05765	0.01365	0.00132	0.00741	0.08663	0.79485
1.00000	0.60390	0.00825	0.08256	0.04824	0.01191	0.07871	0.07988	0.01435	0.04777	0.02443
1.00000	0.00281	0.00035	0.00149	0.01038	0.02123	0.02649	0.00066	0.80204	0.00799	0.12656
1.00000	0.05284	0.00158	0.03476	0.00112	0.00459	0.02005	0.80686	0.00048	0.06794	0.00977
1.00000	0.05626	0.02704	0.06002	0.00950	0.03738	0.26515	0.04181	0.00936	0.45792	0.03557
1.00000	0.00842	0.00011	0.00265	0.00037	0.00088	0.00110	0.98548	0.00012	0.00063	0.00024
1.00000	0.04117	0.66895	0.01431	0.03006	0.03741	0.02350	0.01114	0.04754	0.07357	0.05235
1.00000	0.03036	0.00406	0.02449	0.73196	0.00758	0.18142	0.00177	0.00083	0.01560	0.00191
1.00000	0.00147	0.95526	0.00205	0.00161	0.00585	0.01366	0.00625	0.00713	0.00261	0.00412
1.00000	0.02347	0.00211	0.07184	0.00345	0.41113	0.13614	0.02817	0.07331	0.17270	0.07769
1.00000	0.00040	0.00055	0.01746	0.00019	0.00212	0.00229	0.97511	0.00142	0.00034	0.00013
1.00000	0.00398	0.08743	0.76784	0.00826	0.04233	0.00709	0.03698	0.00144	0.03891	0.00574
1.00000	0.00241	0.01046	0.01429	0.01916	0.08426	0.15883	0.06645	0.06479	0.52432	0.05503
1.00000	0.91606	0.00032	0.01389	0.01961	0.00480	0.01510	0.01219	0.01124	0.00392	0.00287
1.00000	0.00475	0.08799	0.05088	0.01772	0.48630	0.06701	0.01954	0.04171	0.00163	0.22247
1.00000	0.01614	0.00489	0.42958	0.09125	0.03788	0.00781	0.01437	0.09700	0.19203	0.10904
1.00000	0.18778	0.00105	0.00683	0.44090	0.00481	0.17245	0.05072	0.00304	0.11514	0.01727
1.00000	0.00083	0.00426	0.95645	0.02030	0.00144	0.00078	0.00202	0.01218	0.00158	0.00017
1.00000	0.99526	0.00025	0.00010	0.00020	0.00023	0.00246	0.00116	0.00011	0.00007	0.00015
1.00000	0.00228	0.00396	0.02905	0.00416	0.30317	0.03945	0.02560	0.04007	0.02985	0.52241
1.00000	0.02711	0.04575	0.58281	0.10102	0.02273	0.02914	0.01093	0.02558	0.15059	0.00433
1.00000	0.00064	0.97016	0.00251	0.00099	0.00319	0.00281	0.01012	0.00320	0.00191	0.00448
1.00000	0.00414	0.00674	0.05726	0.77752	0.00192	0.05300	0.00198	0.01053	0.08355	0.00335
1.00000	0.00735	0.00441	0.05461	0.72524	0.01724	0.01761	0.00726	0.06454	0.10013	0.00162
0.00000	0.00167	0.01309	0.00222	0.44301	0.01656	0.11561	0.00097	0.00435	0.37221	0.03030
1.00000	0.02831	0.00299	0.05969	0.16130	0.01752	0.58816	0.04968	0.01770	0.04560	0.02905
0.00000	0.03815	0.01085	0.08010	0.00565	0.20148	0.07768	0.06827	0.01770	0.39561	0.10451
1.00000	0.02388	0.00068	0.00411	0.00732	0.01286	0.06529	0.87630	0.00044	0.00799	0.00113
1.00000	0.00098	0.04586	0.01658	0.04878	0.00327	0.00675	0.00066	0.84156	0.00256	0.03300
1.00000	0.03623	0.00396	0.01157	0.01350	0.01306	0.02277	0.02850	0.79727	0.00673	0.06641
1.00000	0.15315	0.00996	0.00505	0.07000	0.02600	0.69409	0.00527	0.00431	0.03023	0.00193
1.00000	0.00153	0.01891	0.05248	0.00282	0.18724	0.02334	0.00629	0.02700	0.02801	0.65238
1.00000	0.00451	0.01990	0.00362	0.00047	0.90070	0.00276	0.02773	0.00765	0.01335	0.01931
1.00000	0.01078	0.00958	0.01155	0.01151	0.75533	0.02060	0.01186	0.06684	0.00777	0.09419
1.00000	0.73723	0.00571	0.07100	0.06274	0.00660	0.02937	0.05126	0.00833	0.01920	0.00857
1.00000	0.01161	0.00182	0.00140	0.04676	0.01044	0.09548	0.00884	0.00663	0.49074	0.32630
1.00000	0.00551	0.00104	0.00435	0.03336	0.14150	0.58639	0.08822	0.00164	0.05807	0.07991
1.00000	0.48733	0.02432	0.00510	0.02735	0.01215	0.12789	0.03688	0.15409	0.02564	0.09926
1.00000	0.01141	0.00453	0.00888	0.03109	0.43153	0.15588	0.03435	0.05468	0.02843	0.23923
1.00000	0.00028	0.00069	0.00229	0.00858	0.09185	0.03652	0.00205	0.01919	0.00495	0.83361
1.00000	0.00294	0.00870	0.01082	0.02469	0.00398	0.00162	0.00167	0.94098	0.00080	0.00379
1.00000	0.00201	0.00185	0.00685	0.00640	0.05289	0.01026	0.01121	0.88118	0.00384	0.02350
1.00000	0.03979	0.00058	0.07864	0.00528	0.05947	0.01838	0.02322	0.16717	0.03233	0.57515
1.00000	0.00375	0.02502	0.00952	0.03542	0.01316	0.00326	0.00096	0.85413	0.01551	0.03927
1.00000	0.00164	0.00215	0.00052	0.01630	0.17762	0.03514	0.00532	0.11633	0.00519	0.63978
1.00000	0.01857	0.00644	0.06985	0.00931	0.04509	0.03239	0.75712	0.02763	0.02315	0.01046
1.00000	0.84751	0.00101	0.02840	0.00785	0.00472	0.02548	0.05141	0.00753	0.02084	0.00526
1.00000	0.09788	0.00256	0.00091	0.12866	0.02107	0.60387	0.03860	0.04549	0.02055	0.04040
1.00000	0.00363	0.04257	0.00137	0.00421	0.00249	0.89118	0.00107	0.01151	0.02238	0.01958
1.00000	0.01591	0.00596	0.05032	0.01430	0.06209	0.01479	0.78085	0.01150	0.02027	0.02403
1.00000	0.00608	0.01202	0.05587	0.00217	0.06027	0.08530	0.69922	0.00093	0.04620	0.03193
1.00000	0.00708	0.09008	0.03909	0.00150	0.02733	0.74277	0.03084	0.01297	0.03027	0.01807
1.00000	0.00206	0.01117	0.00823	0.06517	0.07337	0.02932	0.00650	0.40878	0.14887	0.24652
1.00000	0.39963	0.05395	0.02654	0.04558	0.08614	0.19241	0.03535	0.13577	0.01605	0.00858
1.00000	0.00029	0.00008	0.00084	0.00164	0.00354	0.00219	0.00064	0.96732	0.00019	0.02327
1.00000	0.00510	0.04459	0.00056	0.00174	0.02366	0.83836	0.00190	0.04824	0.01554	0.02032
1.00000	0.00159	0.00288	0.00370	0.02519	0.12575	0.07296	0.00264	0.04114	0.00600	0.71815
1.00000	0.00776	0.02797	0.01451	0.00471	0.57436	0.04647	0.09108	0.04189	0.05933	0.13192
1.00000	0.00203	0.00210	0.01933	0.01120	0.82678	0.02404	0.00374	0.02143	0.00187	0.08746
1.00000	0.00436	0.00018	0.00670	0.01379	0.23859	0.00685	0.00183	0.02289	0.03447	0.67035
1.00000	0.00214	0.00106	0.98611	0.00663	0.00061	0.00016	0.00079	0.00107	0.00137	0.00005
1.00000	0.86161	0.00285	0.00185	0.04295	0.00042	0.01433	0.01681	0.00268	0.05448	0.00202
1.00000	0.08873	0.01788	0.51729	0.05343	0.03456	0.08480	0.12791	0.01142	0.04205	0.02193
1.00000	0.00414	0.00274	0.00021	0.00911	0.10961	0.01351	0.00119	0.52895	0.00179	0.32875
1.00000	0.00048	0.96493	0.00144	0.00086	0.00253	0.00143	0.00424	0.00658	0.00023	0.01729
1.00000	0.01748	0.10544	0.01692	0.45786	0.05179	0.21752	0.03675	0.01171	0.06294	0.02160
1.00000	0.00791	0.01484	0.89220	0.00400	0.02639	0.00514	0.02933	0.00839	0.00905	0.00275
1.00000	0.88994	0.00121	0.01483	0.01741	0.00238	0.01715	0.03468	0.01222	0.00259	0.00759
1.00000	0.04546	0.00219	0.01700	0.00124	0.00793	0.08392	0.83649	0.00103	0.00229	0.00245
1.00000	0.00106	0.94731	0.01551	0.00162	0.00882	0.00522	0.00198	0.00861	0.00188	0.00799
1.00000	0.00054	0.00047	0.00069	0.00570	0.00101	0.01277	0.00116	0.95924	0.00367	0.01475
1.00000	0.00983	0.00472	0.00504	0.00348	0.24116	0.11562	0.08277	0.35717	0.04417	0.13605
0.00000	0.20509	0.00292	0.01139	0.01436	0.28590	0.09984	0.02441	0.23781	0.02415	0.09414
0.00000	0.00266	0.00194	0.00315	0.00394	0.15485	0.03019	0.00245	0.02509	0.14898	0.62675
1.00000	0.01533	0.00582	0.02614	0.00162	0.77611	0.00715	0.02545	0.11995	0.00730	0.01513
1.00000	0.00149	0.00012	0.00013	0.00171	0.00425	0.01081	0.00032	0.96472	0.00117	0.01528
1.00000	0.03033	0.03751	0.02711	0.00511	0.05635	0.14559	0.00672	0.50532	0.04057	0.14539
1.00000	0.00352	0.00629	0.04383	0.00281	0.39635	0.01062	0.49699	0.01204	0.00032	0.02723
1.00000	0.00044	0.00042	0.02189	0.03299	0.00054	0.00248	0.00069	0.00032	0.93539	0.00484
0.00000	0.03745	0.01069	0.03616	0.01456	0.42540	0.00955	0.14924	0.18103	0.01686	0.11906
0.00000	0.14455	0.08859	0.18261	0.11476	0.02485	0.09329	0.10194	0.00491	0.24330	0.00121
1.00000	0.04482	0.00057	0.00068	0.00216	0.00037	0.81055	0.00127	0.00058	0.13890	0.00010
1.00000	0.05767	0.00900	0.02432	0.03600	0.58870	0.07773	0.06175	0.08459	0.02333	0.03691
1.00000	0.01340	0.00932	0.01397	0.78655	0.03821	0.06284	0.02485	0.03505	0.01451	0.00131
1.00000	0.00558	0.00047	0.00125	0.00128	0.81169	0.01848	0.00306	0.00838	0.00146	0.14834
1.00000	0.00031	0.00006	0.00012	0.00272	0.00172	0.00139	0.00021	0.98769	0.00013	0.00564
0.00000	0.19372	0.02831	0.09871	0.14697	0.11128	0.11188	0.08283	0.10190	0.03211	0.09228
1.00000	0.00272	0.00067	0.04535	0.02961	0.00125	0.01470	0.00164	0.00137	0.87454	0.02814
1.00000	0.00064	0.00316	0.01111	0.01733	0.01757	0.02449	0.00838	0.00990	0.85011	0.05731
1.00000	0.00091	0.03843	0.00041	0.00327	0.00362	0.01176	0.00031	0.88416	0.00918	0.04795
1.00000	0.00497	0.86608	0.00408	0.00632	0.00823	0.02097	0.00907	0.02124	0.01614	0.04290
1.00000	0.06526	0.00315	0.02285	0.71159	0.00146	0.14259	0.00804	0.01444	0.02565	0.00496
1.00000	0.00660	0.00019	0.01096	0.00026	0.01138	0.01271	0.95285	0.00013	0.00253	0.00239
1.00000	0.00073	0.00019	0.00260	0.01455	0.14270	0.00712	0.00171	0.00672	0.03463	0.78907
1.00000	0.00119	0.94593	0.00231	0.00249	0.02058	0.00520	0.00602	0.00321	0.00284	0.01024
1.00000	0.00065	0.00888	0.00191	0.00708	0.06432	0.00356	0.00042	0.88281	0.00065	0.02971
1.00000	0.00874	0.00202	0.05915	0.00661	0.73158	0.01555	0.07063	0.03682	0.00770	0.06119
0.00000	0.02189	0.03401	0.09967	0.04065	0.39612	0.05379	0.21000	0.11875	0.00665	0.01848
1.00000	0.06793	0.03522	0.23004	0.38765	0.02026	0.03959	0.14765	0.04507	0.02276	0.00381
1.00000	0.90039	0.00102	0.00998	0.01106	0.00248	0.03286	0.00865	0.00260	0.02806	0.00290
1.00000	0.00342	0.06630	0.01078	0.07215	0.04035	0.49687	0.00646	0.19793	0.04434	0.06138
1.00000	0.03792	0.00118	0.01823	0.76553	0.00059	0.14176	0.01185	0.00445	0.00983	0.00866
1.00000	0.02309	0.00837	0.59606	0.00641	0.15307	0.01316	0.17490	0.01597	0.00490	0.00407
1.00000	0.00668	0.00340	0.06654	0.65287	0.00666	0.08052	0.00300	0.01524	0.16001	0.00506
1.00000	0.11716	0.00446	0.01896	0.06416	0.01458	0.65050	0.00832	0.04718	0.04622	0.02845
1.00000	0.04613	0.00057	0.00660	0.08333	0.00412	0.78421	0.00062	0.00477	0.06382	0.00583
1.00000	0.00012	0.00006	0.00010	0.00435	0.04666	0.01035	0.00086	0.00462	0.01456	0.91833
0.00000	0.01809	0.05241	0.05713	0.30388	0.05175	0.25658	0.05405	0.04754	0.09061	0.06796
1.00000	0.00423	0.00013	0.00911	0.00285	0.06398	0.01580	0.90256	0.00009	0.00089	0.00036
1.00000	0.00016	0.00019	0.00053	0.00066	0.88052	0.00696	0.00288	0.07776	0.00040	0.02993
1.00000	0.94762	0.00033	0.00693	0.00266	0.00113	0.01100	0.01110	0.00182	0.01605	0.00136
1.00000	0.00779	0.00621	0.01763	0.04453	0.03726	0.01846	0.01032	0.06626	0.57416	0.21739
1.00000	0.95167	0.00045	0.00108	0.00378	0.00144	0.03131	0.00484	0.00194	0.00157	0.00192
1.00000	0.00695	0.01169	0.01168	0.09168	0.02258	0.02354	0.00853	0.76365	0.01401	0.04568
1.00000	0.13109	0.02754	0.43184	0.06678	0.02547	0.09430	0.11702	0.04187	0.06027	0.00382
1.00000	0.05740	0.03702	0.01261	0.00995	0.11046	0.08607	0.03249	0.17863	0.32388	0.15151
1.00000	0.00938	0.00829	0.04436	0.21119	0.00660	0.11726	0.11910	0.01081	0.45294	0.02007
1.00000	0.15361	0.00238	0.02292	0.10870	0.02114	0.30115	0.07373	0.00302	0.30676	0.00657
1.00000	0.00071	0.00036	0.00074	0.00689	0.00194	0.00122	0.00037	0.96486	0.00039	0.02252
1.00000	0.00715	0.05741	0.46603	0.23560	0.00328	0.03950	0.00402	0.05711	0.11287	0.01704
1.00000	0.00477	0.00341	0.08350	0.01921	0.01074	0.01257	0.83175	0.00762	0.01157	0.01486
1.00000	0.93899	0.00051	0.00087	0.00099	0.01266	0.01196	0.02931	0.00270	0.00087	0.00114
1.00000	0.00555	0.02287	0.00530	0.02449	0.05194	0.73971	0.07100	0.00193	0.05887	0.01835
1.00000	0.03391	0.00557	0.02553	0.12848	0.00347	0.59744	0.01221	0.08717	0.10445	0.00177
1.00000	0.00717	0.01150	0.91986	0.00804	0.00226	0.00187	0.00444	0.00349	0.03800	0.00337
1.00000	0.03064	0.00467	0.00303	0.02577	0.01066	0.91624	0.00176	0.00095	0.00433	0.00195
1.00000	0.00351	0.73431	0.03790	0.01895	0.04057	0.02828	0.02686	0.01375	0.05394	0.04192
1.00000	0.00147	0.00031	0.00301	0.94246	0.00036	0.00744	0.00125	0.00567	0.03757	0.00046
1.00000	0.02364	0.01542	0.04912	0.01463	0.02463	0.00929	0.79612	0.00421	0.04075	0.02220
1.00000	0.12539	0.00367	0.09195	0.00401	0.49198	0.04542	0.12500	0.07068	0.01721	0.02468
1.00000	0.01106	0.12793	0.03134	0.02969	0.05326	0.00408	0.00314	0.63122	0.02871	0.07957
1.00000	0.00452	0.00101	0.00553	0.00144	0.92020	0.00247	0.00417	0.00698	0.00176	0.05193
1.00000	0.93294	0.01691	0.00264	0.00538	0.00145	0.00704	0.00539	0.00106	0.02429	0.00291
0.00000	0.02683	0.02880	0.26241	0.11826	0.00637	0.01432	0.01865	0.00366	0.51961	0.00108
1.00000	0.28649	0.01327	0.10221	0.01420	0.09661	0.02825	0.25443	0.10850	0.01631	0.07974
0.00000	0.03916	0.01810	0.41789	0.29917	0.01486	0.00860	0.00524	0.12528	0.06544	0.00626
1.00000	0.00691	0.00040	0.00235	0.00221	0.06452	0.02055	0.00601	0.01273	0.03599	0.84832
1.00000	0.00638	0.00417	0.86851	0.06540	0.00264	0.00468	0.00550	0.01204	0.02902	0.00165
1.00000	0.00859	0.00255	0.00093	0.05435	0.00670	0.83073	0.03950	0.00503	0.03974	0.01188
0.00000	0.44629	0.01953	0.25184	0.01214	0.00316	0.01032	0.13950	0.01473	0.08482	0.01767
0.00000	0.00990	0.01214	0.05781	0.00481	0.35109	0.13106	0.16897	0.02564	0.11012	0.12844
1.00000	0.00299	0.02351	0.00742	0.03126	0.13701	0.03173	0.00809	0.01921	0.16738	0.57140
1.00000	0.00234	0.00034	0.00058	0.00754	0.09349	0.03475	0.00345	0.05381	0.00892	0.79479
1.00000	0.01651	0.02412	0.08151	0.01509	0.01489	0.01668	0.81123	0.00454	0.00434	0.01109
1.00000	0.01039	0.00116	0.10366	0.06890	0.02761	0.02100	0.00343	0.00426	0.75551	0.00408
1.00000	0.18596	0.00212	0.71787	0.01891	0.00656	0.00462	0.04109	0.00570	0.01392	0.00326
1.00000	0.70753	0.00416	0.04056	0.00587	0.00582	0.06648	0.08883	0.01947	0.03084	0.03045
1.00000	0.00065	0.02237	0.01182	0.08663	0.00589	0.00675	0.00137	0.00557	0.83731	0.02163
1.00000	0.03952	0.01452	0.00486	0.00337	0.00155	0.85743	0.06746	0.00139	0.00843	0.00148
1.00000	0.00549	0.00263	0.00240	0.02216	0.75861	0.00685	0.00719	0.02467	0.01026	0.15973
1.00000	0.01692	0.00015	0.00912	0.00021	0.00282	0.01457	0.95542	0.00016	0.00056	0.00008
1.00000	0.03787	0.00470	0.01420	0.00418	0.64667	0.07486	0.02744	0.00660	0.03471	0.14877
1.00000	0.00827	0.00090	0.00059	0.01386	0.00050	0.00358	0.00042	0.96636	0.00290	0.00262
1.00000	0.02303	0.02301	0.02041	0.65480	0.00453	0.02735	0.00638	0.06763	0.09711	0.07576
1.00000	0.00071	0.00070	0.01085	0.00249	0.00063	0.02051	0.00176	0.00249	0.94757	0.01229
0.00000	0.00373	0.00928	0.26427	0.18545	0.00975	0.02000	0.00361	0.03924	0.45745	0.00722
1.00000	0.29687	0.00625	0.03876	0.01815	0.18631	0.03324	0.11148	0.22864	0.01192	0.06838
1.00000	0.01705	0.04757	0.00983	0.50728	0.05187	0.13483	0.02920	0.02070	0.13213	0.04953
1.00000	0.01252	0.01765	0.01147	0.00081	0.03683	0.09653	0.81740	0.00056	0.00548	0.00074
1.00000	0.00111	0.95632	0.00568	0.00066	0.00618	0.00726	0.00161	0.01641	0.00088	0.00388
1.00000	0.00584	0.00499	0.00461	0.68880	0.00058	0.13174	0.00210	0.03223	0.11859	0.01052
1.00000	0.13195	0.00799	0.05606	0.19720	0.02450	0.03127	0.00777	0.01237	0.50351	0.02737
1.00000	0.01742	0.06767	0.11915	0.03142	0.03093	0.02538	0.02999	0.04853	0.59215	0.03737
1.00000	0.01536	0.00832	0.00164	0.00099	0.00603	0.93628	0.01694	0.00498	0.00540	0.00406
0.00000	0.13817	0.00805	0.09995	0.20816	0.02241	0.11573	0.03505	0.05179	0.19672	0.12397
1.00000	0.03792	0.00678	0.04794	0.78678	0.00180	0.02634	0.02055	0.00976	0.05827	0.00387
0.00000	0.44808	0.01387	0.03594	0.37175	0.00169	0.03096	0.05341	0.01855	0.02238	0.00338
1.00000	0.01034	0.00092	0.00133	0.00143	0.71551	0.03513	0.03583	0.04140	0.01378	0.14432
1.00000	0.01001	0.01959	0.09826	0.64874	0.00192	0.04653	0.00709	0.01449	0.14681	0.00655
0.00000	0.00951	0.01769	0.54712	0.17054	0.04491	0.03126	0.02897	0.12694	0.00609	0.01697
1.00000	0.04870	0.00937	0.09361	0.03703	0.02931	0.08232	0.05664	0.08430	0.46161	0.09710
1.00000	0.00427	0.00112	0.08426	0.24400	0.03929	0.05449	0.00609	0.06129	0.48904	0.01616
1.00000	0.94522	0.00005	0.00067	0.00203	0.00041	0.02140	0.02457	0.00213	0.00276	0.00075
1.00000	0.02046	0.00060	0.00117	0.02560	0.00433	0.89899	0.00623	0.00933	0.00989	0.02341
1.00000	0.00108	0.02591	0.06924	0.88940	0.00047	0.00884	0.00018	0.00056	0.00296	0.00136
1.00000	0.02245	0.00200	0.06060	0.00245	0.58158	0.15151	0.09950	0.02624	0.01834	0.03533
1.00000	0.00578	0.07212	0.01557	0.01004	0.64165	0.08263	0.02754	0.05396	0.01068	0.08002
1.00000	0.00015	0.00025	0.00028	0.01091	0.01436	0.00118	0.00102	0.04581	0.05293	0.87312
1.00000	0.01582	0.00253	0.01315	0.02554	0.23758	0.16208	0.01735	0.15840	0.03044	0.33713
1.00000	0.01128	0.00605	0.16917	0.76491	0.00124	0.01360	0.00257	0.00474	0.02398	0.00245
1.00000	0.00155	0.00122	0.03528	0.01387	0.07112	0.00717	0.01246	0.07222	0.07024	0.71487
1.00000	0.01421	0.01142	0.02992	0.01836	0.02759	0.30949	0.03671	0.00197	0.40228	0.14806
1.00000	0.00034	0.00060	0.00018	0.00147	0.19377	0.01077	0.00053	0.00357	0.00375	0.78500
1.00000	0.01369	0.02905	0.00796	0.10611	0.02643	0.06675	0.05286	0.00462	0.66398	0.02854
1.00000	0.96525	0.00211	0.00140	0.00955	0.00052	0.01267	0.00460	0.00091	0.00079	0.00219
1.00000	0.00089	0.94361	0.01575	0.00132	0.00668	0.01324	0.00093	0.00359	0.00299	0.01101
1.00000	0.00823	0.00166	0.00915	0.43958	0.01446	0.01879	0.00138	0.02471	0.33212	0.14992
1.00000	0.92910	0.00025	0.00096	0.00566	0.00065	0.03673	0.01964	0.00054	0.00546	0.00102
1.00000	0.01192	0.01390	0.55201	0.01105	0.23368	0.00598	0.01633	0.09455	0.00146	0.05913
1.00000	0.00066	0.00260	0.00020	0.02693	0.04381	0.01291	0.00338	0.08868	0.15276	0.66805
1.00000	0.00012	0.00111	0.00111	0.00136	0.01298	0.00197	0.00016	0.92140	0.00036	0.05945
1.00000	0.00302	0.00421	0.02901	0.00594	0.01242	0.21015	0.17287	0.00014	0.55716	0.00507
1.00000	0.16102	0.00990	0.00757	0.01905	0.03540	0.06971	0.02164	0.62457	0.02016	0.03097
1.00000	0.99315	0.00004	0.00126	0.00127	0.00013	0.00062	0.00090	0.00025	0.00138	0.00100
1.00000	0.00193	0.01866	0.00061	0.01273	0.08692	0.03123	0.00107	0.10900	0.02353	0.71431
1.00000	0.08180	0.00148	0.16540	0.00565	0.05152	0.01420	0.64395	0.00334	0.01551	0.01716
1.00000	0.00267	0.04554	0.00469	0.02305	0.00843	0.00825	0.00075	0.86498	0.00314	0.03850
1.00000	0.00992	0.00132	0.00189	0.00363	0.84648	0.06482	0.01126	0.02089	0.01271	0.02709
1.00000	0.00218	0.00140	0.00097	0.00119	0.00965	0.00704	0.00179	0.87595	0.00029	0.09954
1.00000	0.01714	0.66674	0.06940	0.03650	0.01112	0.00769	0.01444	0.01885	0.12985	0.02826
1.00000	0.00156	0.00280	0.00071	0.05156	0.05644	0.02464	0.00079	0.01018	0.08249	0.76881
1.00000	0.02465	0.01986	0.67509	0.15046	0.00597	0.01255	0.04862	0.05440	0.00705	0.00134
1.00000	0.20200	0.02421	0.49437	0.08657	0.02390	0.01185	0.03575	0.04087	0.06327	0.01720
1.00000	0.00098	0.00783	0.91275	0.02829	0.00185	0.00158	0.01850	0.00228	0.02562	0.00031
1.00000	0.00174	0.92931	0.00320	0.00201	0.01170	0.01266	0.01920	0.00404	0.00782	0.00831
1.00000	0.00222	0.00490	0.05012	0.09072	0.03059	0.00692	0.01744	0.00182	0.77929	0.01597
1.00000	0.01438	0.00134	0.03695	0.73738	0.00942	0.05457	0.00491	0.02792	0.10554	0.00758
1.00000	0.00251	0.00038	0.00662	0.89229	0.00176	0.04875	0.00394	0.00552	0.03749	0.00074
1.00000	0.00056	0.00143	0.00667	0.93223	0.00265	0.00288	0.00015	0.00241	0.04914	0.00187
1.00000	0.01322	0.00008	0.00038	0.00196	0.01101	0.01415	0.00306	0.94842	0.00047	0.00723
1.00000	0.70066	0.01180	0.05750	0.09528	0.01278	0.02184	0.06708	0.02056	0.00749	0.00502
0.00000	0.21302	0.01560	0.08442	0.01642	0.04344	0.12648	0.11009	0.05041	0.14041	0.19971
1.00000	0.37390	0.00745	0.08788	0.01730	0.11517	0.05610	0.15398	0.09887	0.01180	0.07755
1.00000	0.01690	0.00450	0.03157	0.41913	0.01153	0.08382	0.01438	0.01426	0.36343	0.04049
1.00000	0.00048	0.97178	0.00135	0.00131	0.00268	0.00926	0.00645	0.00415	0.00116	0.00139
1.00000	0.00323	0.01794	0.00156	0.58909	0.00879	0.33768	0.00444	0.01102	0.02492	0.00133
1.00000	0.00903	0.00544	0.00530	0.00550	0.06247	0.09018	0.03182	0.77816	0.00204	0.01005
1.00000	0.02450	0.00034	0.00141	0.00385	0.00085	0.86745	0.07547	0.00034	0.01997	0.00582
0.00000	0.05662	0.47420	0.01545	0.00477	0.00326	0.34260	0.06307	0.00490	0.03272	0.00241
1.00000	0.00702	0.00281	0.00975	0.10555	0.01110	0.01672	0.00378	0.01708	0.78215	0.04405
1.00000	0.00345	0.05922	0.00234	0.01721	0.06392	0.00654	0.00116	0.76700	0.00590	0.07326
1.00000	0.01602	0.00043	0.00512	0.05787	0.00376	0.01330	0.01594	0.10978	0.71847	0.05932
1.00000	0.00314	0.09140	0.01892	0.00251	0.75459	0.01536	0.00708	0.05492	0.01439	0.03770
1.00000	0.02190	0.01479	0.00194	0.08968	0.02056	0.79916	0.00943	0.00525	0.02691	0.01040
1.00000	0.03135	0.00407	0.01599	0.00596	0.86731	0.00653	0.01759	0.03653	0.00727	0.00740
1.00000	0.03573	0.00480	0.81138	0.03651	0.03112	0.01521	0.04108	0.00676	0.01144	0.00597
1.00000	0.00501	0.03449	0.00126	0.01348	0.07265	0.01416	0.00414	0.06183	0.16812	0.62486
1.00000	0.00038	0.96738	0.00163	0.00051	0.00159	0.00197	0.00197	0.02199	0.00043	0.00214
1.00000	0.00135	0.01016	0.00708	0.00202	0.66143	0.09806	0.01514	0.02015	0.00519	0.17941
1.00000	0.00333	0.02130	0.01727	0.08045	0.04868	0.06547	0.05760	0.00959	0.66243	0.03387
1.00000	0.00190	0.00028	0.00009	0.00163	0.07798	0.00787	0.00068	0.01026	0.00911	0.89020
1.00000	0.02581	0.00507	0.00452	0.08690	0.00413	0.72230	0.00202	0.03479	0.10491	0.00955
0.00000	0.02041	0.16562	0.00803	0.21274	0.15391	0.14930	0.03525	0.12658	0.01810	0.11007
1.00000	0.00018	0.00032	0.00201	0.00434	0.00092	0.01894	0.00251	0.00180	0.96154	0.00744
1.00000	0.02064	0.01167	0.10853	0.25865	0.02286	0.04201	0.01141	0.01592	0.50742	0.00089
1.00000	0.89600	0.01203	0.01836	0.02685	0.00418	0.01579	0.00698	0.00327	0.01285	0.00370
1.00000	0.00785	0.00636	0.03704	0.04339	0.09624	0.46059	0.24594	0.00718	0.07599	0.01941
1.00000	0.07553	0.02902	0.42481	0.12170	0.05410	0.03394	0.13537	0.02683	0.08772	0.01099
1.00000	0.05373	0.00567	0.00235	0.00129	0.05883	0.23298	0.58837	0.00024	0.05357	0.00298
1.00000	0.04999	0.01163	0.07977	0.09941	0.01658	0.01019	0.00400	0.63996	0.06601	0.02245
1.00000	0.00585	0.03939	0.03137	0.55216	0.02723	0.15416	0.00766	0.12226	0.03067	0.02927
1.00000	0.00017	0.00028	0.00992	0.01217	0.11514	0.01405	0.00171	0.01516	0.04544	0.78596
1.00000	0.00383	0.00762	0.93113	0.01915	0.00236	0.00331	0.00893	0.00119	0.02017	0.00232
1.00000	0.00629	0.00229	0.00490	0.03002	0.00489	0.02970	0.00752	0.00886	0.89399	0.01155
1.00000	0.02047	0.03335	0.00906	0.00180	0.06553	0.74809	0.07077	0.00324	0.01128	0.03642
1.00000	0.02081	0.01240	0.17532	0.07866	0.10397	0.06177	0.04696	0.13571	0.23001	0.13440
1.00000	0.00035	0.00535	0.00057	0.01877	0.08093	0.05691	0.00317	0.04530	0.01278	0.77586
1.00000	0.00715	0.00186	0.92660	0.00998	0.00384	0.00386	0.03210	0.00720	0.00696	0.00045
1.00000	0.00958	0.00190	0.05028	0.00079	0.00607	0.00060	0.87726	0.00284	0.04660	0.00408
1.00000	0.00213	0.00198	0.00609	0.00630	0.16588	0.00808	0.00439	0.05535	0.02393	0.72587
1.00000	0.00110	0.01254	0.73180	0.04139	0.07667	0.01044	0.05416	0.04669	0.01370	0.01151
1.00000	0.96506	0.00261	0.00101	0.00128	0.00011	0.00395	0.00344	0.00085	0.01406	0.00763
1.00000	0.03440	0.16570	0.05610	0.00517	0.12041	0.16079	0.42383	0.00200	0.02273	0.00887
0.00000	0.00239	0.01278	0.03183	0.10938	0.02243	0.00802	0.01064	0.01022	0.71443	0.07788
1.00000	0.89810	0.00532	0.00452	0.01007	0.00298	0.05017	0.00562	0.00561	0.01650	0.00111
1.00000	0.18792	0.00421	0.07850	0.00502	0.02476	0.20252	0.47250	0.00771	0.00636	0.01049
1.00000	0.53761	0.00338	0.02249	0.03039	0.03831	0.21061	0.05607	0.07956	0.01272	0.00887
1.00000	0.03731	0.04242	0.02497	0.62355	0.00613	0.15909	0.06307	0.00943	0.03163	0.00240
1.00000	0.00105	0.02527	0.89688	0.04395	0.01043	0.00482	0.00197	0.01108	0.00358	0.00096
1.00000	0.00157	0.00391	0.00844	0.00116	0.00804	0.00684	0.95877	0.00106	0.00727	0.00294
1.00000	0.00549	0.17138	0.03032	0.03099	0.06378	0.09837	0.04400	0.10387	0.03582	0.41597
1.00000	0.00075	0.01906	0.00104	0.02050	0.01354	0.00131	0.00022	0.91318	0.00058	0.02983
1.00000	0.00412	0.00013	0.00479	0.00373	0.10941	0.02402	0.00789	0.12226	0.00278	0.72086
1.00000	0.85233	0.00150	0.00545	0.02718	0.00242	0.03190	0.00258	0.02570	0.04236	0.00857
1.00000	0.00350	0.00261	0.00677	0.00542	0.07406	0.01228	0.00250	0.18135	0.02533	0.68617
0.00000	0.15696	0.00085	0.05868	0.44543	0.00450	0.03833	0.01297	0.00330	0.25865	0.02033
1.00000	0.01680	0.00145	0.08936	0.07499	0.00856	0.05472	0.01421	0.01626	0.60621	0.11744
1.00000	0.00388	0.00208	0.11449	0.00064	0.14343	0.00795	0.68259	0.02967	0.00346	0.01181
1.00000	0.00798	0.00411	0.00109	0.00710	0.02153	0.01028	0.00386	0.85242	0.00884	0.08280
1.00000	0.28677	0.00165	0.00204	0.01881	0.00360	0.57630	0.03951	0.00339	0.06722	0.00071
1.00000	0.88680	0.00302	0.00941	0.00275	0.00091	0.01580	0.01757	0.00351	0.05772	0.00250
1.00000	0.00036	0.95624	0.02633	0.00079	0.00178	0.00910	0.00151	0.00310	0.00038	0.00040
0.00000	0.25736	0.02079	0.02081	0.32269	0.01387	0.24224	0.00466	0.04288	0.04490	0.02981
1.00000	0.04420	0.00305	0.60073	0.05418	0.06672	0.00951	0.00854	0.12250	0.01970	0.07087
1.00000	0.02614	0.00029	0.00055	0.00317	0.00126	0.89403	0.00111	0.00079	0.07110	0.00155
1.00000	0.00233	0.01835	0.02220	0.01166	0.71441	0.01571	0.05377	0.06122	0.02826	0.07210
1.00000	0.00075	0.01002	0.03612	0.01747	0.28364	0.03294	0.01820	0.54177	0.00333	0.05576
1.00000	0.01585	0.00382	0.47921	0.23786	0.00764	0.00559	0.01131	0.10902	0.12013	0.00957
1.00000	0.00058	0.00211	0.03530	0.08884	0.02190	0.03479	0.00881	0.00640	0.76713	0.03414
1.00000	0.00244	0.00009	0.00354	0.00068	0.00131	0.03820	0.95081	0.00009	0.00262	0.00021
1.00000	0.03106	0.00194	0.04845	0.00273	0.13281	0.01185	0.53778	0.02173	0.16801	0.04363
1.00000	0.00021	0.99205	0.00104	0.00050	0.00164	0.00100	0.00062	0.00136	0.00028	0.00131
0.00000	0.55195	0.01375	0.14466	0.08050	0.00261	0.08224	0.01108	0.02169	0.06097	0.03056
1.00000	0.00051	0.01337	0.00211	0.00740	0.00059	0.00118	0.00031	0.96910	0.00046	0.00497
1.00000	0.02555	0.01424	0.65543	0.01646	0.07454	0.00556	0.02479	0.11508	0.04018	0.02818
0.00000	0.15071	0.02523	0.06905	0.20503	0.00822	0.06813	0.01787	0.00623	0.42806	0.02147
1.00000	0.09087	0.02655	0.05786	0.04620	0.03091	0.52948	0.05211	0.02400	0.11333	0.02869
1.00000	0.00054	0.00015	0.00015	0.00291	0.00268	0.00899	0.00062	0.95526	0.00204	0.02668
1.00000	0.09505	0.00151	0.00340	0.05888	0.00964	0.07734	0.70424	0.00144	0.03064	0.01786
1.00000	0.85758	0.00106	0.03606	0.03486	0.00101	0.01817	0.02796	0.00400	0.00944	0.00985
1.00000	0.01155	0.00685	0.00315	0.62800	0.00575	0.20747	0.01286	0.00233	0.08768	0.03436
1.00000	0.00111	0.00025	0.00020	0.00180	0.85803	0.00239	0.00288	0.06389	0.00219	0.06724
1.00000	0.00532	0.00216	0.96950	0.00224	0.00325	0.00203	0.00511	0.00656	0.00342	0.00041
1.00000	0.03603	0.02335	0.00560	0.01350	0.36080	0.16783	0.08967	0.08791	0.13809	0.07722
1.00000	0.03756	0.01023	0.03165	0.15769	0.00150	0.68606	0.00593	0.00316	0.05447	0.01175
1.00000	0.00401	0.78209	0.00878	0.00493	0.02344	0.06386	0.08220	0.00077	0.02724	0.00267
1.00000	0.00126	0.05426	0.09428	0.05854	0.12951	0.06472	0.03952	0.44153	0.00358	0.11281
1.00000	0.00821	0.01145	0.22500	0.01546	0.02880	0.05854	0.07304	0.01224	0.56234	0.00492
1.00000	0.71272	0.00304	0.04161	0.09046	0.02308	0.01178	0.06989	0.01141	0.02571	0.01030
1.00000	0.00378	0.92475	0.00563	0.00180	0.00395	0.00413	0.02406	0.00696	0.01744	0.00748
1.00000	0.00745	0.00645	0.01978	0.00684	0.81988	0.00714	0.04400	0.02328	0.01547	0.04971
1.00000	0.00168	0.00065	0.01226	0.00637	0.70598	0.01740	0.02241	0.19934	0.00262	0.03129
1.00000	0.01950	0.00425	0.00132	0.00658	0.00689	0.89082	0.00715	0.00591	0.04531	0.01228
1.00000	0.01473	0.02466	0.00191	0.08521	0.00822	0.54403	0.00725	0.20240	0.08503	0.02654
1.00000	0.00076	0.00012	0.00354	0.02655	0.13823	0.03476	0.00960	0.00748	0.01419	0.76478
1.00000	0.79875	0.00181	0.04046	0.02652	0.01262	0.01249	0.02879	0.01707	0.02709	0.03441
1.00000	0.00188	0.00257	0.96006	0.00212	0.00058	0.00054	0.02549	0.00199	0.00459	0.00018
1.00000	0.00526	0.76629	0.00536	0.00733	0.01592	0.03837	0.03183	0.00607	0.10392	0.01965
1.00000	0.00499	0.00092	0.01742	0.00174	0.81867	0.01718	0.06508	0.06158	0.00847	0.00395
1.00000	0.93087	0.00130	0.01147	0.00864	0.00459	0.02667	0.00468	0.00388	0.00285	0.00505
1.00000	0.00026	0.00012	0.00032	0.00242	0.00141	0.00094	0.00020	0.98063	0.00091	0.01278
1.00000	0.03808	0.03733	0.12786	0.04489	0.06451	0.03198	0.11043	0.08802	0.35609	0.10083
1.00000	0.03590	0.00787	0.00155	0.15294	0.03924	0.41612	0.00664	0.04969	0.11026	0.17980
0.00000	0.01411	0.33475	0.02462	0.02736	0.01975	0.11237	0.02399	0.16587	0.10851	0.16868
1.00000	0.02076	0.00736	0.02431	0.00344	0.13675	0.04254	0.00969	0.00984	0.09532	0.64999
1.00000	0.14903	0.00597	0.00446	0.12447	0.00603	0.48047	0.06327	0.01134	0.12494	0.03002
0.00000	0.02010	0.02988	0.03371	0.16637	0.07149	0.19552	0.09928	0.01159	0.31422	0.05783
1.00000	0.00059	0.00023	0.00144	0.00015	0.91211	0.00282	0.00272	0.02140	0.00363	0.05489
1.00000	0.00034	0.00101	0.01690	0.06398	0.09798	0.00528	0.01018	0.73914	0.00950	0.05569
1.00000	0.00106	0.88196	0.01829	0.00686	0.04328	0.00201	0.00724	0.01210	0.00647	0.02073
1.00000	0.01360	0.00068	0.00550	0.00868	0.01647	0.08461	0.00455	0.81428	0.00664	0.04500
1.00000	0.00165	0.02711	0.01175	0.01428	0.00452	0.01026	0.00053	0.88029	0.01061	0.03900
1.00000	0.04972	0.17777	0.54979	0.07073	0.00505	0.00675	0.01889	0.05107	0.05262	0.01762
1.00000	0.00132	0.00513	0.98321	0.00145	0.00022	0.00080	0.00467	0.00264	0.00050	0.00007
1.00000	0.00017	0.99056	0.00104	0.00062	0.00143	0.00058	0.00121	0.00151	0.00041	0.00247
1.00000	0.00067	0.98326	0.00186	0.00060	0.00300	0.00280	0.00177	0.00206	0.00075	0.00323
1.00000	0.00325	0.00008	0.00123	0.04361	0.10932	0.07004	0.00244	0.03553	0.02171	0.71278
1.00000	0.00254	0.94912	0.00410	0.00058	0.00316	0.00528	0.01116	0.00767	0.00164	0.01476
1.00000	0.59366	0.00486	0.02491	0.01116	0.01754	0.04046	0.16066	0.06153	0.00948	0.07574
1.00000	0.00036	0.00008	0.00262	0.04186	0.00133	0.00550	0.00080	0.00093	0.94206	0.00447
1.00000	0.95040	0.00049	0.00112	0.00144	0.00054	0.01642	0.01092	0.00303	0.00856	0.00709
1.00000	0.00020	0.00008	0.00362	0.00058	0.98560	0.00181	0.00177	0.00085	0.00471	0.00077
1.00000	0.00224	0.06841	0.01399	0.03818	0.70829	0.01387	0.01900	0.00937	0.03019	0.09646
1.00000	0.16073	0.00976	0.57960	0.06798	0.03871	0.00461	0.10919	0.00399	0.02081	0.00462
1.00000	0.01049	0.00057	0.01059	0.83791	0.00251	0.02704	0.00175	0.00487	0.09679	0.00748
1.00000	0.00283	0.00069	0.00144	0.01101	0.00041	0.00084	0.00039	0.96917	0.00099	0.01224
1.00000	0.86322	0.00430	0.01288	0.00977	0.00274	0.02071	0.04300	0.00401	0.01295	0.02642
1.00000	0.00064	0.00212	0.01117	0.00215	0.00172	0.02479	0.95554	0.00007	0.00165	0.00014
1.00000	0.00646	0.00160	0.00647	0.00204	0.81409	0.02576	0.00653	0.01543	0.01852	0.10310
1.00000	0.00313	0.02179	0.00594	0.07363	0.01486	0.00243	0.00058	0.83287	0.02612	0.01866
1.00000	0.04584	0.01365	0.20346	0.09954	0.02133	0.00787	0.01275	0.03657	0.52115	0.03784
1.00000	0.00081	0.97469	0.00221	0.00108	0.00263	0.00800	0.00392	0.00234	0.00056	0.00376
1.00000	0.00635	0.24157	0.06826	0.27723	0.03659	0.15952	0.00978	0.00821	0.14669	0.04581
1.00000	0.00524	0.01169	0.02069	0.47205	0.00819	0.02450	0.00091	0.03999	0.36467	0.05208
1.00000	0.00683	0.05085	0.78344	0.07198	0.00514	0.00382	0.02568	0.00675	0.03912	0.00639
1.00000	0.02639	0.02041	0.72812	0.01232	0.00661	0.00781	0.15198	0.00249	0.01594	0.02794
1.00000	0.03378	0.00185	0.33476	0.24493	0.00276	0.02248	0.00440	0.03809	0.31413	0.00284
1.00000	0.95380	0.00009	0.00249	0.01563	0.00058	0.00797	0.01575	0.00016	0.00264	0.00089
1.00000	0.00373	0.00099	0.87336	0.01310	0.04093	0.00638	0.02986	0.01099	0.01831	0.00235
1.00000	0.00786	0.00140	0.00871	0.90809	0.00170	0.05482	0.00064	0.00739	0.00171	0.00769
1.00000	0.01601	0.00383	0.02366	0.07901	0.01695	0.25520	0.07458	0.02131	0.49180	0.01765
1.00000	0.03026	0.00065	0.02042	0.00324	0.00760	0.00473	0.92761	0.00122	0.00270	0.00158
1.00000	0.00186	0.01738	0.00793	0.00961	0.01595	0.03802	0.00145	0.04751	0.07203	0.78826
0.00000	0.00872	0.17742	0.01778	0.15974	0.03924	0.12158	0.00703	0.17415	0.16603	0.12829
1.00000	0.00242	0.03109	0.09977	0.01584	0.14199	0.01133	0.62438	0.03954	0.01699	0.01665
1.00000	0.04701	0.00103	0.00652	0.00689	0.00164	0.07390	0.00268	0.00182	0.85073	0.00780
1.00000	0.00844	0.00172	0.02848	0.01260	0.00098	0.90961	0.00513	0.00304	0.02924	0.00076
1.00000	0.00688	0.01392	0.09472	0.02724	0.34488	0.01550	0.21803	0.00234	0.24358	0.03293
1.00000	0.02044	0.00470	0.01818	0.00418	0.13307	0.01737	0.02862	0.01285	0.04222	0.71838
1.00000	0.00098	0.03743	0.00123	0.00337	0.02524	0.01621	0.00385	0.85502	0.00052	0.05615
1.00000	0.04726	0.32703	0.54075	0.01468	0.00816	0.00344	0.03146	0.00916	0.01714	0.00092
1.00000	0.00016	0.00151	0.00088	0.00169	0.00234	0.00257	0.00067	0.95795	0.00014	0.03210
1.00000	0.03197	0.00072	0.06537	0.07088	0.00296	0.03275	0.00937	0.01727	0.73617	0.03253
0.00000	0.00341	0.00178	0.00227	0.29782	0.01248	0.10492	0.00149	0.05497	0.39268	0.12817
1.00000	0.07566	0.00412	0.00493	0.05529	0.02267	0.61286	0.05802	0.00567	0.15696	0.00380
1.00000	0.46755	0.01393	0.04162	0.00780	0.03451	0.07346	0.17721	0.04896	0.08990	0.04507
0.00000	0.00587	0.16892	0.28554	0.12189	0.01294	0.00274	0.00102	0.23210	0.13188	0.03710
1.00000	0.00058	0.00339	0.00096	0.00103	0.87343	0.01499	0.00091	0.00439	0.00197	0.09835
1.00000	0.02350	0.00202	0.01658	0.00438	0.08972	0.01243	0.02489	0.02978	0.05338	0.74333
1.00000	0.00961	0.02424	0.03226	0.58414	0.01663	0.18708	0.02823	0.00486	0.07937	0.03360
1.00000	0.11428	0.01500	0.01076	0.06923	0.00648	0.68913	0.00580	0.00147	0.08593	0.00191
1.00000	0.00158	0.00053	0.00267	0.00261	0.88409	0.00935	0.05351	0.02977	0.00205	0.01385
1.00000	0.09015	0.01569	0.18423	0.39439	0.03965	0.08167	0.07505	0.00509	0.10810	0.00598
1.00000	0.86180	0.00022	0.00339	0.04433	0.00157	0.03281	0.01275	0.00119	0.00321	0.03873
1.00000	0.00517	0.00182	0.80769	0.12357	0.00700	0.01078	0.01646	0.00628	0.02093	0.00030
1.00000	0.07028	0.00521	0.19195	0.01308	0.15455	0.05092	0.12682	0.06477	0.01549	0.30692
1.00000	0.14044	0.00846	0.00370	0.52231	0.04157	0.12129	0.08999	0.00540	0.06059	0.00626
1.00000	0.00022	0.99034	0.00292	0.00052	0.00129	0.00112	0.00080	0.00144	0.00048	0.00087
1.00000	0.01425	0.00163	0.02906	0.00126	0.00553	0.15551	0.76072	0.00060	0.01280	0.01866
1.00000	0.00084	0.00042	0.00007	0.00102	0.09398	0.01580	0.00050	0.01235	0.00560	0.86943
1.00000	0.00055	0.86657	0.00415	0.01152	0.02966	0.00370	0.01249	0.01355	0.01905	0.03875
1.00000	0.00308	0.00275	0.00020	0.00891	0.06732	0.01554	0.00094	0.06703	0.06278	0.77145
1.00000	0.02002	0.01720	0.00670	0.85569	0.00528	0.05001	0.00738	0.00360	0.02797	0.00617
0.00000	0.63737	0.02211	0.13719	0.05082	0.00138	0.05896	0.01329	0.02256	0.02195	0.03437
1.00000	0.01959	0.00230	0.00611	0.00287	0.68919	0.02208	0.09995	0.07350	0.02159	0.06281
1.00000	0.00193	0.00163	0.00167	0.00227	0.71485	0.03617	0.00190	0.07152	0.00148	0.16658
1.00000	0.01695	0.01078	0.04506	0.80255	0.00134	0.04308	0.00059	0.05902	0.01478	0.00584
1.00000	0.83021	0.00241	0.00253	0.00342	0.00177	0.06609	0.00750	0.03586	0.00328	0.04692
1.00000	0.00893	0.00840	0.03914	0.01793	0.69565	0.01226	0.08129	0.02625	0.00998	0.10018
1.00000	0.06336	0.00065	0.00083	0.00021	0.76929	0.05688	0.04924	0.00667	0.00196	0.05091
1.00000	0.00964	0.83770	0.00620	0.00717	0.00273	0.05822	0.00141	0.04207	0.01856	0.01629
1.00000	0.04046	0.01206	0.01721	0.33517	0.03649	0.22689	0.02820	0.06618	0.17402	0.06332
1.00000	0.58723	0.00284	0.07438	0.01994	0.00581	0.08492	0.02992	0.02663	0.14055	0.02778
1.00000	0.00043	0.00227	0.00297	0.00357	0.05068	0.03718	0.00943	0.00819	0.01338	0.87190
1.00000	0.00077	0.00049	0.00024	0.01120	0.21281	0.00429	0.00930	0.01932	0.05978	0.68181
1.00000	0.01219	0.09922	0.05813	0.00520	0.13516	0.17312	0.43712	0.00203	0.06958	0.00825
1.00000	0.00680	0.00514	0.06872	0.06827	0.01363	0.06575	0.00986	0.00060	0.75896	0.00229
1.00000	0.01882	0.01655	0.58240	0.23461	0.00685	0.02484	0.00573	0.07438	0.02842	0.00740
0.00000	0.02602	0.04078	0.00129	0.09528	0.09967	0.31804	0.01323	0.07812	0.05396	0.27361
1.00000	0.00193	0.18016	0.00834	0.02813	0.31545	0.02452	0.00297	0.35325	0.01443	0.07082
1.00000	0.03379	0.00408	0.01179	0.04878	0.00079	0.78655	0.03162	0.01125	0.07074	0.00061
1.00000	0.00222	0.01569	0.15503	0.12176	0.13733	0.02330	0.02628	0.41397	0.06617	0.03826
1.00000	0.00570	0.02147	0.00329	0.01209	0.01524	0.02950	0.04826	0.00258	0.83688	0.02500
1.00000	0.01208	0.01193	0.00331	0.01823	0.06830	0.03233	0.01848	0.06619	0.24314	0.52600
1.00000	0.01724	0.00313	0.70300	0.03337	0.01002	0.01171	0.02580	0.01172	0.13445	0.04956
1.00000	0.10575	0.02849	0.00248	0.00092	0.01228	0.79965	0.01970	0.00782	0.01987	0.00303
1.00000	0.00758	0.00129	0.90146	0.04806	0.00540	0.00134	0.01548	0.00788	0.00631	0.00521
1.00000	0.03591	0.01324	0.02015	0.60441	0.00904	0.19274	0.03409	0.00972	0.03632	0.04439
1.00000	0.01444	0.00634	0.06662	0.02329	0.02907	0.20575	0.04262	0.02610	0.53492	0.05085
0.00000	0.01066	0.00642	0.32859	0.11584	0.00562	0.00630	0.00712	0.00601	0.49413	0.01932
1.00000	0.00277	0.00879	0.03584	0.81867	0.00811	0.03074	0.00361	0.03044	0.05889	0.00214
1.00000	0.00090	0.00486	0.00637	0.02864	0.08649	0.01324	0.00181	0.02296	0.07746	0.75728
1.00000	0.00010	0.00028	0.00675	0.00015	0.00370	0.00335	0.98445	0.00017	0.00082	0.00022
1.00000	0.00085	0.04625	0.00201	0.02121	0.03544	0.00329	0.00029	0.85871	0.00330	0.02866
1.00000	0.91187	0.00107	0.02305	0.00785	0.00243	0.03925	0.00675	0.00376	0.00183	0.00214
1.00000	0.89192	0.00875	0.02377	0.01523	0.00060	0.02049	0.01665	0.00393	0.01773	0.00091
1.00000	0.00392	0.00275	0.00700	0.00459	0.03702	0.85372	0.04945	0.00393	0.01117	0.02645
1.00000	0.01124	0.02336	0.70752	0.03640	0.00303	0.01557	0.17481	0.00784	0.01592	0.00430
1.00000	0.01385	0.00301	0.05912	0.87951	0.00907	0.00872	0.00277	0.00491	0.01795	0.00108
1.00000	0.00349	0.00678	0.68620	0.04637	0.04593	0.01440	0.01104	0.06661	0.04457	0.07461
1.00000	0.00615	0.00237	0.00773	0.00836	0.02305	0.70049	0.00859	0.00765	0.21947	0.01614
1.00000	0.00266	0.88039	0.00549	0.00205	0.01634	0.03859	0.01159	0.00580	0.03083	0.00629
1.00000	0.82818	0.00206	0.02428	0.00604	0.00849	0.01998	0.04462	0.00725	0.04206	0.01703
1.00000	0.02598	0.00519	0.17176	0.31487	0.00282	0.00209	0.00339	0.40168	0.06896	0.00327
1.00000	0.00257	0.00063	0.01088	0.00128	0.00168	0.01743	0.00271	0.00050	0.95585	0.00648
1.00000	0.00055	0.02226	0.00642	0.00318	0.44982	0.01081	0.02618	0.02138	0.01898	0.44042
1.00000	0.02589	0.00130	0.00271	0.00373	0.58733	0.07990	0.06939	0.09269	0.01154	0.12552
1.00000	0.01553	0.00482	0.47468	0.07502	0.00536	0.00636	0.03563	0.00846	0.37271	0.00142
1.00000	0.00720	0.05238	0.87638	0.00925	0.01361	0.00094	0.02014	0.00097	0.01885	0.00027
1.00000	0.00296	0.05928	0.05933	0.19265	0.09792	0.09641	0.02747	0.01043	0.38163	0.07194
