1.00000	0.00454	0.89900	0.01017	0.01036	0.00497	0.04429	0.00377	0.01390	0.00343	0.00558
1.00000	0.00050	0.00026	0.00283	0.00076	0.00313	0.00027	0.00057	0.98447	0.00010	0.00710
1.00000	0.87553	0.00200	0.02173	0.01001	0.00058	0.06144	0.00962	0.00198	0.01678	0.00031
1.00000	0.01613	0.01392	0.00281	0.00824	0.01776	0.80921	0.00203	0.00760	0.08213	0.04017
1.00000	0.00149	0.00390	0.01192	0.00349	0.80631	0.05566	0.00373	0.03873	0.02051	0.05427
1.00000	0.00916	0.04679	0.02706	0.00290	0.15092	0.09215	0.00144	0.48766	0.00934	0.17258
1.00000	0.00467	0.00508	0.00041	0.00432	0.00195	0.97395	0.00250	0.00068	0.00337	0.00307
1.00000	0.17859	0.00716	0.52001	0.01324	0.09567	0.04136	0.11444	0.01250	0.00121	0.01582
0.00000	0.00462	0.00216	0.03393	0.00518	0.09105	0.01520	0.00555	0.09356	0.00258	0.74617
0.00000	0.04295	0.01869	0.02684	0.02297	0.35376	0.04027	0.03050	0.09713	0.10776	0.25913
1.00000	0.00235	0.94278	0.00856	0.00886	0.00324	0.00281	0.00433	0.01389	0.00385	0.00933
1.00000	0.00154	0.00005	0.97922	0.00074	0.00392	0.00019	0.00603	0.00236	0.00502	0.00093
1.00000	0.00346	0.04758	0.00643	0.00659	0.63464	0.03710	0.01032	0.02073	0.00734	0.22581
1.00000	0.00150	0.90319	0.00337	0.00379	0.00169	0.02564	0.00334	0.03644	0.00930	0.01173
1.00000	0.02147	0.76234	0.03614	0.05626	0.01272	0.01236	0.00407	0.08122	0.00540	0.00802
1.00000	0.02096	0.01875	0.14558	0.23410	0.11660	0.10858	0.03485	0.11927	0.07841	0.12290
1.00000	0.00127	0.92071	0.00673	0.00159	0.00191	0.00851	0.00420	0.04390	0.00428	0.00691
1.00000	0.01068	0.01172	0.03410	0.01220	0.01290	0.13954	0.75183	0.00092	0.02395	0.00214
1.00000	0.00003	0.00097	0.00173	0.00032	0.95805	0.00612	0.00086	0.00157	0.00186	0.02847
1.00000	0.00184	0.00080	0.00683	0.00741	0.20061	0.02017	0.00076	0.00420	0.00599	0.75139
1.00000	0.01320	0.00381	0.01416	0.83738	0.00193	0.06865	0.01524	0.00882	0.03425	0.00257
1.00000	0.00045	0.00171	0.00365	0.00635	0.62208	0.00498	0.00188	0.02289	0.02756	0.30844
1.00000	0.00505	0.00047	0.00107	0.00178	0.01292	0.01584	0.00007	0.00464	0.00381	0.95436
1.00000	0.09925	0.02369	0.11187	0.25616	0.02002	0.01852	0.01385	0.01106	0.37671	0.06887
1.00000	0.00144	0.00061	0.00291	0.00251	0.03960	0.01193	0.00135	0.00467	0.07599	0.85899
1.00000	0.66057	0.00411	0.06152	0.02533	0.00164	0.05924	0.06356	0.00366	0.11659	0.00377
1.00000	0.00513	0.00022	0.00124	0.00403	0.01553	0.00591	0.00034	0.71517	0.00600	0.24643
1.00000	0.04614	0.00380	0.08765	0.01285	0.02781	0.04363	0.71859	0.01206	0.03533	0.01214
1.00000	0.03431	0.06531	0.07835	0.01846	0.12946	0.26761	0.02936	0.04338	0.29367	0.04008
1.00000	0.00896	0.00024	0.02839	0.00027	0.00480	0.00421	0.95058	0.00043	0.00168	0.00045
1.00000	0.02656	0.59876	0.04198	0.08752	0.05181	0.00836	0.00729	0.06910	0.08659	0.02202
1.00000	0.03081	0.00402	0.00515	0.91142	0.00170	0.02969	0.00468	0.00073	0.00824	0.00354
1.00000	0.01011	0.93141	0.00652	0.00674	0.00266	0.01079	0.01010	0.00180	0.01656	0.00332
1.00000	0.09338	0.00696	0.04811	0.02971	0.43282	0.03535	0.04468	0.05899	0.09569	0.15430
1.00000	0.00611	0.00088	0.01744	0.00793	0.02256	0.00967	0.92654	0.00250	0.00517	0.00120
1.00000	0.00525	0.07217	0.75581	0.01808	0.00785	0.00913	0.05169	0.04965	0.02601	0.00436
1.00000	0.00472	0.00622	0.00780	0.01559	0.20814	0.18482	0.05833	0.06321	0.42294	0.02824
1.00000	0.88011	0.00516	0.01935	0.00251	0.01656	0.02773	0.02927	0.00415	0.00683	0.00832
1.00000	0.00285	0.06769	0.01378	0.00640	0.44201	0.07093	0.00625	0.08746	0.00384	0.29880
1.00000	0.03828	0.00418	0.60290	0.00852	0.00982	0.01930	0.02030	0.04172	0.19751	0.05747
1.00000	0.16210	0.00794	0.01447	0.53670	0.00540	0.06735	0.04974	0.00186	0.15164	0.00281
1.00000	0.00134	0.00091	0.97258	0.00926	0.00101	0.00113	0.00336	0.00662	0.00365	0.00013
1.00000	0.98229	0.00064	0.00056	0.00034	0.00104	0.00631	0.00766	0.00042	0.00066	0.00008
1.00000	0.00279	0.00488	0.06669	0.00690	0.19176	0.01319	0.00938	0.01653	0.00840	0.67948
1.00000	0.03204	0.03494	0.53395	0.11448	0.03447	0.05203	0.05063	0.02442	0.11640	0.00663
1.00000	0.00229	0.92300	0.01399	0.01021	0.00326	0.00732	0.00731	0.01212	0.01767	0.00285
1.00000	0.02697	0.01608	0.05625	0.81243	0.00233	0.03131	0.00184	0.02435	0.02680	0.00165
1.00000	0.03469	0.00603	0.01776	0.80581	0.01068	0.00875	0.00336	0.06370	0.04270	0.00653
0.00000	0.00094	0.01792	0.00058	0.59824	0.00172	0.04780	0.00018	0.00247	0.23970	0.09045
1.00000	0.02907	0.01102	0.01104	0.12814	0.01232	0.64297	0.06547	0.01561	0.06676	0.01760
1.00000	0.06010	0.00181	0.05178	0.01243	0.31484	0.09821	0.04031	0.10206	0.21193	0.10653
1.00000	0.01710	0.00419	0.00379	0.03530	0.00981	0.10578	0.81088	0.00019	0.00800	0.00497
1.00000	0.00112	0.02509	0.03158	0.03739	0.00150	0.00378	0.00079	0.85724	0.00358	0.03794
1.00000	0.04171	0.00863	0.01829	0.03004	0.04113	0.05437	0.00261	0.71425	0.00396	0.08502
1.00000	0.03428	0.02283	0.00536	0.16541	0.01184	0.66149	0.00193	0.00277	0.08976	0.00432
1.00000	0.00079	0.03618	0.03628	0.02006	0.12815	0.01264	0.00893	0.01918	0.00415	0.73365
1.00000	0.00402	0.00277	0.02213	0.00138	0.86717	0.01290	0.00256	0.01870	0.01833	0.05004
1.00000	0.00991	0.01488	0.00817	0.00467	0.76209	0.01985	0.05451	0.05992	0.00696	0.05904
1.00000	0.80347	0.03352	0.02110	0.02509	0.02037	0.01519	0.01198	0.00219	0.06122	0.00588
1.00000	0.04400	0.00261	0.01251	0.03208	0.04911	0.06690	0.03439	0.02718	0.59044	0.14080
1.00000	0.02718	0.00175	0.00737	0.04301	0.04713	0.78691	0.04887	0.00672	0.00942	0.02165
1.00000	0.54919	0.01944	0.04785	0.06382	0.03023	0.15473	0.00662	0.06342	0.01618	0.04852
1.00000	0.00723	0.00095	0.00107	0.00779	0.56240	0.07912	0.06768	0.02045	0.04155	0.21177
1.00000	0.00027	0.00036	0.00214	0.00097	0.05915	0.00363	0.00028	0.02998	0.00204	0.90118
1.00000	0.00342	0.00077	0.01288	0.01443	0.00533	0.00515	0.00145	0.95300	0.00147	0.00209
1.00000	0.00056	0.01054	0.02855	0.00145	0.01329	0.01653	0.00073	0.84622	0.00174	0.08040
1.00000	0.09535	0.00438	0.07123	0.02110	0.09794	0.03500	0.05780	0.08279	0.02170	0.51272
1.00000	0.00072	0.00371	0.00561	0.04879	0.00383	0.00513	0.00090	0.84063	0.02216	0.06852
1.00000	0.00128	0.00329	0.00100	0.01341	0.07934	0.00583	0.00156	0.05657	0.01072	0.82700
1.00000	0.14138	0.00835	0.20606	0.06344	0.05316	0.00935	0.45238	0.03757	0.02473	0.00356
1.00000	0.74698	0.00480	0.06824	0.01493	0.00298	0.13473	0.02137	0.00252	0.00304	0.00040
1.00000	0.05774	0.00462	0.00883	0.21576	0.02888	0.54432	0.07681	0.01898	0.01138	0.03269
1.00000	0.02762	0.01054	0.00506	0.01270	0.00280	0.89884	0.00091	0.01769	0.01981	0.00403
1.00000	0.03226	0.00246	0.16061	0.04054	0.04747	0.01775	0.63508	0.01198	0.03272	0.01913
1.00000	0.03132	0.00784	0.09301	0.00139	0.05408	0.14360	0.64080	0.00317	0.01568	0.00910
1.00000	0.00497	0.01849	0.02666	0.00366	0.02277	0.78656	0.00621	0.09757	0.00870	0.02440
1.00000	0.00636	0.00798	0.01552	0.02217	0.02443	0.01107	0.00091	0.51367	0.09980	0.29811
1.00000	0.34344	0.02337	0.02692	0.02449	0.03088	0.34330	0.01341	0.15212	0.00586	0.03621
1.00000	0.00107	0.00025	0.00175	0.00072	0.00105	0.00283	0.00022	0.92578	0.00051	0.06581
1.00000	0.01344	0.02159	0.00721	0.00353	0.02962	0.77508	0.00292	0.11088	0.02747	0.00826
1.00000	0.00041	0.00219	0.00569	0.01005	0.07928	0.03285	0.00066	0.03988	0.00548	0.82353
1.00000	0.00148	0.01835	0.00866	0.01141	0.52873	0.03745	0.14579	0.01806	0.03998	0.19010
1.00000	0.00122	0.00196	0.03713	0.00314	0.89130	0.01031	0.01275	0.03344	0.00191	0.00683
1.00000	0.00071	0.00020	0.00510	0.00132	0.16425	0.00193	0.00086	0.00523	0.00955	0.81087
1.00000	0.02027	0.00087	0.97063	0.00117	0.00057	0.00033	0.00202	0.00226	0.00164	0.00023
1.00000	0.95716	0.00088	0.00949	0.00344	0.00143	0.00913	0.00465	0.00131	0.01199	0.00052
1.00000	0.06048	0.00353	0.75929	0.03559	0.01023	0.02447	0.05962	0.01291	0.01328	0.02061
0.00000	0.00654	0.00251	0.00104	0.00042	0.03167	0.01341	0.00079	0.42750	0.00652	0.50961
1.00000	0.00234	0.84575	0.00779	0.00226	0.00143	0.03783	0.00255	0.05793	0.00168	0.04044
1.00000	0.00627	0.12477	0.03360	0.49566	0.00368	0.26250	0.02008	0.00879	0.03077	0.01388
1.00000	0.01017	0.00349	0.90576	0.01133	0.01892	0.00109	0.03317	0.00167	0.01218	0.00221
1.00000	0.85591	0.00563	0.02917	0.00684	0.00419	0.02770	0.04802	0.01230	0.00300	0.00724
1.00000	0.05546	0.00414	0.05489	0.00102	0.00447	0.07969	0.79688	0.00088	0.00175	0.00083
1.00000	0.00991	0.88749	0.05274	0.01036	0.01354	0.00576	0.00261	0.01057	0.00255	0.00447
1.00000	0.00127	0.00021	0.00105	0.00365	0.00139	0.00518	0.00113	0.95782	0.00821	0.02010
1.00000	0.01204	0.01454	0.02604	0.00989	0.07007	0.08811	0.01584	0.58966	0.06595	0.10785
0.00000	0.11170	0.00752	0.02269	0.01419	0.29995	0.06954	0.03112	0.18151	0.06338	0.19840
0.00000	0.00100	0.00039	0.00102	0.00287	0.11458	0.02402	0.00236	0.03878	0.14831	0.66667
1.00000	0.01035	0.00246	0.02126	0.00732	0.79851	0.00147	0.02158	0.06577	0.01805	0.05323
1.00000	0.01174	0.00016	0.00024	0.00107	0.00774	0.00138	0.00008	0.96654	0.00013	0.01091
1.00000	0.01986	0.01812	0.09428	0.00328	0.06745	0.09171	0.00987	0.59172	0.00931	0.09440
1.00000	0.01176	0.00174	0.12342	0.02534	0.32924	0.03054	0.39881	0.02174	0.00332	0.05409
1.00000	0.00065	0.00043	0.00193	0.01437	0.00017	0.00340	0.00050	0.00127	0.97515	0.00211
0.00000	0.00775	0.01420	0.06974	0.01802	0.52101	0.01780	0.10506	0.13192	0.06151	0.05299
1.00000	0.15579	0.00926	0.26842	0.20069	0.02311	0.04755	0.07986	0.00246	0.20315	0.00970
1.00000	0.00587	0.00218	0.00130	0.00110	0.00019	0.92358	0.00017	0.00126	0.06355	0.00079
1.00000	0.02672	0.00507	0.06231	0.00731	0.65346	0.07032	0.09589	0.03375	0.02803	0.01713
1.00000	0.09655	0.03808	0.02563	0.73180	0.00513	0.05534	0.00644	0.01281	0.02219	0.00604
1.00000	0.00093	0.00104	0.01640	0.00035	0.69726	0.02401	0.00929	0.00645	0.00395	0.24031
1.00000	0.00120	0.00023	0.00022	0.00038	0.00114	0.00087	0.00004	0.97275	0.00068	0.02250
0.00000	0.18215	0.03042	0.12586	0.09320	0.07641	0.16145	0.05135	0.05598	0.10203	0.12114
1.00000	0.01095	0.00094	0.00890	0.02183	0.00371	0.00657	0.00536	0.04006	0.88556	0.01611
1.00000	0.01436	0.00366	0.00476	0.01441	0.00804	0.03621	0.00253	0.02951	0.84599	0.04053
1.00000	0.00153	0.01445	0.00375	0.00395	0.00346	0.01712	0.00071	0.85496	0.00858	0.09150
1.00000	0.00448	0.71275	0.01655	0.02214	0.00216	0.09553	0.00887	0.06716	0.01550	0.05488
1.00000	0.08684	0.00252	0.06789	0.66060	0.00101	0.16324	0.00555	0.00258	0.00795	0.00182
1.00000	0.00533	0.00198	0.00587	0.00023	0.00284	0.00257	0.97958	0.00017	0.00058	0.00085
1.00000	0.00157	0.00013	0.02257	0.00083	0.06045	0.00637	0.00045	0.02393	0.01642	0.86727
1.00000	0.00109	0.90473	0.01158	0.00309	0.00975	0.00884	0.01112	0.02132	0.01395	0.01453
1.00000	0.00735	0.01811	0.00561	0.00475	0.00880	0.00595	0.00085	0.90936	0.00104	0.03818
1.00000	0.00140	0.00247	0.07654	0.01218	0.74406	0.03540	0.02007	0.02163	0.00773	0.07852
0.00000	0.02525	0.02405	0.16619	0.04191	0.32827	0.07307	0.08005	0.19869	0.00616	0.05636
1.00000	0.03147	0.02240	0.27588	0.55131	0.00282	0.03370	0.03370	0.00823	0.03883	0.00166
1.00000	0.81311	0.00264	0.04644	0.00429	0.01420	0.03191	0.02118	0.01227	0.05064	0.00332
1.00000	0.01060	0.07282	0.00512	0.01941	0.00750	0.58083	0.00177	0.15308	0.00912	0.13976
1.00000	0.01097	0.00147	0.01114	0.88323	0.00042	0.06668	0.02056	0.00258	0.00240	0.00054
1.00000	0.02302	0.00340	0.75915	0.02712	0.11517	0.00261	0.05563	0.00442	0.00565	0.00381
1.00000	0.00339	0.00365	0.18198	0.70894	0.03073	0.02829	0.00855	0.00149	0.02978	0.00320
1.00000	0.07594	0.01975	0.01044	0.26551	0.00705	0.57353	0.00680	0.01835	0.01305	0.00958
1.00000	0.00404	0.00082	0.00042	0.04990	0.00043	0.89386	0.00032	0.00036	0.04890	0.00094
1.00000	0.00033	0.00159	0.00445	0.00051	0.02876	0.00878	0.00012	0.00253	0.00831	0.94462
1.00000	0.03796	0.00501	0.09590	0.16177	0.06032	0.19524	0.02223	0.08286	0.18976	0.14896
1.00000	0.00430	0.00435	0.00527	0.01587	0.00800	0.01861	0.93691	0.00137	0.00286	0.00247
1.00000	0.00076	0.00023	0.00351	0.00151	0.85007	0.02113	0.00142	0.04942	0.00192	0.07002
1.00000	0.85869	0.00092	0.05881	0.01232	0.00265	0.03366	0.02716	0.00390	0.00162	0.00028
1.00000	0.00804	0.01135	0.03711	0.02488	0.05861	0.07806	0.00196	0.05267	0.49065	0.23668
1.00000	0.90809	0.00220	0.00284	0.01227	0.00219	0.03799	0.02665	0.00407	0.00083	0.00287
1.00000	0.00520	0.02036	0.05530	0.07758	0.00636	0.01619	0.00415	0.74602	0.00577	0.06306
1.00000	0.22971	0.02008	0.39364	0.10865	0.00905	0.11305	0.04838	0.03152	0.04270	0.00322
0.00000	0.05808	0.02112	0.00748	0.03491	0.07683	0.07330	0.00854	0.38378	0.25559	0.08035
1.00000	0.05370	0.00418	0.02938	0.25604	0.01117	0.13351	0.05968	0.01477	0.43360	0.00397
1.00000	0.15680	0.00235	0.02981	0.17397	0.00591	0.23397	0.07490	0.00076	0.31156	0.00997
1.00000	0.00031	0.00021	0.00051	0.00014	0.00037	0.00031	0.00004	0.94832	0.00073	0.04906
1.00000	0.03403	0.04199	0.50351	0.18989	0.00226	0.01533	0.01929	0.05539	0.12749	0.01083
1.00000	0.03129	0.01762	0.09071	0.01532	0.01881	0.02758	0.69785	0.00731	0.07140	0.02212
1.00000	0.87318	0.00255	0.00619	0.01309	0.01963	0.05231	0.01736	0.00500	0.00832	0.00237
1.00000	0.00609	0.01993	0.00115	0.00308	0.03636	0.79841	0.08900	0.00718	0.00919	0.02960
1.00000	0.03923	0.02084	0.05927	0.16433	0.01720	0.48407	0.02292	0.04571	0.13567	0.01077
1.00000	0.04128	0.00361	0.88069	0.02398	0.00297	0.00373	0.00487	0.00592	0.01444	0.01850
1.00000	0.00800	0.00052	0.01173	0.03409	0.00707	0.88415	0.00637	0.00149	0.04395	0.00263
1.00000	0.00275	0.65501	0.01107	0.07647	0.02823	0.03430	0.04385	0.04966	0.02104	0.07762
1.00000	0.00305	0.00579	0.01400	0.92318	0.00042	0.03022	0.00300	0.00201	0.01619	0.00214
1.00000	0.06933	0.01883	0.08816	0.01577	0.04863	0.01679	0.65741	0.06049	0.01224	0.01234
1.00000	0.11604	0.00434	0.12804	0.00421	0.53708	0.07265	0.08299	0.00689	0.02166	0.02610
1.00000	0.01325	0.07868	0.03118	0.03498	0.00942	0.00371	0.00109	0.70337	0.00625	0.11808
1.00000	0.00055	0.00020	0.00454	0.00055	0.92590	0.00264	0.00212	0.00646	0.00702	0.05003
1.00000	0.91048	0.00095	0.02196	0.00428	0.00159	0.05245	0.00604	0.00022	0.00185	0.00017
1.00000	0.04494	0.02721	0.37585	0.17682	0.00185	0.02409	0.00155	0.01197	0.33306	0.00264
1.00000	0.47720	0.01198	0.10978	0.02405	0.07898	0.01290	0.13746	0.06221	0.01878	0.06664
0.00000	0.03658	0.01957	0.40277	0.30719	0.00192	0.02116	0.01233	0.11359	0.06436	0.02054
1.00000	0.00159	0.00023	0.00422	0.00629	0.10314	0.03755	0.01054	0.00388	0.00797	0.82459
1.00000	0.01922	0.00171	0.88175	0.03011	0.00357	0.00733	0.00798	0.03984	0.00477	0.00372
1.00000	0.00638	0.00295	0.00135	0.05204	0.00523	0.81437	0.00404	0.00954	0.06096	0.04314
0.00000	0.45786	0.00937	0.30445	0.01737	0.00652	0.02303	0.07326	0.00659	0.06767	0.03388
0.00000	0.00470	0.01202	0.07491	0.00245	0.47393	0.06868	0.07122	0.04175	0.03766	0.21268
1.00000	0.00383	0.00397	0.01050	0.06025	0.08201	0.04113	0.00410	0.01347	0.06673	0.71402
1.00000	0.00011	0.00012	0.00057	0.00307	0.04500	0.00908	0.00019	0.03231	0.00174	0.90780
1.00000	0.08124	0.01119	0.16164	0.04270	0.05057	0.02540	0.52691	0.07003	0.01483	0.01549
1.00000	0.00500	0.00092	0.08020	0.03290	0.01484	0.02709	0.00197	0.05165	0.76873	0.01671
1.00000	0.13287	0.00307	0.77472	0.01960	0.01493	0.00286	0.01582	0.01288	0.02187	0.00137
1.00000	0.57505	0.00349	0.05809	0.03161	0.04017	0.14678	0.07679	0.00647	0.05598	0.00556
1.00000	0.01155	0.01365	0.02344	0.07480	0.00296	0.01304	0.01054	0.06451	0.75504	0.03047
1.00000	0.04332	0.00335	0.00860	0.00722	0.00288	0.90682	0.01599	0.00079	0.00812	0.00291
1.00000	0.00136	0.00046	0.00192	0.00840	0.75212	0.01837	0.00383	0.04008	0.00972	0.16375
1.00000	0.00650	0.00114	0.00770	0.00119	0.00758	0.01465	0.96012	0.00033	0.00016	0.00062
1.00000	0.00240	0.00386	0.03697	0.00228	0.63887	0.01239	0.00922	0.05880	0.08675	0.14846
1.00000	0.00157	0.00009	0.00467	0.00074	0.00042	0.00147	0.00009	0.98431	0.00075	0.00589
1.00000	0.02615	0.01620	0.02244	0.53345	0.00302	0.08947	0.00665	0.04618	0.14316	0.11327
1.00000	0.00333	0.00589	0.01381	0.02967	0.00621	0.03898	0.00296	0.01017	0.85651	0.03247
1.00000	0.03049	0.00407	0.44463	0.05624	0.00338	0.00769	0.00161	0.04924	0.38228	0.02035
1.00000	0.29039	0.00943	0.08723	0.03359	0.12344	0.02764	0.16705	0.09246	0.01493	0.15386
1.00000	0.01585	0.02151	0.02922	0.56282	0.06660	0.10465	0.01796	0.04157	0.09980	0.04003
1.00000	0.02794	0.01425	0.03391	0.00143	0.03417	0.04894	0.83097	0.00138	0.00162	0.00538
1.00000	0.00355	0.95177	0.00814	0.00310	0.01103	0.00524	0.00079	0.01309	0.00077	0.00252
1.00000	0.01103	0.00515	0.00511	0.79492	0.00037	0.04223	0.00044	0.00202	0.13625	0.00248
1.00000	0.13158	0.00121	0.03809	0.35939	0.00546	0.02438	0.00413	0.00245	0.42658	0.00674
1.00000	0.02691	0.01304	0.11008	0.05839	0.01841	0.03000	0.01947	0.03858	0.63975	0.04538
1.00000	0.02121	0.00129	0.00227	0.00511	0.00544	0.87039	0.07393	0.00878	0.00603	0.00556
0.00000	0.12114	0.01688	0.14520	0.32741	0.02150	0.04166	0.03683	0.11998	0.08781	0.08158
1.00000	0.07579	0.05428	0.05519	0.70446	0.00229	0.00972	0.01287	0.00996	0.06736	0.00810
0.00000	0.39412	0.01073	0.11142	0.36080	0.00096	0.02303	0.04282	0.03143	0.02147	0.00321
1.00000	0.00437	0.00072	0.00768	0.01588	0.63967	0.02691	0.07288	0.04480	0.03543	0.15165
1.00000	0.02567	0.01977	0.14799	0.63648	0.01376	0.04753	0.01083	0.01215	0.07401	0.01182
0.00000	0.01182	0.00883	0.58380	0.09988	0.05396	0.02658	0.02564	0.13913	0.02395	0.02641
1.00000	0.11487	0.00750	0.06883	0.17673	0.05278	0.14047	0.05719	0.02192	0.27595	0.08376
1.00000	0.01602	0.00456	0.10887	0.18838	0.04477	0.06279	0.00343	0.05376	0.51198	0.00545
1.00000	0.93854	0.00034	0.01028	0.00138	0.00026	0.01927	0.00341	0.02418	0.00077	0.00157
1.00000	0.00677	0.00396	0.00083	0.02215	0.00412	0.94267	0.00620	0.00114	0.00612	0.00606
1.00000	0.00758	0.00241	0.07108	0.90674	0.00035	0.00419	0.00106	0.00167	0.00463	0.00030
1.00000	0.02354	0.00275	0.07673	0.00543	0.65550	0.07747	0.03782	0.05401	0.04880	0.01793
1.00000	0.01175	0.02190	0.08083	0.00709	0.68072	0.03990	0.00514	0.03343	0.00965	0.10959
1.00000	0.00012	0.00018	0.00074	0.00089	0.03612	0.01308	0.00048	0.03470	0.00281	0.91088
1.00000	0.01616	0.01276	0.00336	0.00664	0.22737	0.20930	0.01641	0.16429	0.01588	0.32781
1.00000	0.00804	0.00119	0.16189	0.76237	0.00027	0.02477	0.02861	0.00108	0.01012	0.00167
1.00000	0.00291	0.00398	0.06009	0.02091	0.10582	0.01264	0.01119	0.03918	0.07234	0.67093
1.00000	0.01263	0.00291	0.00869	0.00407	0.03679	0.38497	0.02638	0.00982	0.42848	0.08526
1.00000	0.00433	0.00069	0.00067	0.00213	0.03393	0.00572	0.00051	0.01013	0.00260	0.93927
1.00000	0.01347	0.00288	0.00643	0.06129	0.01319	0.07237	0.00874	0.05079	0.64084	0.13000
1.00000	0.93995	0.00149	0.01405	0.01100	0.00155	0.00992	0.00549	0.01194	0.00157	0.00304
1.00000	0.00967	0.86541	0.05373	0.01644	0.01260	0.00497	0.00483	0.01139	0.00837	0.01258
1.00000	0.01035	0.00341	0.00210	0.44074	0.01019	0.04579	0.00064	0.00706	0.38196	0.09776
1.00000	0.87482	0.00075	0.00994	0.00684	0.00089	0.08039	0.02088	0.00318	0.00188	0.00043
1.00000	0.01093	0.00776	0.60831	0.01979	0.15961	0.04637	0.01317	0.05572	0.02259	0.05574
1.00000	0.00379	0.00314	0.00123	0.01620	0.05325	0.00511	0.00019	0.20057	0.06704	0.64948
1.00000	0.00054	0.00021	0.00089	0.00022	0.00140	0.00187	0.00009	0.86876	0.00051	0.12551
1.00000	0.03035	0.02128	0.01121	0.03184	0.00345	0.23401	0.10030	0.00068	0.55850	0.00838
1.00000	0.11094	0.00317	0.00757	0.00513	0.04381	0.07463	0.00613	0.66857	0.03797	0.04209
1.00000	0.96022	0.00064	0.01102	0.00085	0.00108	0.00159	0.02087	0.00146	0.00211	0.00016
1.00000	0.00033	0.00130	0.00019	0.01320	0.02034	0.00562	0.00017	0.10058	0.01685	0.84140
1.00000	0.10577	0.00093	0.22340	0.00311	0.06333	0.02084	0.51722	0.00731	0.02310	0.03500
1.00000	0.00094	0.00728	0.00366	0.00911	0.00200	0.00110	0.00010	0.89878	0.00301	0.07402
1.00000	0.00151	0.00071	0.00710	0.00338	0.81494	0.04594	0.00227	0.02300	0.01384	0.08731
1.00000	0.01405	0.00360	0.03264	0.00070	0.01325	0.02309	0.00033	0.80575	0.00105	0.10555
1.00000	0.04236	0.59159	0.21579	0.02989	0.01649	0.00569	0.00683	0.01630	0.06142	0.01364
1.00000	0.00063	0.00091	0.00135	0.00687	0.04769	0.03058	0.00067	0.01271	0.07923	0.81934
1.00000	0.03079	0.01806	0.63076	0.19230	0.00244	0.00905	0.05050	0.05238	0.00565	0.00807
1.00000	0.14976	0.04310	0.42459	0.18821	0.04493	0.04123	0.02963	0.01513	0.05740	0.00602
1.00000	0.04116	0.00390	0.79398	0.11514	0.00079	0.00354	0.01002	0.00163	0.02845	0.00140
1.00000	0.00214	0.88916	0.00682	0.01441	0.00284	0.02545	0.03103	0.00963	0.01014	0.00837
1.00000	0.00629	0.00513	0.02507	0.06040	0.00401	0.01102	0.00871	0.00141	0.87277	0.00518
1.00000	0.01179	0.00277	0.00462	0.87740	0.00942	0.02155	0.00088	0.00923	0.05605	0.00628
1.00000	0.00379	0.00255	0.01022	0.93006	0.00389	0.01776	0.00348	0.00199	0.02314	0.00313
1.00000	0.00056	0.00174	0.00174	0.95908	0.00111	0.00693	0.00019	0.00129	0.02610	0.00126
1.00000	0.02547	0.00066	0.00367	0.00184	0.00340	0.01874	0.00212	0.91519	0.00060	0.02832
1.00000	0.58599	0.00457	0.09918	0.18583	0.00303	0.05956	0.03434	0.00811	0.01655	0.00287
1.00000	0.23094	0.01070	0.02864	0.03881	0.07850	0.15287	0.02950	0.05629	0.09417	0.27959
1.00000	0.31756	0.00871	0.06190	0.01074	0.10822	0.04191	0.15639	0.18884	0.03954	0.06618
1.00000	0.04063	0.00637	0.02500	0.38823	0.00970	0.06503	0.01280	0.01007	0.35007	0.09210
1.00000	0.00111	0.89387	0.00841	0.02695	0.00190	0.01000	0.02911	0.00955	0.01482	0.00428
1.00000	0.02182	0.02713	0.00141	0.59149	0.00070	0.32466	0.00231	0.01456	0.01504	0.00088
1.00000	0.01246	0.00587	0.06315	0.00764	0.03896	0.03727	0.00848	0.74626	0.01840	0.06153
1.00000	0.01083	0.00088	0.00033	0.04332	0.00495	0.91699	0.01250	0.00037	0.00549	0.00433
0.00000	0.07634	0.44823	0.04196	0.01152	0.00305	0.38761	0.01848	0.00348	0.00673	0.00259
1.00000	0.03093	0.00959	0.02773	0.08796	0.05236	0.03443	0.00375	0.07739	0.57865	0.09721
1.00000	0.01428	0.01057	0.00512	0.01115	0.04707	0.01457	0.00059	0.75685	0.00292	0.13688
1.00000	0.01068	0.00212	0.01191	0.04905	0.00674	0.06315	0.00134	0.09678	0.70361	0.05462
1.00000	0.00348	0.05113	0.01229	0.00752	0.63313	0.01142	0.00634	0.08793	0.01854	0.16821
1.00000	0.02068	0.01418	0.02212	0.05147	0.00675	0.78623	0.00403	0.00784	0.06092	0.02578
1.00000	0.02722	0.00699	0.04994	0.00517	0.83359	0.02264	0.00652	0.01265	0.02117	0.01410
1.00000	0.01391	0.00131	0.81722	0.00377	0.06326	0.03975	0.03320	0.00574	0.01872	0.00312
1.00000	0.00172	0.00981	0.00449	0.01414	0.06341	0.00406	0.00172	0.09393	0.06450	0.74223
1.00000	0.00554	0.91589	0.00627	0.00557	0.00993	0.00643	0.00198	0.04217	0.00157	0.00466
1.00000	0.00042	0.00437	0.03583	0.00104	0.67511	0.03196	0.00256	0.02612	0.00424	0.21835
1.00000	0.03037	0.00532	0.00810	0.12772	0.00241	0.05124	0.00648	0.00846	0.71491	0.04500
1.00000	0.00442	0.00039	0.00537	0.00034	0.04632	0.00578	0.00015	0.02178	0.00227	0.91316
1.00000	0.12064	0.01353	0.00810	0.11078	0.00803	0.51472	0.00151	0.07306	0.12245	0.02717
0.00000	0.03076	0.07169	0.01102	0.12919	0.13488	0.24320	0.03995	0.15272	0.03192	0.15466
1.00000	0.00214	0.00183	0.00177	0.01036	0.00205	0.00877	0.00060	0.00226	0.94263	0.02760
1.00000	0.05761	0.00563	0.09399	0.31744	0.00528	0.01202	0.04731	0.00052	0.45742	0.00278
1.00000	0.87375	0.00242	0.03398	0.03046	0.01419	0.02548	0.00715	0.00061	0.00725	0.00471
1.00000	0.04975	0.00978	0.05505	0.13094	0.02675	0.47287	0.10924	0.01774	0.10638	0.02149
1.00000	0.18979	0.01201	0.50874	0.05169	0.02755	0.09181	0.01825	0.01128	0.08510	0.00378
1.00000	0.06880	0.00479	0.00322	0.00602	0.01779	0.32639	0.53792	0.00059	0.02826	0.00623
1.00000	0.01626	0.00619	0.14143	0.03275	0.00433	0.03619	0.00135	0.70997	0.02526	0.02626
1.00000	0.00389	0.02420	0.02964	0.63680	0.04360	0.08740	0.02203	0.08244	0.03635	0.03365
1.00000	0.00015	0.00158	0.00096	0.00104	0.03901	0.01314	0.00023	0.00945	0.02309	0.91135
1.00000	0.00128	0.00101	0.94736	0.00699	0.00074	0.00705	0.00617	0.00262	0.02637	0.00041
1.00000	0.03336	0.00587	0.00280	0.06708	0.00105	0.01193	0.01094	0.01050	0.84268	0.01379
1.00000	0.01344	0.02836	0.00846	0.00430	0.02458	0.73324	0.09299	0.03726	0.00938	0.04800
0.00000	0.07874	0.02210	0.18322	0.10411	0.10720	0.06963	0.05006	0.14859	0.10243	0.13393
1.00000	0.00083	0.00125	0.00063	0.00343	0.05429	0.01440	0.00207	0.02618	0.01149	0.88544
1.00000	0.01436	0.00286	0.85149	0.04557	0.00761	0.00234	0.00328	0.06342	0.00799	0.00107
1.00000	0.03546	0.00537	0.10492	0.01306	0.00738	0.00889	0.78185	0.00328	0.01683	0.02296
1.00000	0.00069	0.00071	0.00385	0.00047	0.08173	0.00229	0.00017	0.08767	0.00359	0.81885
1.00000	0.01301	0.02297	0.67440	0.09638	0.01904	0.02994	0.03263	0.08830	0.00292	0.02041
1.00000	0.94107	0.00017	0.00800	0.00658	0.00036	0.02973	0.00329	0.00318	0.00682	0.00081
1.00000	0.01945	0.16305	0.08500	0.01196	0.06566	0.15457	0.46490	0.00363	0.01537	0.01640
0.00000	0.00744	0.00656	0.03391	0.19088	0.00730	0.05905	0.01140	0.00528	0.66373	0.01445
1.00000	0.92909	0.00384	0.00347	0.00638	0.00396	0.02138	0.01797	0.00564	0.00762	0.00066
1.00000	0.21445	0.01838	0.08843	0.00575	0.04923	0.24204	0.36560	0.00606	0.00407	0.00599
1.00000	0.49283	0.00758	0.01206	0.01394	0.01335	0.38506	0.02712	0.02687	0.00466	0.01652
1.00000	0.03208	0.08050	0.00878	0.66229	0.00322	0.12697	0.04054	0.00872	0.03315	0.00375
1.00000	0.00150	0.00405	0.88211	0.03207	0.00267	0.00114	0.03793	0.03315	0.00414	0.00123
1.00000	0.01415	0.00110	0.04540	0.00832	0.02141	0.00423	0.89298	0.00084	0.00721	0.00437
1.00000	0.00673	0.03707	0.04596	0.04340	0.09121	0.06403	0.02580	0.03131	0.02088	0.63362
1.00000	0.00357	0.00148	0.00059	0.00052	0.00038	0.00091	0.00004	0.90110	0.00035	0.09106
1.00000	0.00216	0.00796	0.00734	0.00187	0.07409	0.00320	0.00188	0.10278	0.01755	0.78116
1.00000	0.58106	0.00750	0.01471	0.06374	0.00151	0.20169	0.01902	0.02060	0.06793	0.02225
1.00000	0.03079	0.00208	0.01520	0.00775	0.04222	0.01224	0.00038	0.23395	0.04695	0.60846
0.00000	0.30221	0.01173	0.03752	0.44120	0.01209	0.01143	0.01790	0.01259	0.14668	0.00665
1.00000	0.03837	0.00131	0.04350	0.02917	0.03841	0.04112	0.00385	0.03321	0.61948	0.15159
1.00000	0.01867	0.00202	0.25987	0.00153	0.15464	0.00348	0.51251	0.01572	0.00278	0.02878
1.00000	0.00428	0.00808	0.00337	0.02006	0.04659	0.01612	0.00119	0.74598	0.02422	0.13011
1.00000	0.17640	0.00532	0.00305	0.07295	0.01080	0.63249	0.00709	0.00237	0.08760	0.00194
1.00000	0.77854	0.00103	0.03253	0.02436	0.00054	0.11473	0.03172	0.00544	0.01036	0.00076
1.00000	0.00402	0.94878	0.00796	0.01436	0.00423	0.00700	0.00391	0.00793	0.00074	0.00108
1.00000	0.32091	0.03704	0.01402	0.15105	0.00340	0.35798	0.04355	0.01515	0.05377	0.00313
1.00000	0.05118	0.00388	0.64706	0.01343	0.11598	0.00625	0.01963	0.03317	0.02765	0.08178
1.00000	0.01295	0.00119	0.00025	0.00256	0.00033	0.88938	0.00104	0.00018	0.09169	0.00044
1.00000	0.03028	0.00339	0.01625	0.00264	0.71280	0.04975	0.00795	0.07067	0.02188	0.08440
1.00000	0.00148	0.01110	0.01507	0.00883	0.09817	0.01300	0.00281	0.82830	0.00156	0.01967
1.00000	0.04234	0.01390	0.43006	0.21945	0.00924	0.01421	0.04233	0.11064	0.11156	0.00628
1.00000	0.00200	0.00051	0.03413	0.09975	0.00934	0.06578	0.00210	0.00072	0.77610	0.00957
1.00000	0.01200	0.00029	0.01697	0.00286	0.00186	0.00688	0.95370	0.00029	0.00236	0.00279
1.00000	0.19876	0.00094	0.11433	0.00913	0.05677	0.02513	0.31266	0.00914	0.14066	0.13250
1.00000	0.00130	0.90453	0.01480	0.00583	0.00059	0.01969	0.00231	0.04498	0.00085	0.00513
0.00000	0.59538	0.00208	0.10658	0.14693	0.01369	0.00951	0.01843	0.04388	0.05726	0.00627
1.00000	0.00012	0.00046	0.00056	0.00026	0.00011	0.00033	0.00020	0.99620	0.00036	0.00140
1.00000	0.03097	0.04937	0.58245	0.02550	0.07953	0.00508	0.02718	0.10989	0.01419	0.07583
0.00000	0.20012	0.00724	0.11168	0.22382	0.00223	0.03848	0.05665	0.00120	0.35532	0.00326
1.00000	0.14489	0.02569	0.01790	0.06275	0.01737	0.49723	0.05550	0.00977	0.16047	0.00843
1.00000	0.00162	0.00031	0.00115	0.00048	0.00038	0.00314	0.00014	0.94894	0.00201	0.04183
1.00000	0.17766	0.00234	0.03452	0.09212	0.01075	0.12919	0.50468	0.00192	0.01290	0.03393
1.00000	0.93146	0.00225	0.01735	0.00763	0.00321	0.00851	0.02394	0.00062	0.00443	0.00062
1.00000	0.01958	0.00338	0.02581	0.59394	0.01051	0.18930	0.00647	0.00093	0.12913	0.02095
1.00000	0.00054	0.00036	0.00059	0.00126	0.84380	0.00101	0.00025	0.05768	0.00115	0.09335
1.00000	0.00418	0.00230	0.96644	0.00794	0.00102	0.00069	0.00303	0.00131	0.01243	0.00067
1.00000	0.04079	0.00761	0.03942	0.00897	0.54357	0.03265	0.04659	0.03286	0.13903	0.10851
1.00000	0.01883	0.01330	0.01288	0.08833	0.00468	0.81174	0.00608	0.00438	0.03101	0.00878
1.00000	0.00804	0.78779	0.03296	0.00335	0.00872	0.04030	0.09254	0.00762	0.01156	0.00713
1.00000	0.01736	0.04971	0.06834	0.01333	0.20168	0.09724	0.01096	0.41955	0.01858	0.10324
1.00000	0.00756	0.01983	0.16174	0.06677	0.06168	0.04322	0.10842	0.01053	0.48672	0.03353
1.00000	0.77837	0.00331	0.09244	0.00273	0.01890	0.01630	0.06843	0.00246	0.00683	0.01024
1.00000	0.00381	0.90489	0.00565	0.01307	0.00066	0.01428	0.00734	0.00593	0.03800	0.00636
1.00000	0.03394	0.01085	0.00981	0.00184	0.91364	0.00268	0.00828	0.00838	0.00645	0.00412
1.00000	0.00174	0.00107	0.01484	0.00816	0.80981	0.01572	0.00359	0.10424	0.01195	0.02889
1.00000	0.08433	0.00556	0.00318	0.00691	0.00417	0.81575	0.00255	0.00866	0.05802	0.01088
1.00000	0.00575	0.00933	0.00177	0.01961	0.01660	0.58749	0.00496	0.18747	0.14441	0.02261
1.00000	0.00068	0.00058	0.00493	0.00350	0.05599	0.00231	0.00108	0.00953	0.00497	0.91643
1.00000	0.75983	0.00171	0.06970	0.00985	0.00495	0.03530	0.04215	0.03745	0.00529	0.03376
1.00000	0.00173	0.00013	0.98890	0.00061	0.00042	0.00085	0.00354	0.00020	0.00355	0.00007
1.00000	0.00120	0.81481	0.01467	0.01663	0.00295	0.03096	0.03306	0.00997	0.04713	0.02863
1.00000	0.01540	0.00134	0.02227	0.00449	0.84580	0.02231	0.00561	0.06329	0.00812	0.01138
1.00000	0.84332	0.00284	0.01438	0.00291	0.01465	0.03165	0.02316	0.01458	0.04717	0.00533
1.00000	0.00056	0.00016	0.00078	0.00042	0.00120	0.00058	0.00003	0.92194	0.00239	0.07192
1.00000	0.02973	0.03480	0.08501	0.07218	0.12471	0.09680	0.05776	0.09512	0.31128	0.09260
1.00000	0.08279	0.00720	0.00144	0.10374	0.06135	0.35464	0.01083	0.04930	0.14125	0.18746
0.00000	0.01705	0.20104	0.02314	0.01645	0.00793	0.18929	0.00502	0.19710	0.14048	0.20249
1.00000	0.00337	0.00193	0.03134	0.00419	0.06505	0.06035	0.00975	0.00491	0.02251	0.79660
1.00000	0.07249	0.01251	0.00408	0.11111	0.08840	0.40342	0.01407	0.00297	0.27473	0.01622
0.00000	0.06487	0.11963	0.00705	0.20791	0.07052	0.11448	0.05003	0.00873	0.20676	0.15002
1.00000	0.00018	0.00038	0.00210	0.00131	0.94883	0.00248	0.00206	0.00826	0.00491	0.02950
1.00000	0.00123	0.00068	0.01706	0.02950	0.07717	0.00932	0.00074	0.71030	0.00108	0.15292
1.00000	0.00277	0.86643	0.02435	0.01265	0.00384	0.00339	0.00406	0.06386	0.00523	0.01342
1.00000	0.01940	0.02499	0.00755	0.00300	0.00676	0.03009	0.00171	0.88554	0.01121	0.00976
1.00000	0.00422	0.00705	0.02650	0.04627	0.00400	0.00238	0.00025	0.83865	0.00759	0.06309
1.00000	0.03796	0.07119	0.62727	0.15294	0.00272	0.02851	0.03718	0.02358	0.01520	0.00345
1.00000	0.00094	0.00022	0.99305	0.00394	0.00025	0.00011	0.00038	0.00065	0.00013	0.00032
1.00000	0.00177	0.90417	0.00699	0.00400	0.00049	0.01517	0.00761	0.04681	0.00351	0.00948
1.00000	0.00167	0.96468	0.00488	0.00368	0.00314	0.00371	0.00245	0.01153	0.00185	0.00241
1.00000	0.00490	0.00025	0.00208	0.00099	0.11578	0.07185	0.01095	0.00368	0.01158	0.77794
1.00000	0.00134	0.87643	0.00987	0.00450	0.00466	0.04839	0.00130	0.04756	0.00081	0.00514
1.00000	0.70120	0.01785	0.01946	0.03614	0.03903	0.03601	0.04699	0.04529	0.00667	0.05136
1.00000	0.00162	0.00020	0.00085	0.00124	0.00012	0.00488	0.01346	0.00089	0.97496	0.00180
1.00000	0.84303	0.00146	0.03449	0.00180	0.00361	0.08863	0.01973	0.00477	0.00118	0.00129
1.00000	0.00004	0.00050	0.00797	0.00057	0.94002	0.00603	0.02111	0.00450	0.00099	0.01826
1.00000	0.00165	0.07844	0.01668	0.02698	0.67658	0.01743	0.01288	0.01473	0.01458	0.14005
1.00000	0.17401	0.00119	0.63727	0.00877	0.02206	0.01478	0.06536	0.00352	0.07194	0.00110
1.00000	0.01104	0.00606	0.02668	0.86319	0.00349	0.01903	0.00454	0.01563	0.04419	0.00615
1.00000	0.00014	0.00092	0.00110	0.00160	0.00012	0.00031	0.00002	0.99303	0.00029	0.00247
1.00000	0.92699	0.00230	0.02576	0.00371	0.00421	0.01581	0.00294	0.01027	0.00411	0.00390
1.00000	0.00186	0.00076	0.00760	0.00041	0.00600	0.03776	0.94369	0.00025	0.00069	0.00098
1.00000	0.00029	0.00132	0.00415	0.00294	0.87058	0.01639	0.01083	0.00163	0.00674	0.08513
1.00000	0.00325	0.02340	0.00834	0.04131	0.00572	0.00584	0.00029	0.86085	0.01120	0.03981
1.00000	0.01121	0.00981	0.25285	0.12092	0.01656	0.06318	0.00745	0.01730	0.47005	0.03067
1.00000	0.00112	0.90347	0.00466	0.00676	0.00771	0.00931	0.01008	0.04879	0.00082	0.00727
1.00000	0.00428	0.15409	0.01367	0.34548	0.04128	0.11852	0.00432	0.03459	0.17193	0.11184
1.00000	0.00312	0.00743	0.00691	0.62971	0.00087	0.01999	0.00244	0.01387	0.28947	0.02618
1.00000	0.01504	0.03771	0.75284	0.03809	0.00264	0.01373	0.01991	0.04488	0.07420	0.00096
1.00000	0.01586	0.00429	0.91283	0.00125	0.00246	0.00530	0.04928	0.00365	0.00325	0.00182
0.00000	0.09564	0.01309	0.20964	0.24529	0.01915	0.01164	0.01160	0.01689	0.37252	0.00454
1.00000	0.92656	0.00066	0.00760	0.00712	0.00017	0.03127	0.02314	0.00276	0.00062	0.00010
1.00000	0.00676	0.00484	0.89128	0.01030	0.04649	0.00209	0.01757	0.01163	0.00724	0.00178
1.00000	0.01119	0.00659	0.00894	0.88202	0.00071	0.06187	0.00194	0.01398	0.00393	0.00882
1.00000	0.02571	0.00682	0.04913	0.10254	0.01473	0.11446	0.03010	0.00809	0.63265	0.01577
1.00000	0.08283	0.00439	0.11182	0.00747	0.00490	0.02302	0.73925	0.01434	0.00431	0.00766
1.00000	0.00071	0.00160	0.00122	0.00498	0.02227	0.00722	0.00083	0.01631	0.01531	0.92956
0.00000	0.02885	0.05205	0.01952	0.21589	0.00862	0.05845	0.01287	0.34322	0.03513	0.22542
1.00000	0.01451	0.00865	0.12997	0.04793	0.09116	0.05652	0.55148	0.02468	0.02754	0.04757
1.00000	0.02456	0.00271	0.02454	0.05323	0.00941	0.14905	0.00701	0.01131	0.65653	0.06166
1.00000	0.00119	0.00117	0.00111	0.02659	0.00029	0.96271	0.00278	0.00008	0.00397	0.00010
0.00000	0.04066	0.03221	0.20699	0.06091	0.21593	0.01582	0.17996	0.00246	0.21997	0.02509
1.00000	0.00994	0.00042	0.02182	0.00041	0.11870	0.01717	0.02066	0.00803	0.01007	0.79279
1.00000	0.00207	0.01379	0.00088	0.00246	0.00670	0.01576	0.00089	0.85941	0.00067	0.09737
1.00000	0.00842	0.16800	0.70419	0.02982	0.00169	0.02435	0.03052	0.01757	0.01400	0.00143
1.00000	0.00023	0.00136	0.00048	0.00023	0.00102	0.00067	0.00024	0.95410	0.00052	0.04116
1.00000	0.10995	0.00165	0.04880	0.06499	0.01992	0.01180	0.00384	0.05745	0.65776	0.02384
1.00000	0.01491	0.00269	0.00136	0.38015	0.00575	0.15791	0.00050	0.00898	0.37595	0.05181
1.00000	0.03958	0.01943	0.01144	0.11117	0.02069	0.66962	0.05632	0.00107	0.06610	0.00458
1.00000	0.56254	0.01962	0.09282	0.00894	0.00905	0.09014	0.08369	0.07015	0.01372	0.04933
0.00000	0.00693	0.09024	0.35985	0.12599	0.00830	0.00342	0.00181	0.30455	0.08164	0.01727
1.00000	0.00018	0.00056	0.00540	0.00142	0.88913	0.00376	0.00056	0.00209	0.01487	0.08204
1.00000	0.00708	0.00126	0.00755	0.00202	0.10369	0.00387	0.00183	0.00662	0.02393	0.84215
1.00000	0.02365	0.01532	0.08854	0.65209	0.01462	0.09756	0.00498	0.00590	0.06043	0.03692
1.00000	0.05286	0.00488	0.00251	0.11079	0.01320	0.69452	0.01139	0.00044	0.10755	0.00186
1.00000	0.00099	0.00574	0.00132	0.00070	0.87356	0.01366	0.00184	0.04711	0.00536	0.04972
1.00000	0.11345	0.00829	0.16595	0.41799	0.00967	0.04793	0.09667	0.00290	0.12845	0.00871
1.00000	0.88351	0.00081	0.03002	0.03606	0.00102	0.01344	0.02043	0.00446	0.00345	0.00681
1.00000	0.00425	0.00336	0.71554	0.22557	0.00340	0.00124	0.00589	0.00906	0.03149	0.00019
1.00000	0.10343	0.00188	0.27437	0.01640	0.13463	0.06404	0.06723	0.01970	0.03115	0.28717
1.00000	0.24964	0.00239	0.01416	0.57770	0.00150	0.01509	0.07805	0.00382	0.05057	0.00708
1.00000	0.00204	0.91889	0.02138	0.00220	0.00133	0.01761	0.00635	0.02602	0.00130	0.00288
1.00000	0.10398	0.00200	0.08183	0.00335	0.00539	0.24896	0.53587	0.00109	0.01477	0.00276
1.00000	0.00504	0.00083	0.00033	0.00338	0.03762	0.02949	0.00095	0.03982	0.01090	0.87165
1.00000	0.00160	0.84649	0.01249	0.01839	0.01464	0.00530	0.00609	0.04187	0.01442	0.03870
1.00000	0.00237	0.00182	0.00056	0.00357	0.04666	0.00803	0.00104	0.14387	0.02252	0.76956
1.00000	0.04515	0.00950	0.01981	0.83602	0.00017	0.02629	0.03662	0.00101	0.02179	0.00364
0.00000	0.57400	0.04715	0.16721	0.08311	0.00684	0.05763	0.00811	0.04419	0.00694	0.00483
1.00000	0.02486	0.00258	0.00969	0.00961	0.74751	0.06768	0.05734	0.00819	0.01121	0.06132
1.00000	0.00095	0.00101	0.00326	0.00129	0.69328	0.01006	0.00354	0.04772	0.00391	0.23498
1.00000	0.01316	0.01113	0.04102	0.78360	0.00053	0.06592	0.00112	0.05847	0.02142	0.00362
1.00000	0.82859	0.00491	0.04832	0.00995	0.00368	0.03019	0.00310	0.05143	0.00238	0.01745
1.00000	0.00670	0.00994	0.02304	0.00208	0.70780	0.03520	0.03649	0.08131	0.05003	0.04741
1.00000	0.06094	0.00162	0.00885	0.00238	0.68793	0.03967	0.02810	0.08819	0.02989	0.05243
1.00000	0.01532	0.78692	0.04913	0.02516	0.00287	0.05577	0.00357	0.04766	0.00493	0.00867
1.00000	0.08114	0.00911	0.01184	0.39363	0.00257	0.17829	0.00906	0.03418	0.24412	0.03607
1.00000	0.57768	0.00340	0.08264	0.01734	0.00617	0.12916	0.05442	0.00518	0.09241	0.03160
1.00000	0.00087	0.00229	0.00193	0.00115	0.07661	0.01259	0.00110	0.04190	0.01048	0.85108
1.00000	0.00039	0.00077	0.00089	0.00151	0.09168	0.00198	0.00063	0.02063	0.03366	0.84787
1.00000	0.01441	0.11547	0.03825	0.00346	0.04328	0.15520	0.57591	0.00531	0.04446	0.00425
1.00000	0.03423	0.00612	0.07331	0.04104	0.00041	0.00996	0.01809	0.00052	0.81566	0.00067
1.00000	0.01762	0.06788	0.47711	0.20641	0.01435	0.04109	0.02246	0.08054	0.06860	0.00395
1.00000	0.03555	0.01442	0.00438	0.12154	0.06406	0.27185	0.03926	0.06107	0.01441	0.37347
1.00000	0.00366	0.18070	0.01691	0.00860	0.13797	0.05772	0.00197	0.46473	0.00902	0.11872
1.00000	0.06416	0.01010	0.00242	0.13512	0.00359	0.67308	0.04886	0.00098	0.05872	0.00297
1.00000	0.02960	0.02061	0.18433	0.11717	0.06414	0.00556	0.02067	0.34979	0.12799	0.08015
1.00000	0.03063	0.02544	0.01492	0.00381	0.00178	0.05488	0.00764	0.00454	0.80225	0.05411
1.00000	0.00892	0.00485	0.05626	0.01828	0.10325	0.05345	0.01321	0.16469	0.11018	0.46691
1.00000	0.04006	0.00152	0.80417	0.02779	0.04511	0.02724	0.01973	0.00099	0.02643	0.00696
1.00000	0.11997	0.00654	0.02320	0.00069	0.01698	0.74811	0.04107	0.01179	0.02321	0.00844
1.00000	0.01032	0.00134	0.89816	0.02031	0.01051	0.01495	0.02180	0.01377	0.00230	0.00655
1.00000	0.09960	0.02656	0.01571	0.60812	0.01052	0.10533	0.01876	0.02478	0.08523	0.00539
1.00000	0.09788	0.00767	0.04907	0.03800	0.02514	0.11958	0.00928	0.06562	0.49473	0.09302
1.00000	0.02641	0.00418	0.51890	0.05739	0.00567	0.01119	0.01033	0.00153	0.35103	0.01336
1.00000	0.00766	0.00216	0.02858	0.78436	0.00071	0.02901	0.00089	0.00397	0.14086	0.00180
1.00000	0.00210	0.00161	0.00154	0.00339	0.07972	0.03140	0.00140	0.01539	0.06553	0.79792
1.00000	0.00042	0.00316	0.00319	0.00020	0.00218	0.00166	0.98824	0.00012	0.00051	0.00033
1.00000	0.00265	0.03798	0.00315	0.00640	0.02606	0.00287	0.00039	0.86031	0.00113	0.05907
1.00000	0.97472	0.00057	0.00222	0.00113	0.00401	0.00682	0.00758	0.00190	0.00068	0.00037
1.00000	0.95972	0.01036	0.00082	0.00349	0.00257	0.01576	0.00369	0.00269	0.00064	0.00025
1.00000	0.00166	0.00182	0.03566	0.00281	0.02225	0.84241	0.02864	0.01634	0.02435	0.02407
1.00000	0.04637	0.02054	0.81624	0.02539	0.00844	0.00707	0.05797	0.01123	0.00511	0.00164
1.00000	0.01983	0.00189	0.10996	0.83626	0.00174	0.00804	0.00726	0.00332	0.00934	0.00237
1.00000	0.00556	0.00285	0.65813	0.01239	0.01699	0.02722	0.07055	0.02841	0.12505	0.05287
1.00000	0.00862	0.00088	0.03481	0.00102	0.00382	0.83542	0.00342	0.00085	0.09061	0.02055
1.00000	0.00155	0.81800	0.00755	0.01596	0.00767	0.07234	0.01987	0.02625	0.00588	0.02494
1.00000	0.70451	0.01002	0.07570	0.01529	0.00668	0.00899	0.10630	0.01178	0.04887	0.01187
1.00000	0.01751	0.00387	0.25453	0.17748	0.00288	0.00698	0.00143	0.44640	0.07653	0.01238
1.00000	0.02093	0.01256	0.06948	0.02447	0.02101	0.01903	0.03440	0.00353	0.78952	0.00508
0.00000	0.00438	0.01392	0.01079	0.00830	0.16369	0.02672	0.00355	0.01732	0.00614	0.74519
1.00000	0.05152	0.00103	0.02233	0.00531	0.50287	0.08379	0.03147	0.08622	0.02046	0.19500
1.00000	0.00767	0.00159	0.56763	0.11723	0.00143	0.01175	0.00711	0.00716	0.27630	0.00213
1.00000	0.01956	0.04575	0.87101	0.00982	0.01596	0.00618	0.02115	0.00063	0.00811	0.00184
1.00000	0.01240	0.05828	0.05209	0.21770	0.05574	0.05265	0.04867	0.00674	0.41516	0.08058
