1.00000	0.00210	0.87826	0.00744	0.00093	0.03987	0.00560	0.00424	0.00500	0.01064	0.04592
1.00000	0.00057	0.00155	0.00078	0.00524	0.00197	0.00090	0.00027	0.97355	0.00124	0.01393
1.00000	0.85480	0.00628	0.00280	0.00988	0.00161	0.03825	0.06493	0.00885	0.00405	0.00856
1.00000	0.01323	0.00467	0.03422	0.04989	0.01062	0.79945	0.00725	0.00669	0.05222	0.02176
1.00000	0.00222	0.00528	0.00278	0.00818	0.82562	0.02462	0.00105	0.04814	0.00125	0.08086
1.00000	0.00865	0.05213	0.03575	0.01294	0.24562	0.06703	0.00423	0.34814	0.00660	0.21891
1.00000	0.00384	0.00045	0.00038	0.01011	0.00135	0.97520	0.00018	0.00094	0.00597	0.00158
1.00000	0.08354	0.00688	0.48001	0.02821	0.17607	0.02315	0.18412	0.00873	0.00508	0.00421
0.00000	0.00111	0.02595	0.01480	0.01358	0.17005	0.03419	0.00559	0.14427	0.01597	0.57448
0.00000	0.03474	0.00698	0.00573	0.01173	0.41617	0.04962	0.01689	0.09433	0.04470	0.31911
1.00000	0.00304	0.82309	0.03854	0.01197	0.01918	0.00693	0.00405	0.03913	0.02936	0.02470
1.00000	0.00856	0.00390	0.87856	0.00097	0.01296	0.00094	0.09040	0.00198	0.00133	0.00040
1.00000	0.00202	0.08678	0.00930	0.00449	0.70776	0.01801	0.00951	0.00392	0.00437	0.15385
1.00000	0.00267	0.87198	0.00475	0.00246	0.01233	0.01331	0.00247	0.02519	0.01472	0.05013
1.00000	0.00609	0.59878	0.07068	0.05024	0.01768	0.04353	0.00883	0.17530	0.01144	0.01742
1.00000	0.00750	0.00723	0.02640	0.34292	0.04481	0.12426	0.01846	0.19083	0.02941	0.20818
1.00000	0.00058	0.90932	0.00507	0.00489	0.01881	0.00435	0.00191	0.02101	0.00341	0.03066
1.00000	0.06564	0.01188	0.01032	0.01193	0.03033	0.08579	0.75859	0.00062	0.01809	0.00681
1.00000	0.00013	0.00199	0.00444	0.00228	0.93364	0.00654	0.00110	0.00226	0.00156	0.04606
1.00000	0.00670	0.01124	0.00470	0.01907	0.19727	0.02145	0.00399	0.03855	0.01997	0.67707
1.00000	0.01591	0.00801	0.02004	0.81694	0.00101	0.10936	0.00361	0.00367	0.01929	0.00217
1.00000	0.00092	0.00068	0.00732	0.00914	0.72835	0.00936	0.02527	0.00629	0.00874	0.20392
1.00000	0.00075	0.00100	0.00024	0.00081	0.09579	0.00364	0.00147	0.01261	0.00486	0.87883
1.00000	0.08808	0.00774	0.08718	0.19312	0.03076	0.04851	0.01309	0.01273	0.46925	0.04953
1.00000	0.00585	0.01380	0.00178	0.00589	0.04954	0.02264	0.00529	0.02706	0.05063	0.81751
1.00000	0.69003	0.04366	0.09611	0.06570	0.00193	0.04967	0.02983	0.00685	0.00663	0.00959
1.00000	0.01833	0.01043	0.00105	0.01790	0.00659	0.01160	0.00109	0.67639	0.02499	0.23163
1.00000	0.11909	0.00497	0.03920	0.00424	0.01768	0.01289	0.68022	0.00389	0.08605	0.03176
1.00000	0.01239	0.05480	0.07248	0.01032	0.12921	0.24972	0.08245	0.02890	0.29955	0.06018
1.00000	0.01630	0.00015	0.00959	0.00046	0.00858	0.00176	0.95503	0.00315	0.00256	0.00244
1.00000	0.03208	0.47540	0.12096	0.07835	0.06345	0.01848	0.01160	0.09611	0.08672	0.01686
1.00000	0.02994	0.00681	0.02279	0.79166	0.00279	0.11897	0.00663	0.00249	0.01694	0.00098
1.00000	0.00744	0.84100	0.03255	0.00618	0.00840	0.02209	0.00559	0.02216	0.02089	0.03370
1.00000	0.02115	0.00430	0.04891	0.00490	0.60140	0.03785	0.07995	0.04066	0.04778	0.11309
1.00000	0.00283	0.00086	0.03169	0.00080	0.01379	0.00425	0.93949	0.00127	0.00259	0.00244
1.00000	0.00912	0.22164	0.58377	0.00945	0.05073	0.00780	0.07412	0.00613	0.02876	0.00848
1.00000	0.00316	0.00361	0.00245	0.01057	0.19599	0.27155	0.02206	0.04285	0.36231	0.08547
1.00000	0.82610	0.00196	0.03337	0.00510	0.03759	0.01387	0.02500	0.02430	0.00263	0.03008
1.00000	0.00252	0.19471	0.01194	0.02157	0.42148	0.07156	0.00996	0.07088	0.00402	0.19137
1.00000	0.02539	0.00347	0.48137	0.05507	0.01661	0.03450	0.01868	0.03702	0.17993	0.14796
1.00000	0.18674	0.00425	0.01257	0.49355	0.00256	0.16425	0.03961	0.00153	0.09286	0.00208
1.00000	0.00287	0.02603	0.91390	0.00824	0.02306	0.00691	0.00902	0.00348	0.00546	0.00103
1.00000	0.96265	0.00065	0.00061	0.00071	0.00115	0.03042	0.00217	0.00013	0.00122	0.00028
1.00000	0.01097	0.00854	0.02843	0.01973	0.26711	0.02401	0.03060	0.01419	0.01099	0.58545
1.00000	0.04957	0.01949	0.52840	0.22847	0.01082	0.07107	0.02529	0.00394	0.06183	0.00112
1.00000	0.00075	0.88577	0.00945	0.00337	0.02476	0.00677	0.00722	0.00733	0.02616	0.02841
1.00000	0.00355	0.00408	0.09311	0.82483	0.00502	0.01524	0.00083	0.03181	0.01864	0.00288
1.00000	0.00282	0.05238	0.05435	0.72176	0.00471	0.04013	0.01084	0.07368	0.01568	0.02365
0.00000	0.00368	0.01396	0.00690	0.53162	0.00439	0.12604	0.00033	0.00437	0.29081	0.01789
1.00000	0.04066	0.00382	0.00820	0.17016	0.01349	0.63867	0.03779	0.00602	0.05621	0.02496
1.00000	0.03567	0.00351	0.05847	0.00119	0.43474	0.05644	0.03867	0.02566	0.12366	0.22200
1.00000	0.05065	0.00684	0.00657	0.02761	0.00704	0.08640	0.77178	0.00102	0.03330	0.00880
1.00000	0.00472	0.05716	0.04938	0.09286	0.00316	0.00414	0.00062	0.66445	0.00557	0.11794
1.00000	0.03470	0.00652	0.00218	0.01285	0.02495	0.05458	0.00236	0.78218	0.00475	0.07492
1.00000	0.02561	0.00541	0.02916	0.14099	0.01187	0.73696	0.00367	0.00457	0.03914	0.00263
1.00000	0.00233	0.09231	0.02383	0.00640	0.27282	0.05025	0.00709	0.03637	0.01830	0.49031
1.00000	0.00281	0.00972	0.02212	0.00066	0.88011	0.00504	0.01486	0.00429	0.01782	0.04258
1.00000	0.01093	0.00201	0.00527	0.01643	0.73022	0.02176	0.01267	0.10163	0.00414	0.09494
1.00000	0.76312	0.01678	0.04207	0.03746	0.00366	0.03683	0.04667	0.01326	0.02263	0.01752
1.00000	0.01284	0.00856	0.00282	0.01777	0.04849	0.08383	0.00660	0.02917	0.46893	0.32099
1.00000	0.01228	0.02890	0.00504	0.09060	0.06938	0.57557	0.06902	0.00428	0.02185	0.12307
1.00000	0.57566	0.03512	0.00959	0.03702	0.02719	0.09838	0.00278	0.09843	0.01016	0.10567
1.00000	0.00356	0.00262	0.00158	0.00493	0.63478	0.10333	0.02960	0.02877	0.00792	0.18291
1.00000	0.00072	0.00487	0.00055	0.00443	0.10294	0.00997	0.00141	0.03088	0.00443	0.83980
1.00000	0.00381	0.00679	0.01591	0.07142	0.00069	0.00285	0.00129	0.86641	0.00187	0.02896
1.00000	0.00340	0.00200	0.00123	0.00298	0.04168	0.00317	0.00114	0.88833	0.00215	0.05391
1.00000	0.08954	0.00214	0.04591	0.00925	0.04687	0.02122	0.04265	0.17331	0.00687	0.56225
1.00000	0.00185	0.02949	0.00276	0.05633	0.00305	0.00397	0.00021	0.78132	0.01305	0.10797
1.00000	0.00090	0.02799	0.00070	0.00788	0.07569	0.01567	0.00052	0.09486	0.00581	0.76998
1.00000	0.09094	0.00663	0.08871	0.02837	0.12010	0.01375	0.54807	0.07627	0.00776	0.01940
1.00000	0.76566	0.04413	0.01829	0.01100	0.00151	0.08662	0.05151	0.01570	0.00416	0.00141
1.00000	0.08961	0.01138	0.00440	0.27700	0.02290	0.45565	0.06949	0.01515	0.00689	0.04752
1.00000	0.01023	0.01836	0.00157	0.00999	0.00647	0.86542	0.00055	0.04100	0.01569	0.03072
1.00000	0.04707	0.00930	0.05760	0.01005	0.09640	0.00547	0.65911	0.07133	0.00386	0.03981
1.00000	0.02183	0.01715	0.04231	0.00434	0.05718	0.13769	0.67425	0.00083	0.02376	0.02066
1.00000	0.00714	0.08201	0.06287	0.00492	0.10474	0.62676	0.02057	0.03407	0.03435	0.02255
0.00000	0.01397	0.01577	0.01205	0.02782	0.02436	0.00987	0.00156	0.40248	0.06236	0.42974
1.00000	0.30731	0.05459	0.07119	0.09930	0.04985	0.17336	0.00883	0.20339	0.00534	0.02684
1.00000	0.00106	0.00081	0.00029	0.00181	0.00436	0.00144	0.00024	0.97575	0.00046	0.01380
1.00000	0.00802	0.00667	0.00106	0.00112	0.03457	0.82346	0.00415	0.08237	0.02399	0.01460
1.00000	0.00032	0.00950	0.00089	0.00711	0.11635	0.01867	0.00122	0.03318	0.00780	0.80496
1.00000	0.00211	0.04844	0.00956	0.02204	0.44318	0.02180	0.17884	0.03251	0.03390	0.20763
1.00000	0.00223	0.00269	0.02356	0.00965	0.83199	0.01408	0.00546	0.06199	0.00138	0.04698
1.00000	0.01174	0.00107	0.00543	0.00469	0.18733	0.00939	0.01703	0.01205	0.01533	0.73595
1.00000	0.00188	0.01809	0.93925	0.01689	0.00210	0.00051	0.01757	0.00280	0.00071	0.00020
1.00000	0.91046	0.01315	0.00323	0.01206	0.00392	0.03028	0.02027	0.00123	0.00325	0.00214
1.00000	0.02071	0.02378	0.58505	0.04431	0.03950	0.04274	0.15253	0.00952	0.04601	0.03584
0.00000	0.00532	0.00635	0.00045	0.00205	0.12617	0.02193	0.00055	0.31086	0.00060	0.52573
1.00000	0.00089	0.92422	0.00684	0.00269	0.00803	0.00393	0.00295	0.01442	0.00136	0.03469
1.00000	0.02753	0.08025	0.01658	0.50808	0.00363	0.24617	0.01200	0.00686	0.06120	0.03769
1.00000	0.01695	0.00208	0.86566	0.00395	0.03620	0.00220	0.00828	0.00245	0.04914	0.01308
1.00000	0.79561	0.00811	0.04739	0.00461	0.02186	0.02824	0.03110	0.03606	0.00203	0.02500
1.00000	0.04574	0.00312	0.03805	0.00395	0.00425	0.06222	0.83258	0.00053	0.00821	0.00135
1.00000	0.00310	0.79386	0.08993	0.00603	0.02014	0.00446	0.00407	0.02941	0.01310	0.03590
1.00000	0.00486	0.00174	0.00068	0.00653	0.00159	0.00323	0.00032	0.92206	0.00259	0.05639
1.00000	0.01672	0.00450	0.01084	0.00194	0.15241	0.01482	0.01211	0.63076	0.02891	0.12699
0.00000	0.13486	0.00287	0.00616	0.01332	0.34035	0.09233	0.00627	0.10900	0.00620	0.28863
0.00000	0.00723	0.00291	0.00033	0.00288	0.21089	0.01607	0.01567	0.06663	0.07619	0.60121
1.00000	0.01977	0.00222	0.01982	0.00290	0.72369	0.00652	0.07481	0.05315	0.01238	0.08475
1.00000	0.01160	0.00058	0.00058	0.00185	0.01065	0.00271	0.00052	0.93040	0.00320	0.03792
1.00000	0.00301	0.05995	0.08938	0.01000	0.14027	0.12049	0.00594	0.38074	0.04799	0.14223
1.00000	0.00338	0.00402	0.08533	0.00234	0.29708	0.00682	0.56122	0.01736	0.00035	0.02211
1.00000	0.00463	0.00155	0.00809	0.01482	0.00209	0.01286	0.00056	0.00278	0.93757	0.01505
0.00000	0.01424	0.00606	0.01086	0.00466	0.64089	0.00360	0.11962	0.09684	0.00428	0.09895
1.00000	0.10061	0.04014	0.26880	0.26817	0.03024	0.07757	0.12887	0.00383	0.07484	0.00694
1.00000	0.01066	0.00127	0.00110	0.01150	0.00157	0.90421	0.00027	0.00164	0.06692	0.00086
1.00000	0.03992	0.00569	0.04734	0.00372	0.74301	0.05349	0.03391	0.01289	0.01403	0.04600
1.00000	0.06095	0.00362	0.02940	0.73200	0.00097	0.13019	0.00138	0.02744	0.01140	0.00265
1.00000	0.00058	0.00082	0.00257	0.00394	0.68892	0.03411	0.00410	0.00525	0.00094	0.25878
1.00000	0.00379	0.00107	0.00068	0.00397	0.00161	0.00258	0.00011	0.93266	0.00061	0.05292
0.00000	0.17411	0.01918	0.17747	0.09606	0.04352	0.17670	0.04667	0.10079	0.02947	0.13603
1.00000	0.01884	0.00622	0.01904	0.02496	0.00328	0.01308	0.00572	0.00622	0.84473	0.05790
1.00000	0.00386	0.02253	0.00349	0.05073	0.00830	0.01234	0.01336	0.04460	0.80861	0.03218
1.00000	0.00102	0.07829	0.01840	0.01898	0.02536	0.03348	0.00039	0.70556	0.00879	0.10972
1.00000	0.01127	0.78515	0.01322	0.01091	0.02029	0.03480	0.00290	0.03225	0.01541	0.07380
1.00000	0.08447	0.00605	0.01327	0.72521	0.00088	0.15721	0.00331	0.00536	0.00291	0.00133
1.00000	0.02104	0.00664	0.03618	0.00079	0.03104	0.00621	0.88565	0.00092	0.00946	0.00206
1.00000	0.00186	0.00030	0.00125	0.00082	0.12144	0.01202	0.00300	0.00947	0.02558	0.82427
1.00000	0.00316	0.85225	0.02685	0.00348	0.03142	0.00708	0.00565	0.02375	0.02469	0.02166
1.00000	0.00073	0.03369	0.00476	0.00771	0.00778	0.01060	0.00095	0.87168	0.00300	0.05910
1.00000	0.00150	0.00566	0.01892	0.00681	0.67340	0.00816	0.08317	0.00948	0.00903	0.18388
0.00000	0.02441	0.08620	0.08120	0.06692	0.36959	0.06212	0.10667	0.14255	0.00440	0.05594
1.00000	0.02716	0.08181	0.19125	0.53094	0.00358	0.05764	0.03776	0.04112	0.01884	0.00990
1.00000	0.91662	0.00408	0.01058	0.00192	0.00778	0.03456	0.00912	0.00278	0.00832	0.00425
1.00000	0.01847	0.14110	0.00452	0.04882	0.04228	0.43286	0.00575	0.11751	0.02895	0.15973
1.00000	0.01541	0.00344	0.03089	0.75866	0.00033	0.17299	0.00395	0.00403	0.00314	0.00715
1.00000	0.01508	0.00512	0.62923	0.01774	0.13072	0.00181	0.17464	0.01581	0.00489	0.00497
1.00000	0.02830	0.00326	0.07328	0.72024	0.01022	0.02640	0.00387	0.00508	0.12636	0.00299
1.00000	0.13726	0.00865	0.00935	0.11771	0.00217	0.67931	0.01070	0.00191	0.03037	0.00257
1.00000	0.00612	0.00030	0.00069	0.10251	0.00243	0.81304	0.00022	0.00040	0.07291	0.00139
1.00000	0.00161	0.00115	0.00022	0.00117	0.08296	0.00472	0.00311	0.01220	0.01224	0.88060
1.00000	0.04358	0.01588	0.03685	0.21790	0.03317	0.22438	0.05430	0.09841	0.06540	0.21014
1.00000	0.00276	0.00262	0.01642	0.00685	0.02387	0.00520	0.93545	0.00021	0.00421	0.00240
1.00000	0.00034	0.00035	0.00239	0.00378	0.85752	0.00551	0.00533	0.04624	0.00053	0.07802
1.00000	0.87092	0.02262	0.00810	0.00988	0.00141	0.05393	0.02066	0.00958	0.00208	0.00080
1.00000	0.00748	0.00704	0.02436	0.04519	0.04147	0.09380	0.00772	0.05405	0.51554	0.20335
1.00000	0.96130	0.00026	0.00490	0.00189	0.00149	0.01967	0.00745	0.00106	0.00112	0.00085
1.00000	0.00277	0.02078	0.01110	0.11411	0.00232	0.01361	0.00199	0.77535	0.00260	0.05536
1.00000	0.19790	0.02478	0.37948	0.09496	0.00587	0.21726	0.04075	0.01715	0.02040	0.00144
1.00000	0.01261	0.00439	0.01725	0.01510	0.11408	0.09178	0.02505	0.21605	0.29061	0.21308
1.00000	0.03369	0.03678	0.04446	0.29261	0.01097	0.17182	0.09290	0.01642	0.29412	0.00621
1.00000	0.07196	0.00720	0.08158	0.19077	0.00771	0.27392	0.03692	0.00262	0.29922	0.02810
1.00000	0.00153	0.00107	0.00040	0.00420	0.00067	0.00161	0.00015	0.98152	0.00093	0.00791
1.00000	0.01709	0.06977	0.39622	0.27085	0.00737	0.04066	0.00907	0.06127	0.10762	0.02008
1.00000	0.01091	0.02280	0.06671	0.03337	0.01593	0.02562	0.81065	0.00667	0.00276	0.00458
1.00000	0.84447	0.00485	0.01153	0.00174	0.02662	0.05230	0.01846	0.01991	0.00209	0.01803
1.00000	0.02036	0.06005	0.00429	0.02005	0.05754	0.65181	0.01339	0.00386	0.04017	0.12849
1.00000	0.01488	0.00265	0.01396	0.18157	0.00725	0.66890	0.01463	0.01364	0.07393	0.00858
1.00000	0.01356	0.00619	0.86309	0.00741	0.01429	0.00281	0.03416	0.01694	0.03613	0.00542
1.00000	0.00613	0.00365	0.01325	0.03012	0.01029	0.89170	0.01571	0.00298	0.02316	0.00300
1.00000	0.00193	0.55586	0.02118	0.05689	0.03848	0.04187	0.01346	0.08879	0.07332	0.10821
1.00000	0.00184	0.00120	0.02730	0.90088	0.00024	0.04901	0.00321	0.00538	0.01041	0.00054
1.00000	0.02496	0.00734	0.06927	0.02487	0.11732	0.02113	0.70691	0.01392	0.00193	0.01235
1.00000	0.05872	0.00270	0.08708	0.00440	0.64260	0.05053	0.06165	0.01778	0.01185	0.06268
1.00000	0.00405	0.08535	0.05732	0.07496	0.00662	0.00286	0.00220	0.59712	0.01014	0.15938
1.00000	0.00242	0.00177	0.02049	0.00052	0.94764	0.00241	0.00776	0.00367	0.00042	0.01289
1.00000	0.92378	0.01075	0.01031	0.01721	0.00089	0.01851	0.00953	0.00639	0.00218	0.00044
0.00000	0.02132	0.13001	0.25635	0.19413	0.00591	0.00869	0.00480	0.00875	0.36544	0.00462
1.00000	0.26992	0.00734	0.06164	0.01988	0.05103	0.01895	0.14484	0.21144	0.00387	0.21111
0.00000	0.06024	0.01676	0.35801	0.27818	0.01370	0.01450	0.01272	0.17236	0.04475	0.02877
1.00000	0.00466	0.00092	0.00105	0.00197	0.07464	0.05516	0.00909	0.01279	0.01084	0.82887
1.00000	0.01820	0.01657	0.83437	0.04540	0.01104	0.01099	0.00793	0.01723	0.03566	0.00261
1.00000	0.02288	0.00536	0.00146	0.15540	0.00799	0.72636	0.00271	0.00472	0.04256	0.03056
0.00000	0.53841	0.00738	0.26561	0.00406	0.00889	0.01676	0.08600	0.00494	0.04452	0.02344
0.00000	0.00354	0.00152	0.00724	0.00246	0.56392	0.02836	0.19027	0.01005	0.05047	0.14218
1.00000	0.00600	0.01415	0.00432	0.08193	0.04947	0.10401	0.00451	0.02125	0.10983	0.60454
1.00000	0.00128	0.00453	0.00034	0.00399	0.10070	0.00929	0.00126	0.04185	0.00211	0.83466
1.00000	0.03761	0.01636	0.09994	0.05818	0.08724	0.02062	0.61171	0.04831	0.00679	0.01324
1.00000	0.04110	0.01094	0.05873	0.07752	0.01975	0.04826	0.00936	0.01505	0.62062	0.09868
1.00000	0.12166	0.00508	0.77303	0.01055	0.01181	0.00490	0.01771	0.00286	0.04775	0.00465
1.00000	0.69673	0.03189	0.01408	0.03078	0.00399	0.08750	0.07588	0.01664	0.02236	0.02014
1.00000	0.01165	0.04528	0.03773	0.12644	0.00434	0.04802	0.00261	0.03611	0.65378	0.03404
1.00000	0.03502	0.01112	0.00341	0.01273	0.00313	0.89462	0.00793	0.00156	0.03010	0.00038
1.00000	0.00181	0.00139	0.00240	0.00888	0.71755	0.00939	0.01173	0.03410	0.00753	0.20523
1.00000	0.00603	0.00044	0.00429	0.00026	0.00559	0.00530	0.97439	0.00076	0.00233	0.00061
1.00000	0.01023	0.00257	0.04920	0.00474	0.63586	0.05594	0.02776	0.02486	0.02100	0.16786
1.00000	0.01657	0.00078	0.00922	0.00505	0.00108	0.00616	0.00153	0.94023	0.00155	0.01782
1.00000	0.02066	0.00516	0.02941	0.56720	0.00337	0.16707	0.00443	0.08600	0.03533	0.08138
1.00000	0.01238	0.00127	0.01613	0.00969	0.01511	0.06015	0.00680	0.02038	0.82352	0.03457
0.00000	0.05625	0.05241	0.21881	0.09679	0.00694	0.00683	0.00161	0.07625	0.45314	0.03096
0.00000	0.17821	0.01984	0.02359	0.00826	0.17054	0.02580	0.14477	0.27130	0.00719	0.15051
1.00000	0.00443	0.01395	0.00546	0.60265	0.01907	0.18946	0.00779	0.01961	0.04402	0.09356
1.00000	0.01715	0.00660	0.03055	0.00492	0.02851	0.10694	0.77906	0.00026	0.02247	0.00352
1.00000	0.00206	0.85454	0.05787	0.00513	0.02493	0.00273	0.00434	0.02198	0.00594	0.02049
1.00000	0.00453	0.00350	0.01534	0.80646	0.00089	0.09890	0.00256	0.01322	0.05212	0.00248
1.00000	0.14536	0.01679	0.06519	0.21311	0.02449	0.11255	0.01504	0.00950	0.37430	0.02367
1.00000	0.03535	0.03147	0.07887	0.10437	0.01169	0.04968	0.02339	0.02336	0.50148	0.14033
1.00000	0.00898	0.01006	0.00357	0.00489	0.02178	0.89621	0.00900	0.00186	0.01977	0.02388
0.00000	0.14828	0.00845	0.19437	0.15462	0.05727	0.13767	0.03093	0.05182	0.13379	0.08280
1.00000	0.07733	0.00426	0.13920	0.58688	0.00766	0.08070	0.01301	0.01213	0.07079	0.00803
1.00000	0.29506	0.02560	0.09529	0.42369	0.00180	0.06505	0.03512	0.02113	0.03473	0.00254
1.00000	0.00752	0.00097	0.00114	0.00252	0.65051	0.00700	0.08224	0.05060	0.00491	0.19259
1.00000	0.01206	0.02817	0.22634	0.54124	0.00564	0.05596	0.00736	0.00593	0.11087	0.00643
0.00000	0.00591	0.02740	0.47512	0.16228	0.10505	0.03089	0.02835	0.11237	0.02599	0.02663
1.00000	0.07753	0.00788	0.03946	0.06306	0.03332	0.09247	0.05468	0.02588	0.48054	0.12518
1.00000	0.01276	0.00713	0.02794	0.18550	0.06778	0.16496	0.00136	0.03461	0.44897	0.04898
1.00000	0.96619	0.00025	0.00067	0.00134	0.00104	0.02143	0.00492	0.00059	0.00299	0.00058
1.00000	0.01269	0.00049	0.00065	0.03665	0.00240	0.93226	0.00052	0.00166	0.00886	0.00383
1.00000	0.00658	0.00459	0.06606	0.90167	0.00069	0.01437	0.00049	0.00223	0.00297	0.00036
1.00000	0.00874	0.00064	0.05225	0.00053	0.69471	0.03910	0.05285	0.05757	0.00857	0.08504
1.00000	0.00407	0.03921	0.09825	0.01346	0.64994	0.11193	0.01006	0.01526	0.01028	0.04754
1.00000	0.00175	0.00182	0.00075	0.00348	0.02034	0.00325	0.00155	0.03431	0.02071	0.91205
1.00000	0.01510	0.00238	0.00146	0.02274	0.16838	0.16724	0.02790	0.17257	0.02000	0.40224
1.00000	0.00856	0.00262	0.16303	0.79528	0.00137	0.00568	0.00603	0.00792	0.00844	0.00108
1.00000	0.02008	0.00284	0.01304	0.02140	0.04606	0.01929	0.01770	0.12438	0.08520	0.65002
1.00000	0.01942	0.01174	0.00462	0.01834	0.03831	0.30769	0.01629	0.00372	0.43180	0.14805
1.00000	0.00051	0.00312	0.00079	0.00255	0.14401	0.01182	0.00264	0.00508	0.00694	0.82255
1.00000	0.00558	0.00902	0.01238	0.08688	0.01827	0.13299	0.00893	0.01096	0.56078	0.15420
1.00000	0.91415	0.00440	0.01657	0.00266	0.00073	0.02466	0.03271	0.00059	0.00205	0.00149
1.00000	0.00356	0.75963	0.11044	0.00565	0.03510	0.02059	0.00867	0.00929	0.01660	0.03046
1.00000	0.01091	0.00449	0.00611	0.45361	0.00478	0.12010	0.00095	0.04874	0.22452	0.12580
1.00000	0.92284	0.00122	0.00360	0.00533	0.00058	0.02767	0.03224	0.00094	0.00462	0.00098
1.00000	0.01284	0.00937	0.55279	0.00230	0.28398	0.00185	0.01781	0.05318	0.00207	0.06380
1.00000	0.01354	0.00754	0.00118	0.00671	0.03210	0.02510	0.00086	0.11951	0.09627	0.69720
1.00000	0.00101	0.00270	0.00036	0.00162	0.01319	0.00522	0.00013	0.92743	0.00108	0.04725
1.00000	0.01310	0.01886	0.02240	0.05141	0.00921	0.14986	0.16870	0.00374	0.52104	0.04168
1.00000	0.11398	0.00271	0.02390	0.01340	0.04862	0.08065	0.01182	0.57452	0.01335	0.11704
1.00000	0.98552	0.00123	0.00204	0.00051	0.00198	0.00373	0.00307	0.00029	0.00076	0.00087
1.00000	0.00322	0.02241	0.00511	0.03170	0.09035	0.04885	0.00419	0.09818	0.02303	0.67296
1.00000	0.04033	0.00104	0.11149	0.00828	0.05208	0.02216	0.70798	0.01833	0.02126	0.01705
1.00000	0.00144	0.04459	0.01922	0.04158	0.00404	0.00597	0.00068	0.76377	0.00640	0.11231
1.00000	0.00168	0.00012	0.00193	0.00129	0.83417	0.02323	0.00762	0.01726	0.00462	0.10809
1.00000	0.01801	0.00172	0.02766	0.00892	0.03639	0.00649	0.00155	0.71857	0.00286	0.17782
1.00000	0.01991	0.44486	0.22173	0.04878	0.06402	0.02989	0.01062	0.03815	0.11066	0.01139
1.00000	0.00187	0.02095	0.00047	0.01374	0.10588	0.05570	0.00106	0.02305	0.05135	0.72594
1.00000	0.03751	0.02039	0.57806	0.21388	0.00177	0.00335	0.01662	0.12522	0.00129	0.00192
1.00000	0.16962	0.01832	0.44989	0.15042	0.01145	0.07266	0.02394	0.03910	0.03561	0.02899
1.00000	0.00924	0.00964	0.63074	0.25294	0.00742	0.00295	0.04256	0.00747	0.03604	0.00100
1.00000	0.00189	0.81970	0.00923	0.00656	0.03517	0.01326	0.01290	0.02347	0.03420	0.04362
1.00000	0.00320	0.00736	0.06130	0.12335	0.00928	0.04774	0.00325	0.00737	0.70133	0.03584
1.00000	0.00333	0.00106	0.01963	0.85771	0.00270	0.04643	0.00515	0.00903	0.04470	0.01025
1.00000	0.00935	0.00073	0.00792	0.86563	0.00398	0.02895	0.00185	0.00268	0.07728	0.00164
1.00000	0.00124	0.01770	0.00993	0.91063	0.00038	0.02385	0.00024	0.00380	0.03118	0.00106
1.00000	0.01509	0.00051	0.00367	0.00787	0.01884	0.02020	0.00479	0.88891	0.00599	0.03412
1.00000	0.57721	0.02910	0.06457	0.15932	0.00842	0.05497	0.03109	0.05132	0.00237	0.02164
0.00000	0.26908	0.00569	0.02242	0.00275	0.15807	0.05634	0.06948	0.05164	0.13603	0.22849
1.00000	0.40712	0.00423	0.02487	0.00069	0.15457	0.00951	0.06970	0.18495	0.00294	0.14143
1.00000	0.01540	0.00368	0.01330	0.40476	0.01441	0.18751	0.03763	0.01574	0.27786	0.02970
1.00000	0.00392	0.89951	0.01985	0.00463	0.01230	0.00567	0.00288	0.01031	0.01346	0.02746
1.00000	0.03133	0.02443	0.01204	0.64459	0.00135	0.24594	0.00271	0.00926	0.02519	0.00316
1.00000	0.01935	0.00849	0.00186	0.01718	0.04165	0.06200	0.00971	0.77434	0.00173	0.06369
1.00000	0.01588	0.00255	0.00046	0.08610	0.00263	0.81884	0.01743	0.00051	0.03230	0.02330
1.00000	0.06448	0.38026	0.02321	0.01189	0.00212	0.45750	0.02270	0.01010	0.02460	0.00314
1.00000	0.04451	0.00291	0.01934	0.02910	0.04273	0.07509	0.00356	0.02965	0.66053	0.09260
1.00000	0.01142	0.05116	0.02815	0.06070	0.02860	0.01072	0.00328	0.66068	0.00533	0.13996
1.00000	0.00938	0.00265	0.02168	0.08199	0.00405	0.03633	0.00105	0.06414	0.67221	0.10650
1.00000	0.00129	0.08912	0.03860	0.00859	0.66497	0.01273	0.02290	0.01490	0.02528	0.12162
1.00000	0.02206	0.00986	0.01902	0.02943	0.00870	0.82875	0.00616	0.00234	0.07101	0.00266
1.00000	0.01943	0.01085	0.02447	0.00023	0.88351	0.00530	0.01328	0.00940	0.00264	0.03088
1.00000	0.00696	0.00799	0.76129	0.01458	0.11324	0.00960	0.06875	0.00743	0.00871	0.00145
1.00000	0.00477	0.04758	0.00702	0.01255	0.06331	0.06181	0.00750	0.06324	0.13430	0.59793
1.00000	0.00137	0.93127	0.01860	0.00631	0.01191	0.00250	0.00119	0.01503	0.00233	0.00949
1.00000	0.00063	0.01809	0.00322	0.00530	0.68608	0.06964	0.00484	0.01271	0.00144	0.19806
1.00000	0.00901	0.05411	0.04464	0.15033	0.00240	0.08235	0.00550	0.01877	0.60170	0.03118
1.00000	0.00291	0.00211	0.00148	0.00191	0.09962	0.01707	0.00294	0.02879	0.00630	0.83688
1.00000	0.06426	0.01502	0.00381	0.07999	0.00726	0.56105	0.00190	0.05520	0.17943	0.03207
0.00000	0.01610	0.14769	0.01335	0.16794	0.14466	0.21529	0.01467	0.17802	0.00566	0.09662
1.00000	0.00438	0.00213	0.00480	0.00527	0.02322	0.02558	0.00299	0.02083	0.84808	0.06272
1.00000	0.03134	0.00456	0.10147	0.27280	0.00531	0.06394	0.01697	0.00316	0.49879	0.00166
1.00000	0.88478	0.02139	0.00913	0.02311	0.00141	0.02282	0.02428	0.00531	0.00469	0.00308
1.00000	0.01123	0.03516	0.01286	0.10261	0.06196	0.46543	0.21743	0.00516	0.03959	0.04857
1.00000	0.12824	0.04260	0.53635	0.07231	0.03309	0.01664	0.06344	0.01413	0.09128	0.00192
1.00000	0.10715	0.00482	0.00338	0.02639	0.01723	0.28300	0.52080	0.00068	0.02637	0.01017
1.00000	0.03826	0.02146	0.16386	0.05198	0.01435	0.00675	0.00392	0.62047	0.06516	0.01381
1.00000	0.00221	0.01317	0.00869	0.63420	0.00535	0.12792	0.00495	0.08441	0.04156	0.07754
1.00000	0.00077	0.00067	0.00087	0.00594	0.08222	0.01195	0.01262	0.04431	0.01322	0.82742
1.00000	0.00465	0.00862	0.84661	0.09945	0.00692	0.00437	0.00984	0.00381	0.01376	0.00197
1.00000	0.00673	0.00565	0.01558	0.07115	0.00670	0.05108	0.00383	0.01931	0.80923	0.01074
1.00000	0.01412	0.03366	0.00843	0.01784	0.08667	0.69305	0.03795	0.00330	0.01931	0.08567
0.00000	0.07857	0.01466	0.15447	0.12039	0.07776	0.09434	0.05870	0.12365	0.11338	0.16408
1.00000	0.00147	0.03868	0.00066	0.01382	0.07460	0.02946	0.00119	0.04280	0.00803	0.78929
1.00000	0.00567	0.00290	0.90743	0.01420	0.00192	0.00138	0.00497	0.05468	0.00571	0.00114
1.00000	0.01405	0.00050	0.04282	0.01082	0.05043	0.00418	0.85877	0.00739	0.00663	0.00440
1.00000	0.00115	0.00657	0.00251	0.00238	0.19419	0.00747	0.00652	0.03662	0.00975	0.73285
1.00000	0.00139	0.02377	0.76739	0.01503	0.02060	0.00861	0.02634	0.09787	0.00537	0.03364
1.00000	0.90467	0.01905	0.00275	0.00671	0.00078	0.04927	0.00540	0.00439	0.00316	0.00382
1.00000	0.02554	0.12925	0.08978	0.00881	0.12655	0.17746	0.36511	0.00222	0.03914	0.03613
0.00000	0.00650	0.00685	0.06753	0.21927	0.00847	0.05341	0.00914	0.01164	0.53123	0.08595
1.00000	0.89112	0.00051	0.00328	0.00351	0.00316	0.08494	0.00747	0.00060	0.00446	0.00094
1.00000	0.26459	0.01804	0.09437	0.01537	0.01044	0.18395	0.40147	0.00166	0.00547	0.00464
1.00000	0.37762	0.01355	0.01626	0.09519	0.03525	0.30012	0.01470	0.12008	0.00441	0.02281
1.00000	0.03375	0.04257	0.02083	0.66139	0.00253	0.17364	0.02764	0.00469	0.02635	0.00659
1.00000	0.00100	0.02462	0.82847	0.03649	0.00522	0.00610	0.01564	0.06414	0.00950	0.00881
1.00000	0.00323	0.00028	0.03576	0.00222	0.00569	0.00321	0.94661	0.00070	0.00062	0.00168
1.00000	0.00979	0.07595	0.01259	0.06482	0.05149	0.10484	0.00974	0.15011	0.01606	0.50461
1.00000	0.00201	0.00364	0.00366	0.01226	0.00202	0.00241	0.00023	0.89998	0.00107	0.07272
1.00000	0.00755	0.00075	0.00217	0.00193	0.14506	0.00634	0.00978	0.08315	0.03003	0.71324
1.00000	0.66626	0.03585	0.00686	0.05242	0.00194	0.17287	0.00195	0.02134	0.02757	0.01294
1.00000	0.01344	0.00081	0.00664	0.00688	0.12854	0.03286	0.01340	0.12842	0.01904	0.64999
0.00000	0.22082	0.00495	0.05661	0.40349	0.00464	0.14262	0.04749	0.00258	0.11239	0.00441
1.00000	0.05237	0.00224	0.02711	0.01816	0.03959	0.04408	0.00630	0.02814	0.49549	0.28651
1.00000	0.01662	0.00241	0.16003	0.00064	0.16848	0.00507	0.61418	0.00446	0.00148	0.02665
1.00000	0.03499	0.00292	0.00055	0.01702	0.03656	0.00957	0.00125	0.80826	0.02180	0.06709
1.00000	0.12871	0.00268	0.00175	0.10496	0.00914	0.69420	0.01225	0.00070	0.03979	0.00582
1.00000	0.82884	0.02861	0.00430	0.00568	0.00097	0.08595	0.01822	0.00457	0.01780	0.00507
1.00000	0.00179	0.92941	0.03126	0.00191	0.00610	0.01275	0.00440	0.00562	0.00150	0.00526
0.00000	0.46985	0.01809	0.01448	0.27362	0.00133	0.17643	0.00627	0.01307	0.01862	0.00825
1.00000	0.08338	0.00492	0.65749	0.01083	0.13045	0.00650	0.01131	0.04005	0.01609	0.03898
1.00000	0.02030	0.00076	0.00059	0.01430	0.00158	0.90933	0.00185	0.00026	0.04858	0.00245
1.00000	0.04406	0.01146	0.01936	0.01506	0.61195	0.03454	0.03827	0.05354	0.01686	0.15489
1.00000	0.00199	0.04230	0.03146	0.01091	0.11727	0.00595	0.00389	0.71034	0.00404	0.07187
0.00000	0.05360	0.00635	0.30787	0.33648	0.01184	0.03729	0.02097	0.07612	0.13042	0.01905
1.00000	0.01295	0.02026	0.02660	0.13433	0.01288	0.07797	0.00873	0.00306	0.65806	0.04516
1.00000	0.01244	0.00011	0.00628	0.00228	0.00253	0.00911	0.95316	0.00017	0.01038	0.00354
1.00000	0.08892	0.00163	0.03522	0.01002	0.05560	0.00657	0.57125	0.02416	0.07975	0.12689
1.00000	0.00056	0.93548	0.00676	0.00120	0.00748	0.00154	0.00207	0.00780	0.00308	0.03404
0.00000	0.53213	0.01171	0.19443	0.05659	0.01638	0.11350	0.00842	0.01499	0.04056	0.01129
1.00000	0.00220	0.00209	0.00348	0.00762	0.00328	0.00231	0.00035	0.96635	0.00158	0.01072
1.00000	0.00714	0.01001	0.51342	0.03080	0.12449	0.00540	0.03076	0.14610	0.01788	0.11401
0.00000	0.20319	0.00909	0.11760	0.27465	0.00554	0.03510	0.10127	0.00597	0.23901	0.00858
1.00000	0.14714	0.00144	0.02113	0.07436	0.00982	0.60980	0.01023	0.00400	0.10516	0.01691
1.00000	0.00420	0.00059	0.00307	0.00725	0.00538	0.01392	0.00071	0.92640	0.00967	0.02881
1.00000	0.15128	0.00438	0.00444	0.04139	0.01428	0.08509	0.64312	0.00880	0.01125	0.03597
1.00000	0.85893	0.00776	0.01739	0.01203	0.00111	0.01249	0.08409	0.00132	0.00358	0.00130
1.00000	0.00416	0.00969	0.00512	0.66039	0.00329	0.23662	0.00211	0.00384	0.03381	0.04098
1.00000	0.00101	0.00081	0.00142	0.00232	0.80913	0.00218	0.00316	0.02840	0.00408	0.14749
1.00000	0.00307	0.02567	0.91672	0.01421	0.01950	0.00096	0.01101	0.00061	0.00721	0.00105
1.00000	0.05429	0.00712	0.00485	0.00569	0.52191	0.03003	0.14438	0.04869	0.06232	0.12072
1.00000	0.04056	0.02566	0.01270	0.22088	0.00319	0.65375	0.00325	0.00190	0.02658	0.01154
1.00000	0.00821	0.74715	0.03510	0.00596	0.02359	0.03164	0.05120	0.01285	0.06427	0.02003
1.00000	0.00692	0.09248	0.02754	0.02754	0.19801	0.04764	0.00722	0.46561	0.00492	0.12212
1.00000	0.00598	0.00669	0.15560	0.03742	0.05212	0.07995	0.06034	0.02621	0.55844	0.01726
1.00000	0.75908	0.00444	0.10402	0.01406	0.02500	0.01917	0.06001	0.00670	0.00231	0.00522
1.00000	0.00171	0.86711	0.00971	0.00480	0.00801	0.01401	0.00698	0.01894	0.03426	0.03447
1.00000	0.00339	0.00235	0.02454	0.00973	0.88990	0.00863	0.01421	0.03627	0.00232	0.00867
1.00000	0.00081	0.00212	0.00281	0.00917	0.68271	0.00380	0.05227	0.14713	0.00216	0.09701
1.00000	0.07325	0.01476	0.01345	0.02163	0.02185	0.75463	0.00464	0.01863	0.05664	0.02052
1.00000	0.00480	0.01225	0.00110	0.06126	0.02090	0.59075	0.00268	0.13419	0.11060	0.06148
1.00000	0.00586	0.00337	0.00188	0.00496	0.07368	0.01052	0.01240	0.02529	0.02230	0.83975
1.00000	0.68541	0.00267	0.13339	0.02079	0.02739	0.03790	0.04033	0.01115	0.01242	0.02855
1.00000	0.00881	0.00819	0.94061	0.00417	0.00218	0.00085	0.02987	0.00040	0.00428	0.00065
1.00000	0.00568	0.71224	0.02718	0.03145	0.01235	0.03166	0.00731	0.04295	0.08867	0.04050
1.00000	0.01492	0.00099	0.05032	0.00141	0.74181	0.00952	0.10464	0.03685	0.00615	0.03340
1.00000	0.90262	0.00101	0.00741	0.01221	0.02293	0.01753	0.01056	0.01093	0.00641	0.00839
1.00000	0.00578	0.00364	0.00084	0.00990	0.00141	0.00485	0.00025	0.95631	0.00097	0.01604
1.00000	0.02783	0.07328	0.10158	0.04852	0.12922	0.04835	0.14998	0.09497	0.21982	0.10646
0.00000	0.03294	0.00364	0.00066	0.19912	0.04951	0.29689	0.01835	0.05054	0.04966	0.29868
0.00000	0.01531	0.26424	0.03511	0.05530	0.04057	0.13922	0.00371	0.16747	0.16295	0.11611
1.00000	0.00351	0.01600	0.02795	0.01230	0.21861	0.08331	0.01449	0.01068	0.03616	0.57699
1.00000	0.12416	0.01157	0.00441	0.20314	0.04771	0.38332	0.02114	0.00789	0.12739	0.06927
0.00000	0.04375	0.05070	0.03077	0.29451	0.03655	0.22812	0.07819	0.01754	0.14807	0.07181
1.00000	0.00641	0.00263	0.00278	0.00209	0.88116	0.00953	0.02030	0.00882	0.00635	0.05993
1.00000	0.00131	0.00460	0.01351	0.11026	0.02062	0.00380	0.01049	0.69758	0.00319	0.13465
1.00000	0.00113	0.80838	0.02451	0.01037	0.03240	0.00665	0.00287	0.06052	0.01214	0.04103
1.00000	0.00825	0.00277	0.00315	0.00363	0.03845	0.04712	0.00526	0.81642	0.00998	0.06497
1.00000	0.00191	0.03721	0.03608	0.04319	0.00442	0.01110	0.00037	0.76950	0.01732	0.07890
1.00000	0.01463	0.15996	0.55520	0.09957	0.01488	0.02773	0.06729	0.01650	0.04210	0.00214
1.00000	0.00056	0.00336	0.98863	0.00393	0.00116	0.00016	0.00047	0.00122	0.00022	0.00028
1.00000	0.00050	0.94350	0.00389	0.00267	0.00872	0.00417	0.00165	0.00998	0.00086	0.02405
1.00000	0.00084	0.93990	0.01121	0.00635	0.01228	0.00185	0.00117	0.00984	0.00339	0.01315
1.00000	0.01650	0.00039	0.00023	0.00091	0.13292	0.05478	0.00501	0.00751	0.01185	0.76989
1.00000	0.00156	0.89571	0.01771	0.00107	0.03095	0.00206	0.00109	0.01376	0.00112	0.03499
1.00000	0.63233	0.00540	0.00981	0.00357	0.03670	0.05338	0.09146	0.07822	0.00295	0.08617
1.00000	0.00205	0.00083	0.00544	0.00642	0.00168	0.03245	0.00265	0.00090	0.90668	0.04090
1.00000	0.87780	0.00979	0.00583	0.00298	0.00664	0.06135	0.02486	0.00394	0.00338	0.00342
1.00000	0.00038	0.00035	0.01418	0.00027	0.96672	0.00194	0.00285	0.00131	0.00046	0.01155
1.00000	0.00352	0.12610	0.01029	0.01279	0.50944	0.03522	0.02913	0.00929	0.03528	0.22896
1.00000	0.15718	0.01394	0.58876	0.03590	0.03485	0.02498	0.13451	0.00170	0.00675	0.00143
1.00000	0.03923	0.00071	0.01483	0.71044	0.00961	0.10893	0.00227	0.00546	0.09676	0.01176
1.00000	0.00134	0.00052	0.00382	0.01278	0.00147	0.00281	0.00034	0.95561	0.00264	0.01868
1.00000	0.88157	0.00165	0.02721	0.01689	0.00218	0.04534	0.01176	0.00480	0.00403	0.00457
1.00000	0.00205	0.00018	0.00780	0.00096	0.00229	0.00892	0.96919	0.00016	0.00631	0.00214
1.00000	0.00156	0.00139	0.00372	0.01234	0.75343	0.07192	0.00429	0.00646	0.00423	0.14065
1.00000	0.00433	0.03087	0.01401	0.15795	0.00307	0.00465	0.00041	0.71088	0.00928	0.06455
0.00000	0.03741	0.03510	0.37513	0.06349	0.07312	0.00969	0.02124	0.02256	0.32577	0.03651
1.00000	0.00187	0.90583	0.00999	0.00179	0.01579	0.00641	0.00618	0.02172	0.00402	0.02641
1.00000	0.02663	0.21176	0.04430	0.29360	0.01827	0.13630	0.01166	0.02292	0.09979	0.13478
1.00000	0.00736	0.02117	0.01318	0.62368	0.00148	0.05899	0.00079	0.03272	0.22147	0.01915
1.00000	0.00633	0.03092	0.79860	0.03521	0.01196	0.02397	0.00823	0.00149	0.08214	0.00116
1.00000	0.02204	0.03160	0.81171	0.01342	0.01101	0.00821	0.09616	0.00270	0.00202	0.00114
1.00000	0.08761	0.00126	0.36275	0.12997	0.00383	0.04077	0.00350	0.01602	0.34781	0.00648
1.00000	0.87257	0.00207	0.00502	0.01573	0.00130	0.05461	0.04182	0.00358	0.00247	0.00083
1.00000	0.01187	0.00235	0.84306	0.01097	0.05354	0.00601	0.04188	0.00650	0.01387	0.00995
1.00000	0.04407	0.00340	0.01522	0.81794	0.00045	0.10959	0.00213	0.00089	0.00550	0.00081
1.00000	0.02437	0.00388	0.03348	0.13384	0.03644	0.22398	0.03592	0.00369	0.44729	0.05712
1.00000	0.05948	0.00278	0.07441	0.00240	0.01924	0.01436	0.82244	0.00101	0.00267	0.00121
1.00000	0.00188	0.00896	0.00140	0.00816	0.03196	0.05333	0.00056	0.02402	0.01076	0.85898
0.00000	0.00687	0.19866	0.02915	0.15354	0.01052	0.08100	0.00228	0.25952	0.04735	0.21111
1.00000	0.00247	0.04774	0.11839	0.02498	0.11907	0.02060	0.61370	0.00990	0.00816	0.03499
1.00000	0.02066	0.01319	0.01418	0.03980	0.00606	0.08539	0.00189	0.00601	0.78364	0.02917
1.00000	0.02889	0.00085	0.00706	0.03888	0.00266	0.90351	0.00349	0.00011	0.01391	0.00063
0.00000	0.02292	0.09002	0.07775	0.02613	0.18008	0.02806	0.30895	0.00780	0.18410	0.07419
1.00000	0.01771	0.00853	0.00916	0.00152	0.12381	0.01589	0.02183	0.01745	0.00929	0.77481
1.00000	0.00217	0.06273	0.00169	0.00551	0.03563	0.03402	0.00032	0.70356	0.00071	0.15366
1.00000	0.01002	0.30835	0.52941	0.02276	0.01996	0.00523	0.07841	0.00643	0.01719	0.00224
1.00000	0.00038	0.00171	0.00035	0.00376	0.00113	0.00134	0.00005	0.98127	0.00071	0.00931
1.00000	0.03751	0.01283	0.07232	0.02645	0.00473	0.01259	0.00636	0.02872	0.73804	0.06044
1.00000	0.00584	0.00734	0.00641	0.36175	0.00544	0.14158	0.00037	0.01676	0.31202	0.14249
1.00000	0.18112	0.00315	0.00474	0.05018	0.00291	0.70116	0.01266	0.00049	0.02521	0.01838
1.00000	0.51006	0.00718	0.12569	0.02730	0.04403	0.05621	0.13555	0.01870	0.02635	0.04895
0.00000	0.01015	0.07076	0.33344	0.08732	0.00914	0.00335	0.00467	0.30134	0.11362	0.06621
1.00000	0.00097	0.00291	0.00208	0.00134	0.82113	0.01269	0.00158	0.00248	0.00451	0.15031
1.00000	0.04774	0.00142	0.00851	0.00315	0.05275	0.00569	0.03253	0.05662	0.02562	0.76597
1.00000	0.02070	0.05543	0.07372	0.56429	0.02909	0.21445	0.00952	0.00289	0.02502	0.00488
1.00000	0.04865	0.00231	0.00520	0.15079	0.00928	0.72534	0.00587	0.00183	0.04389	0.00683
1.00000	0.00424	0.00072	0.00299	0.00158	0.85897	0.01486	0.00385	0.06977	0.00146	0.04153
1.00000	0.06971	0.01725	0.15172	0.43507	0.00849	0.05772	0.11286	0.00537	0.13448	0.00733
1.00000	0.85063	0.00167	0.01254	0.03128	0.00248	0.06226	0.01676	0.00378	0.00678	0.01181
1.00000	0.00241	0.00916	0.63581	0.29823	0.00356	0.00902	0.00880	0.01009	0.02219	0.00073
1.00000	0.03109	0.00747	0.24492	0.00415	0.13268	0.02998	0.07655	0.02308	0.00484	0.44523
1.00000	0.17838	0.03027	0.01589	0.56832	0.00436	0.14102	0.02928	0.00373	0.02500	0.00375
1.00000	0.00099	0.90954	0.01180	0.00172	0.02003	0.00224	0.00317	0.01363	0.00572	0.03116
1.00000	0.07897	0.00592	0.03787	0.00755	0.00737	0.24281	0.59031	0.00077	0.01791	0.01052
1.00000	0.00134	0.00200	0.00043	0.00330	0.10821	0.01427	0.00189	0.03040	0.00553	0.83264
1.00000	0.00115	0.75090	0.01463	0.00790	0.04438	0.01711	0.00518	0.05022	0.01537	0.09317
1.00000	0.00383	0.00476	0.00077	0.02766	0.04626	0.02332	0.00223	0.09944	0.03800	0.75373
1.00000	0.06655	0.01206	0.03003	0.70591	0.00088	0.14579	0.01300	0.00109	0.02320	0.00148
0.00000	0.52464	0.02017	0.26927	0.05890	0.00163	0.07609	0.01078	0.02039	0.01479	0.00333
1.00000	0.02516	0.00229	0.01540	0.00401	0.68561	0.02010	0.08842	0.01639	0.00566	0.13697
1.00000	0.00187	0.00096	0.00113	0.00472	0.60849	0.07707	0.00103	0.04325	0.00061	0.26087
1.00000	0.02868	0.01616	0.04506	0.75138	0.00067	0.09855	0.00121	0.03085	0.02495	0.00247
1.00000	0.77232	0.00214	0.04355	0.01518	0.01340	0.08354	0.01035	0.01135	0.00218	0.04600
1.00000	0.01176	0.00333	0.01722	0.00450	0.77960	0.01936	0.05494	0.04568	0.01322	0.05038
1.00000	0.02498	0.00164	0.01115	0.00038	0.75773	0.05031	0.03665	0.03500	0.00298	0.07918
1.00000	0.00553	0.82702	0.03894	0.01248	0.01133	0.02866	0.00611	0.03318	0.00854	0.02821
1.00000	0.03083	0.00228	0.00741	0.44156	0.00896	0.23475	0.00455	0.03421	0.14035	0.09511
1.00000	0.53608	0.03739	0.06569	0.07413	0.00656	0.07264	0.08546	0.03377	0.03515	0.05313
1.00000	0.00139	0.00617	0.00030	0.00619	0.12772	0.03807	0.00254	0.01529	0.00605	0.79628
1.00000	0.00127	0.00390	0.00120	0.00449	0.18890	0.01537	0.00557	0.00337	0.01160	0.76432
1.00000	0.02707	0.16183	0.08617	0.00380	0.08912	0.11616	0.45229	0.00206	0.03665	0.02486
1.00000	0.00597	0.00264	0.04795	0.12188	0.00137	0.05279	0.03646	0.00073	0.72574	0.00447
1.00000	0.01713	0.09484	0.55685	0.18003	0.00452	0.01286	0.00883	0.09014	0.02780	0.00700
1.00000	0.01441	0.07672	0.00351	0.15948	0.06459	0.23942	0.01006	0.05893	0.02987	0.34302
1.00000	0.00169	0.21326	0.01221	0.01566	0.17663	0.03968	0.00482	0.37549	0.00525	0.15532
1.00000	0.07296	0.00928	0.01200	0.14650	0.00316	0.69199	0.02739	0.00052	0.03235	0.00385
1.00000	0.00608	0.04668	0.04911	0.16550	0.03629	0.01227	0.05081	0.43108	0.06988	0.13229
1.00000	0.03402	0.06277	0.01899	0.02611	0.00767	0.05905	0.00614	0.01815	0.71248	0.05461
1.00000	0.02033	0.01958	0.05220	0.01525	0.09174	0.06137	0.03690	0.06817	0.17433	0.46013
1.00000	0.04186	0.00765	0.62196	0.04846	0.05316	0.02225	0.01132	0.00295	0.15964	0.03074
1.00000	0.07880	0.04438	0.00737	0.00065	0.02259	0.75571	0.04346	0.00648	0.03476	0.00580
1.00000	0.00907	0.00070	0.87520	0.01676	0.05442	0.00156	0.00721	0.00549	0.00197	0.02762
1.00000	0.06693	0.01098	0.01839	0.68765	0.00223	0.14568	0.01131	0.02445	0.02889	0.00349
1.00000	0.03745	0.00236	0.06117	0.01503	0.01998	0.17146	0.06394	0.04282	0.49465	0.09116
1.00000	0.02002	0.00785	0.40660	0.13709	0.01445	0.02904	0.00873	0.00523	0.35380	0.01721
1.00000	0.01576	0.00160	0.07099	0.72675	0.00080	0.05870	0.00280	0.01166	0.10701	0.00393
1.00000	0.00434	0.01385	0.00096	0.02004	0.09535	0.02333	0.00118	0.01737	0.04354	0.78004
1.00000	0.00051	0.00119	0.02987	0.00101	0.01420	0.00335	0.94549	0.00015	0.00262	0.00159
1.00000	0.00118	0.04518	0.00994	0.02718	0.00844	0.00430	0.00054	0.80794	0.00231	0.09296
1.00000	0.87562	0.00158	0.02454	0.02875	0.00722	0.03968	0.01566	0.00101	0.00348	0.00247
1.00000	0.87518	0.00150	0.01255	0.00980	0.00247	0.07761	0.01129	0.00602	0.00237	0.00119
1.00000	0.00550	0.01254	0.02614	0.01218	0.09059	0.79814	0.01519	0.00689	0.00737	0.02546
1.00000	0.01321	0.01658	0.79701	0.03195	0.00620	0.00328	0.09763	0.03059	0.00219	0.00136
1.00000	0.03482	0.00262	0.07006	0.84472	0.00130	0.01278	0.01944	0.00195	0.01178	0.00053
1.00000	0.02081	0.03240	0.58485	0.03020	0.05494	0.01487	0.08288	0.06038	0.03469	0.08399
1.00000	0.02272	0.01171	0.00278	0.00121	0.00979	0.79925	0.00153	0.00137	0.10475	0.04491
1.00000	0.00456	0.70712	0.01273	0.01462	0.04660	0.04013	0.02067	0.03516	0.04915	0.06926
1.00000	0.72827	0.00882	0.02928	0.00780	0.03507	0.00794	0.09632	0.02385	0.01049	0.05216
1.00000	0.03022	0.03946	0.22488	0.22330	0.00139	0.00321	0.00325	0.39806	0.07137	0.00488
1.00000	0.05846	0.00441	0.03900	0.03221	0.01701	0.04190	0.02589	0.00271	0.75228	0.02612
0.00000	0.00191	0.02282	0.00310	0.00305	0.33682	0.03641	0.01306	0.01301	0.00567	0.56415
1.00000	0.05083	0.00234	0.01710	0.00090	0.56054	0.02741	0.06338	0.04465	0.01011	0.22275
1.00000	0.02002	0.02706	0.45058	0.15651	0.00312	0.01385	0.01002	0.01239	0.30474	0.00172
1.00000	0.00582	0.05355	0.79660	0.03483	0.02068	0.00391	0.06719	0.00336	0.01323	0.00082
0.00000	0.00553	0.10434	0.04336	0.26430	0.06793	0.14237	0.00760	0.01341	0.25202	0.09914
