1.00000	0.00747	0.86461	0.00849	0.00386	0.01558	0.01159	0.01807	0.01802	0.04656	0.00575
1.00000	0.00064	0.00035	0.00047	0.00126	0.00134	0.00050	0.00002	0.98858	0.00044	0.00641
1.00000	0.92957	0.00051	0.00994	0.00716	0.00086	0.02034	0.01189	0.00800	0.00456	0.00717
1.00000	0.01939	0.02569	0.00418	0.08826	0.00753	0.62779	0.02493	0.02479	0.11193	0.06550
1.00000	0.00038	0.00265	0.00125	0.00882	0.81797	0.01287	0.00081	0.06139	0.00150	0.09236
1.00000	0.01450	0.02119	0.00474	0.00641	0.12230	0.01999	0.00182	0.62633	0.00659	0.17614
1.00000	0.01120	0.00051	0.00062	0.02445	0.00074	0.95037	0.00179	0.00307	0.00473	0.00252
1.00000	0.30565	0.00972	0.36984	0.00756	0.16557	0.00889	0.10404	0.01735	0.00090	0.01048
0.00000	0.00064	0.00863	0.02648	0.00428	0.08819	0.02899	0.00396	0.23147	0.05489	0.55247
0.00000	0.04973	0.02415	0.01452	0.04944	0.37495	0.04050	0.03356	0.04014	0.09741	0.27559
1.00000	0.01570	0.69542	0.01195	0.04481	0.03285	0.00484	0.00966	0.12649	0.01900	0.03929
1.00000	0.01342	0.00021	0.90729	0.00045	0.00392	0.00020	0.07235	0.00045	0.00090	0.00080
1.00000	0.00188	0.04311	0.00324	0.00873	0.58481	0.07092	0.00242	0.03802	0.00521	0.24168
1.00000	0.00594	0.78023	0.00650	0.02613	0.01376	0.01757	0.01577	0.05992	0.03092	0.04326
1.00000	0.00572	0.60339	0.02498	0.04149	0.02783	0.00739	0.01252	0.24844	0.00999	0.01825
1.00000	0.00643	0.00298	0.08911	0.39058	0.05681	0.13241	0.02182	0.18596	0.03095	0.08294
1.00000	0.00928	0.81525	0.00723	0.02429	0.02244	0.00518	0.00537	0.07618	0.00748	0.02730
1.00000	0.01266	0.00994	0.00563	0.01224	0.00170	0.10099	0.82028	0.00157	0.03294	0.00206
1.00000	0.00015	0.00386	0.00095	0.00203	0.87553	0.00986	0.00209	0.03035	0.00137	0.07380
1.00000	0.00167	0.00105	0.01050	0.01719	0.25108	0.01835	0.00443	0.14123	0.03119	0.52332
1.00000	0.00782	0.00066	0.03106	0.88245	0.00154	0.05580	0.00053	0.00324	0.01584	0.00106
1.00000	0.00642	0.00200	0.00282	0.03022	0.61887	0.01021	0.01316	0.05981	0.01853	0.23795
1.00000	0.00020	0.00026	0.00010	0.01151	0.03032	0.00431	0.00048	0.04259	0.00811	0.90213
1.00000	0.09662	0.00429	0.07099	0.24761	0.01300	0.05014	0.01626	0.01488	0.45704	0.02917
1.00000	0.00652	0.00193	0.00459	0.01165	0.02631	0.03291	0.00345	0.03733	0.15179	0.72350
1.00000	0.71653	0.00529	0.12277	0.04736	0.01223	0.03070	0.03410	0.01573	0.01173	0.00358
1.00000	0.00406	0.00072	0.00301	0.01026	0.00423	0.00445	0.00007	0.86881	0.02935	0.07504
1.00000	0.09770	0.00062	0.07579	0.00238	0.00607	0.01315	0.71643	0.00086	0.07902	0.00799
1.00000	0.01871	0.07497	0.03319	0.03923	0.08291	0.20791	0.06999	0.02305	0.35584	0.09421
1.00000	0.01639	0.00026	0.01947	0.00072	0.00671	0.00199	0.95007	0.00041	0.00252	0.00145
1.00000	0.01698	0.51531	0.02631	0.07100	0.06158	0.00817	0.00869	0.17172	0.07671	0.04353
1.00000	0.03151	0.00186	0.01077	0.84050	0.00185	0.08149	0.00148	0.00150	0.02758	0.00146
1.00000	0.03328	0.76131	0.01267	0.03460	0.00621	0.00498	0.03187	0.05492	0.03704	0.02312
1.00000	0.01821	0.00414	0.05924	0.02889	0.53394	0.06460	0.07854	0.05073	0.04251	0.11921
1.00000	0.00268	0.00091	0.02429	0.00053	0.00370	0.00293	0.95832	0.00190	0.00395	0.00078
1.00000	0.00631	0.06035	0.74215	0.01291	0.00531	0.01387	0.06939	0.03257	0.05036	0.00678
1.00000	0.00469	0.00629	0.00683	0.01411	0.10573	0.19445	0.03930	0.06855	0.47141	0.08864
1.00000	0.81918	0.00656	0.02677	0.01742	0.00679	0.03582	0.03753	0.02568	0.00059	0.02366
1.00000	0.00131	0.10125	0.01421	0.00388	0.45593	0.06883	0.01218	0.10465	0.00149	0.23627
1.00000	0.02979	0.00958	0.54610	0.02723	0.00175	0.01673	0.04614	0.07879	0.16132	0.08257
1.00000	0.14939	0.00414	0.01408	0.58986	0.00374	0.11511	0.00827	0.00373	0.10786	0.00383
1.00000	0.00489	0.00188	0.91657	0.01672	0.00161	0.00107	0.00742	0.02398	0.02400	0.00187
1.00000	0.98059	0.00011	0.00248	0.00166	0.00018	0.01101	0.00281	0.00039	0.00038	0.00038
1.00000	0.00073	0.00716	0.04945	0.00632	0.13909	0.03079	0.01551	0.10782	0.02577	0.61737
1.00000	0.04608	0.00844	0.58711	0.17753	0.00493	0.01723	0.03247	0.00294	0.12160	0.00166
1.00000	0.00702	0.83526	0.01107	0.00923	0.02947	0.00821	0.01622	0.02426	0.04685	0.01240
1.00000	0.00725	0.00125	0.03385	0.85311	0.00359	0.02196	0.00171	0.04671	0.02819	0.00238
1.00000	0.00241	0.00417	0.04613	0.69571	0.02163	0.01063	0.00468	0.16854	0.03727	0.00883
0.00000	0.00216	0.00066	0.01318	0.56701	0.00193	0.03426	0.00031	0.02332	0.33508	0.02209
1.00000	0.02699	0.00597	0.00681	0.14975	0.01451	0.70475	0.02924	0.02696	0.02462	0.01040
1.00000	0.00967	0.01665	0.09390	0.01141	0.31478	0.03547	0.12460	0.11498	0.14070	0.13785
1.00000	0.02667	0.00286	0.00259	0.01606	0.00111	0.06542	0.87459	0.00049	0.00360	0.00660
1.00000	0.01265	0.01004	0.01026	0.01859	0.00090	0.00349	0.00165	0.87187	0.00166	0.06888
1.00000	0.01566	0.00522	0.00524	0.00809	0.01365	0.02509	0.00097	0.82631	0.00402	0.09575
1.00000	0.04940	0.00498	0.00583	0.17139	0.00138	0.70361	0.01028	0.01772	0.02766	0.00777
1.00000	0.00126	0.05173	0.02703	0.00212	0.14577	0.04767	0.00686	0.05593	0.02435	0.63728
1.00000	0.00932	0.00840	0.01080	0.00482	0.81131	0.01081	0.01996	0.03621	0.00415	0.08423
1.00000	0.00267	0.00264	0.02330	0.00520	0.76069	0.00419	0.01407	0.07279	0.00518	0.10926
1.00000	0.75302	0.01320	0.07651	0.05671	0.01156	0.03639	0.01098	0.02145	0.00945	0.01074
1.00000	0.02148	0.00299	0.01163	0.04402	0.02347	0.08428	0.00879	0.05594	0.54679	0.20061
1.00000	0.01138	0.00262	0.00995	0.08808	0.04010	0.64496	0.07600	0.01955	0.02682	0.08053
1.00000	0.52174	0.00538	0.01790	0.02165	0.00832	0.10210	0.00271	0.21314	0.00718	0.09987
1.00000	0.00823	0.00118	0.00144	0.00716	0.56367	0.16293	0.06356	0.02429	0.00683	0.16071
1.00000	0.00013	0.00558	0.00094	0.00303	0.07804	0.02519	0.00092	0.09055	0.00869	0.78694
1.00000	0.00046	0.00058	0.00248	0.01940	0.00028	0.00102	0.00015	0.97218	0.00036	0.00308
1.00000	0.00055	0.00320	0.00062	0.00097	0.03418	0.01952	0.00015	0.91474	0.00264	0.02343
1.00000	0.05502	0.00598	0.09436	0.01203	0.06183	0.06019	0.01343	0.24616	0.01313	0.43787
1.00000	0.00223	0.00119	0.02278	0.03806	0.00266	0.00126	0.00057	0.90761	0.01483	0.00881
1.00000	0.00030	0.00280	0.00117	0.01207	0.07050	0.07026	0.00085	0.16854	0.02282	0.65070
1.00000	0.06833	0.00438	0.17596	0.06584	0.08301	0.00897	0.51179	0.05354	0.01488	0.01330
1.00000	0.84556	0.00136	0.04757	0.01218	0.01125	0.02181	0.03937	0.00620	0.01123	0.00346
1.00000	0.07853	0.00604	0.00194	0.27959	0.00578	0.47354	0.05096	0.02757	0.06719	0.00886
1.00000	0.01907	0.00673	0.00103	0.00729	0.02490	0.80144	0.00099	0.09319	0.03604	0.00932
1.00000	0.02530	0.00611	0.11776	0.01622	0.03436	0.01728	0.66969	0.03821	0.05822	0.01684
1.00000	0.01008	0.00102	0.04071	0.00067	0.00784	0.14394	0.77110	0.00190	0.01584	0.00689
1.00000	0.03742	0.07023	0.04747	0.00852	0.04641	0.55905	0.03821	0.08652	0.05977	0.04640
1.00000	0.00187	0.00211	0.01081	0.01055	0.01382	0.00627	0.00021	0.75035	0.05273	0.15129
0.00000	0.36903	0.02673	0.02197	0.03720	0.01530	0.10846	0.00648	0.38841	0.00238	0.02403
1.00000	0.00041	0.00015	0.00245	0.00167	0.00575	0.00127	0.00010	0.97754	0.00138	0.00928
1.00000	0.03489	0.03540	0.00060	0.00788	0.03327	0.67570	0.00443	0.16572	0.01357	0.02853
1.00000	0.00025	0.00329	0.00250	0.00243	0.15467	0.01749	0.00141	0.09080	0.01047	0.71669
1.00000	0.00240	0.02808	0.00891	0.01434	0.58159	0.02227	0.12922	0.07769	0.01851	0.11698
1.00000	0.00380	0.00462	0.00862	0.00889	0.79026	0.00277	0.00434	0.05902	0.00349	0.11417
1.00000	0.00081	0.00182	0.00323	0.00563	0.12449	0.02144	0.00182	0.04610	0.01030	0.78436
1.00000	0.00272	0.00092	0.98650	0.00561	0.00058	0.00016	0.00135	0.00092	0.00091	0.00035
1.00000	0.92588	0.00100	0.01106	0.01474	0.00025	0.00567	0.02958	0.00254	0.00827	0.00099
1.00000	0.01756	0.00251	0.72055	0.03889	0.00859	0.02926	0.13865	0.00634	0.02828	0.00937
0.00000	0.00246	0.00165	0.00033	0.00304	0.04035	0.05953	0.00023	0.43833	0.00103	0.45306
1.00000	0.01623	0.73953	0.00535	0.01027	0.01109	0.01498	0.01240	0.14350	0.00402	0.04264
1.00000	0.01144	0.03859	0.03319	0.62132	0.00345	0.14044	0.04119	0.03837	0.03265	0.03936
1.00000	0.01090	0.00237	0.86735	0.00564	0.03758	0.00365	0.04613	0.00352	0.01025	0.01260
1.00000	0.77496	0.00516	0.02109	0.01987	0.00871	0.03462	0.03377	0.06089	0.00078	0.04013
1.00000	0.08478	0.00282	0.02061	0.00063	0.00310	0.03515	0.85133	0.00041	0.00072	0.00046
1.00000	0.01123	0.77068	0.04322	0.05017	0.01293	0.00148	0.01483	0.04658	0.01895	0.02993
1.00000	0.00104	0.00025	0.00234	0.00226	0.00148	0.00048	0.00011	0.96575	0.00654	0.01974
1.00000	0.00500	0.00220	0.00246	0.00576	0.12535	0.02663	0.00705	0.70282	0.02211	0.10062
0.00000	0.07930	0.00437	0.00244	0.08258	0.33216	0.11449	0.00518	0.26362	0.01785	0.09801
0.00000	0.01455	0.00156	0.00094	0.00531	0.14326	0.04207	0.00432	0.06899	0.09968	0.61933
1.00000	0.04392	0.00075	0.02968	0.01470	0.72382	0.00321	0.03593	0.04089	0.01016	0.09694
1.00000	0.00880	0.00050	0.00040	0.00223	0.00149	0.00083	0.00011	0.95320	0.00020	0.03225
1.00000	0.00227	0.07180	0.03409	0.00637	0.07540	0.02219	0.00349	0.65733	0.01931	0.10774
1.00000	0.00424	0.00886	0.05724	0.00297	0.27504	0.01755	0.57155	0.03838	0.00164	0.02253
1.00000	0.00289	0.00011	0.00266	0.01682	0.00047	0.00836	0.00082	0.00209	0.93981	0.02598
0.00000	0.00805	0.00296	0.03409	0.00413	0.60176	0.01706	0.09086	0.09029	0.01174	0.13906
1.00000	0.11711	0.00997	0.37324	0.14174	0.00491	0.06355	0.12784	0.00230	0.15381	0.00552
1.00000	0.01062	0.00180	0.01333	0.02394	0.00199	0.88117	0.00372	0.00949	0.05346	0.00047
1.00000	0.03021	0.00257	0.02152	0.01753	0.68411	0.02652	0.12251	0.05519	0.00860	0.03123
1.00000	0.06932	0.00110	0.04465	0.68898	0.00334	0.06016	0.00142	0.08071	0.05002	0.00030
1.00000	0.00050	0.00284	0.00218	0.00178	0.62910	0.04311	0.00276	0.03220	0.01004	0.27550
1.00000	0.00042	0.00014	0.00018	0.00051	0.00017	0.00054	0.00001	0.99059	0.00028	0.00715
0.00000	0.24260	0.00643	0.08568	0.15568	0.03935	0.12316	0.02730	0.08652	0.01676	0.21651
1.00000	0.00421	0.00047	0.01321	0.03548	0.01077	0.01174	0.00570	0.00506	0.84468	0.06868
1.00000	0.00288	0.00082	0.01067	0.03810	0.01215	0.01301	0.00428	0.09154	0.78341	0.04314
1.00000	0.00082	0.04474	0.00097	0.00668	0.01694	0.00097	0.00040	0.89937	0.00133	0.02777
1.00000	0.02335	0.52993	0.03607	0.01856	0.00977	0.08749	0.02492	0.13606	0.06602	0.06784
1.00000	0.06154	0.00522	0.05203	0.68162	0.00063	0.13428	0.00286	0.01790	0.04259	0.00134
1.00000	0.00402	0.00036	0.01213	0.00030	0.00377	0.00502	0.97059	0.00115	0.00218	0.00046
1.00000	0.00110	0.00036	0.00097	0.00895	0.11882	0.01421	0.00119	0.03535	0.01507	0.80399
1.00000	0.02140	0.72093	0.01357	0.02315	0.01896	0.00330	0.02625	0.08191	0.03514	0.05540
1.00000	0.00076	0.00644	0.00396	0.00362	0.00667	0.00398	0.00036	0.96443	0.00132	0.00848
1.00000	0.01034	0.00120	0.03174	0.00754	0.66624	0.00384	0.09360	0.10942	0.01595	0.06011
0.00000	0.00940	0.04473	0.07448	0.03232	0.32016	0.03458	0.19478	0.27389	0.00235	0.01330
1.00000	0.03173	0.00634	0.29297	0.41354	0.00418	0.04125	0.11398	0.07259	0.01958	0.00383
1.00000	0.86245	0.00136	0.01848	0.00611	0.02631	0.04608	0.01962	0.00802	0.00857	0.00301
0.00000	0.03900	0.03700	0.00382	0.05634	0.04096	0.28083	0.00766	0.31071	0.05968	0.16400
1.00000	0.03815	0.00164	0.01746	0.79920	0.00121	0.11209	0.00834	0.01048	0.00868	0.00275
1.00000	0.01889	0.00095	0.67915	0.00506	0.10970	0.00305	0.17399	0.00381	0.00341	0.00198
1.00000	0.00172	0.01164	0.15860	0.69284	0.00109	0.04226	0.00926	0.00221	0.07609	0.00429
1.00000	0.06649	0.01133	0.00920	0.20070	0.00054	0.67872	0.00980	0.00744	0.01237	0.00340
1.00000	0.00921	0.00038	0.00706	0.17903	0.00108	0.71536	0.00168	0.00851	0.07668	0.00101
1.00000	0.00012	0.00030	0.00022	0.00563	0.03530	0.01114	0.00065	0.00768	0.00711	0.93185
1.00000	0.02481	0.00460	0.03831	0.15486	0.02082	0.26613	0.02704	0.14733	0.14665	0.16945
1.00000	0.00072	0.00066	0.01045	0.00213	0.00330	0.02426	0.95384	0.00049	0.00345	0.00071
1.00000	0.00078	0.00029	0.00050	0.01076	0.89243	0.00191	0.00294	0.03375	0.00256	0.05409
1.00000	0.88466	0.00096	0.01912	0.02198	0.00141	0.01930	0.04052	0.00380	0.00477	0.00349
1.00000	0.03654	0.00765	0.00753	0.05226	0.01176	0.02723	0.00408	0.05597	0.52022	0.27677
1.00000	0.91790	0.00015	0.00953	0.00703	0.00100	0.05387	0.00717	0.00138	0.00078	0.00119
1.00000	0.00151	0.00336	0.00927	0.07216	0.02208	0.02415	0.00333	0.83276	0.00535	0.02605
1.00000	0.13299	0.00505	0.47682	0.14836	0.00357	0.08031	0.03648	0.08279	0.03214	0.00148
0.00000	0.01708	0.03311	0.01168	0.01460	0.06912	0.05113	0.02778	0.30932	0.24708	0.21909
1.00000	0.01710	0.00357	0.03107	0.31293	0.00253	0.07902	0.05655	0.02758	0.46106	0.00859
1.00000	0.07618	0.01172	0.08340	0.14777	0.00375	0.28427	0.05975	0.00415	0.31379	0.01522
1.00000	0.00034	0.00215	0.00065	0.00140	0.00076	0.00047	0.00004	0.99176	0.00030	0.00214
1.00000	0.01192	0.03589	0.37777	0.21781	0.00133	0.00941	0.03866	0.06446	0.18958	0.05317
1.00000	0.00847	0.01416	0.08346	0.01277	0.02555	0.03875	0.78378	0.01058	0.01311	0.00937
1.00000	0.82633	0.00099	0.00277	0.00517	0.00601	0.11392	0.01955	0.01345	0.00102	0.01080
1.00000	0.00946	0.01530	0.01259	0.01770	0.01853	0.65261	0.04996	0.02764	0.07788	0.11833
1.00000	0.02612	0.00515	0.04895	0.22715	0.00415	0.56582	0.01302	0.04852	0.04768	0.01344
1.00000	0.02252	0.00231	0.85326	0.00562	0.01272	0.02227	0.03453	0.00391	0.03915	0.00370
1.00000	0.00544	0.00106	0.01273	0.06385	0.01692	0.84326	0.01528	0.00523	0.02429	0.01194
1.00000	0.00609	0.37163	0.06951	0.11697	0.02699	0.07357	0.03995	0.12463	0.09771	0.07295
1.00000	0.00351	0.00015	0.01789	0.94733	0.00044	0.01361	0.00152	0.00454	0.01082	0.00020
1.00000	0.01381	0.00224	0.12346	0.01283	0.02955	0.00831	0.77260	0.01596	0.00602	0.01521
1.00000	0.06485	0.00566	0.12067	0.01218	0.58273	0.05046	0.10860	0.01363	0.00584	0.03538
1.00000	0.00080	0.01872	0.01402	0.04541	0.00467	0.00245	0.00177	0.84585	0.00697	0.05933
1.00000	0.00138	0.00170	0.00500	0.00052	0.86918	0.00299	0.01231	0.04533	0.00083	0.06076
1.00000	0.91181	0.00074	0.01284	0.05099	0.00083	0.00955	0.00479	0.00343	0.00081	0.00421
0.00000	0.03224	0.01435	0.27300	0.21434	0.00124	0.02851	0.01726	0.01862	0.38408	0.01638
1.00000	0.44796	0.01246	0.26170	0.01385	0.02241	0.00941	0.08688	0.10217	0.00172	0.04145
0.00000	0.03465	0.00245	0.30527	0.37848	0.00300	0.02707	0.00496	0.17789	0.06026	0.00597
1.00000	0.00336	0.00153	0.00666	0.01434	0.07317	0.06736	0.00738	0.06604	0.03182	0.72835
1.00000	0.02443	0.00232	0.81441	0.04609	0.00412	0.00369	0.02868	0.02152	0.04816	0.00658
1.00000	0.03880	0.00093	0.00241	0.13466	0.00359	0.68551	0.02473	0.01912	0.05006	0.04018
1.00000	0.36199	0.00511	0.38157	0.00157	0.00435	0.04388	0.13486	0.00302	0.03510	0.02855
0.00000	0.00186	0.00399	0.01108	0.00174	0.39269	0.07436	0.17667	0.00795	0.04327	0.28639
1.00000	0.00137	0.00433	0.01210	0.04363	0.07784	0.06413	0.00459	0.11024	0.14991	0.53186
1.00000	0.00017	0.00104	0.00041	0.00413	0.05543	0.04876	0.00049	0.05545	0.00188	0.83224
1.00000	0.01299	0.00311	0.20385	0.02052	0.01349	0.00498	0.70371	0.02101	0.00435	0.01199
1.00000	0.00518	0.00096	0.08148	0.03421	0.00937	0.01933	0.01569	0.02465	0.75752	0.05160
1.00000	0.15797	0.00067	0.71296	0.02491	0.00883	0.00690	0.02092	0.01598	0.04886	0.00199
1.00000	0.76314	0.00102	0.04126	0.05150	0.01417	0.04343	0.02531	0.02545	0.01593	0.01879
1.00000	0.00715	0.01837	0.02392	0.18762	0.00092	0.00691	0.00230	0.06964	0.65862	0.02456
1.00000	0.03846	0.00285	0.01873	0.03157	0.00103	0.86616	0.01864	0.00232	0.01873	0.00153
1.00000	0.00335	0.00074	0.00073	0.00542	0.71903	0.00639	0.00718	0.06309	0.00488	0.18919
1.00000	0.00697	0.00205	0.00740	0.00008	0.00418	0.00713	0.97114	0.00046	0.00020	0.00038
1.00000	0.00688	0.00975	0.02089	0.02112	0.47732	0.06624	0.03611	0.08893	0.03978	0.23298
1.00000	0.00515	0.00007	0.00138	0.00158	0.00016	0.00044	0.00012	0.98923	0.00016	0.00169
1.00000	0.05610	0.00797	0.01918	0.62079	0.00386	0.03744	0.00497	0.10161	0.08281	0.06528
1.00000	0.01562	0.01048	0.01163	0.00627	0.01195	0.03946	0.00354	0.01165	0.86061	0.02878
0.00000	0.01331	0.00414	0.16136	0.17119	0.00602	0.00460	0.00131	0.07239	0.53524	0.03044
1.00000	0.29406	0.01491	0.14384	0.00435	0.13446	0.02261	0.16626	0.11479	0.01188	0.09285
1.00000	0.01120	0.00743	0.01346	0.51861	0.06765	0.19681	0.01245	0.06519	0.07906	0.02814
1.00000	0.01934	0.00308	0.00459	0.00141	0.00976	0.09871	0.85300	0.00040	0.00594	0.00376
1.00000	0.00770	0.78577	0.02425	0.00965	0.04082	0.00220	0.01707	0.08027	0.00657	0.02570
1.00000	0.01958	0.00280	0.04097	0.68249	0.00083	0.11424	0.00149	0.03930	0.09683	0.00146
1.00000	0.18378	0.00148	0.04594	0.30408	0.00623	0.04679	0.02299	0.00680	0.35422	0.02770
1.00000	0.00938	0.00231	0.06992	0.04348	0.00646	0.02248	0.02861	0.02447	0.73884	0.05405
1.00000	0.02893	0.00746	0.00563	0.02282	0.00894	0.85765	0.02286	0.00533	0.01864	0.02175
0.00000	0.29519	0.00997	0.11156	0.14410	0.01550	0.09176	0.02522	0.09892	0.15397	0.05382
1.00000	0.06540	0.00324	0.04564	0.76724	0.00513	0.03012	0.01800	0.00363	0.04722	0.01438
1.00000	0.32470	0.02777	0.08065	0.41939	0.00348	0.03628	0.01038	0.04332	0.04650	0.00753
1.00000	0.00442	0.00169	0.00129	0.00937	0.59956	0.02165	0.05997	0.10216	0.02407	0.17582
1.00000	0.04822	0.02004	0.17224	0.49067	0.00083	0.04920	0.00728	0.02422	0.18308	0.00423
0.00000	0.01274	0.00735	0.56652	0.08740	0.05367	0.02239	0.10234	0.10718	0.02836	0.01204
1.00000	0.07607	0.01112	0.10342	0.15356	0.04317	0.05931	0.03834	0.02665	0.40486	0.08348
1.00000	0.01625	0.00149	0.10486	0.18695	0.02823	0.04333	0.00252	0.04780	0.53684	0.03173
1.00000	0.94253	0.00087	0.00605	0.00214	0.00020	0.03906	0.00675	0.00084	0.00058	0.00097
1.00000	0.01364	0.00051	0.00116	0.08944	0.00112	0.87141	0.00449	0.00721	0.00626	0.00477
1.00000	0.00713	0.00190	0.05857	0.87053	0.01251	0.01968	0.00057	0.00396	0.02460	0.00055
1.00000	0.01042	0.00135	0.02336	0.00365	0.59658	0.08609	0.13578	0.08081	0.01165	0.05032
1.00000	0.00532	0.05416	0.02369	0.01085	0.55302	0.08197	0.04625	0.08288	0.01285	0.12902
1.00000	0.00231	0.00016	0.00116	0.01397	0.01219	0.01065	0.00091	0.06593	0.08113	0.81158
1.00000	0.03084	0.00224	0.00233	0.03482	0.12748	0.21167	0.03853	0.23127	0.02729	0.29354
1.00000	0.00998	0.00214	0.09611	0.83239	0.00108	0.00638	0.01538	0.00457	0.03093	0.00105
1.00000	0.00217	0.00152	0.05851	0.05933	0.07225	0.02074	0.00422	0.19785	0.07169	0.51172
1.00000	0.01898	0.00383	0.01450	0.03187	0.01255	0.25274	0.02657	0.00730	0.47208	0.15958
1.00000	0.00016	0.00043	0.00010	0.01373	0.07029	0.02831	0.00065	0.01156	0.00480	0.86996
1.00000	0.02701	0.00725	0.01806	0.06848	0.01122	0.08970	0.01943	0.02750	0.60286	0.12849
1.00000	0.88247	0.00086	0.02355	0.01212	0.00235	0.05626	0.00948	0.00751	0.00048	0.00493
1.00000	0.01366	0.75631	0.05187	0.04614	0.02309	0.00272	0.01769	0.04121	0.01789	0.02943
1.00000	0.00463	0.00032	0.00244	0.47085	0.00987	0.03118	0.00067	0.04338	0.20102	0.23564
1.00000	0.82806	0.00057	0.03258	0.00722	0.00027	0.10152	0.01567	0.00063	0.00835	0.00512
1.00000	0.02705	0.00755	0.58127	0.01216	0.14230	0.00603	0.01038	0.12133	0.00217	0.08976
1.00000	0.00181	0.00231	0.00081	0.01601	0.01276	0.01878	0.00029	0.25152	0.11316	0.58256
1.00000	0.00015	0.00098	0.00069	0.00087	0.00544	0.00181	0.00003	0.95634	0.00134	0.03234
1.00000	0.01033	0.00306	0.00948	0.01136	0.00405	0.10872	0.18776	0.00207	0.61092	0.05226
1.00000	0.06469	0.00986	0.00296	0.00681	0.04599	0.05000	0.02007	0.73611	0.02338	0.04013
1.00000	0.97546	0.00102	0.01083	0.00087	0.00063	0.00246	0.00468	0.00060	0.00137	0.00210
1.00000	0.00270	0.00351	0.00041	0.04183	0.03067	0.00494	0.00094	0.25634	0.01792	0.64073
1.00000	0.07840	0.00068	0.17264	0.00548	0.09370	0.01454	0.58657	0.00292	0.03427	0.01079
1.00000	0.00129	0.01111	0.00165	0.01211	0.00078	0.00081	0.00016	0.93591	0.00027	0.03592
1.00000	0.00961	0.00100	0.00363	0.00554	0.68816	0.07965	0.01994	0.04591	0.00575	0.14080
1.00000	0.00266	0.00101	0.00061	0.00595	0.02041	0.00187	0.00111	0.87978	0.00034	0.08628
1.00000	0.00926	0.48134	0.14443	0.07558	0.03272	0.01786	0.02316	0.07982	0.10681	0.02903
1.00000	0.00089	0.00101	0.00121	0.03212	0.04010	0.06380	0.00089	0.10316	0.08261	0.67421
1.00000	0.04262	0.00441	0.52808	0.18281	0.00231	0.00171	0.07654	0.14782	0.00842	0.00527
1.00000	0.15279	0.01530	0.56343	0.11168	0.02141	0.02165	0.01041	0.02607	0.05126	0.02601
1.00000	0.00381	0.00211	0.83632	0.11140	0.00197	0.00144	0.02735	0.00218	0.01166	0.00177
1.00000	0.00806	0.80017	0.01847	0.01615	0.01528	0.01997	0.02367	0.02531	0.05918	0.01375
1.00000	0.00148	0.00166	0.04370	0.05600	0.00263	0.00703	0.00418	0.00733	0.85611	0.01987
1.00000	0.01246	0.00025	0.00800	0.83254	0.01026	0.01618	0.00067	0.03323	0.07994	0.00646
1.00000	0.00405	0.00017	0.04052	0.92288	0.00103	0.01380	0.00039	0.00102	0.01546	0.00068
1.00000	0.00153	0.00112	0.01242	0.86422	0.00069	0.00919	0.00022	0.02373	0.08106	0.00581
1.00000	0.00713	0.00030	0.00156	0.00348	0.00396	0.00311	0.00076	0.94629	0.00011	0.03331
1.00000	0.68915	0.00061	0.04093	0.16263	0.00206	0.02335	0.01885	0.05958	0.00046	0.00238
1.00000	0.24171	0.00194	0.02437	0.00672	0.07331	0.08798	0.06043	0.04350	0.11179	0.34825
1.00000	0.49063	0.00955	0.04376	0.00313	0.08164	0.01744	0.11095	0.12594	0.02594	0.09102
1.00000	0.04983	0.00138	0.01229	0.43106	0.00348	0.08298	0.02564	0.01867	0.28990	0.08477
1.00000	0.03068	0.80782	0.00846	0.02599	0.00784	0.00457	0.01291	0.04668	0.03924	0.01582
1.00000	0.01206	0.01061	0.00429	0.65896	0.00032	0.22506	0.00946	0.02952	0.04164	0.00809
1.00000	0.00433	0.00687	0.00256	0.00651	0.01906	0.04981	0.00280	0.89215	0.00554	0.01036
1.00000	0.02171	0.00182	0.00062	0.06729	0.00171	0.83794	0.04166	0.00110	0.02227	0.00389
1.00000	0.16196	0.27548	0.02904	0.04668	0.00729	0.31968	0.07722	0.03658	0.03927	0.00680
1.00000	0.05685	0.00204	0.00862	0.07027	0.00922	0.03861	0.01589	0.09769	0.61510	0.08573
1.00000	0.00111	0.00469	0.00434	0.00983	0.02487	0.00422	0.00077	0.89916	0.00094	0.05007
1.00000	0.02357	0.00079	0.00545	0.07388	0.00165	0.01562	0.00068	0.03418	0.82223	0.02195
1.00000	0.00717	0.08037	0.01466	0.01542	0.55266	0.01848	0.01915	0.06796	0.05066	0.17348
1.00000	0.06669	0.01089	0.02883	0.08497	0.00284	0.72987	0.00887	0.00427	0.05805	0.00473
1.00000	0.04663	0.00250	0.03353	0.00629	0.78178	0.01249	0.05221	0.01197	0.00670	0.04590
1.00000	0.02051	0.00523	0.83538	0.02770	0.01788	0.01001	0.05045	0.00665	0.01297	0.01323
1.00000	0.01021	0.01316	0.00286	0.03396	0.04381	0.00651	0.00287	0.11849	0.13890	0.62924
1.00000	0.02151	0.69742	0.01217	0.00991	0.02015	0.00591	0.00840	0.17774	0.00867	0.03812
1.00000	0.00036	0.01368	0.00629	0.00133	0.59632	0.09759	0.01147	0.03140	0.00337	0.23819
1.00000	0.01096	0.00273	0.06276	0.16926	0.00110	0.01361	0.00664	0.02197	0.67252	0.03844
1.00000	0.00048	0.00056	0.00021	0.04668	0.03555	0.00567	0.00046	0.06226	0.00845	0.83970
1.00000	0.05841	0.01161	0.02694	0.15180	0.01135	0.38902	0.00300	0.15991	0.14282	0.04513
0.00000	0.03236	0.07516	0.01675	0.14188	0.11890	0.24416	0.02018	0.27139	0.00818	0.07105
1.00000	0.00448	0.00843	0.00184	0.00480	0.00270	0.00672	0.00178	0.00611	0.94223	0.02091
1.00000	0.04303	0.00649	0.07537	0.27052	0.00079	0.08017	0.02819	0.00224	0.48413	0.00907
1.00000	0.89278	0.00518	0.04866	0.01442	0.00126	0.01478	0.00298	0.00685	0.00690	0.00620
1.00000	0.00337	0.00521	0.01630	0.12824	0.05540	0.39641	0.24619	0.00764	0.13010	0.01114
1.00000	0.07623	0.01214	0.55437	0.15806	0.02106	0.05257	0.03284	0.05118	0.03955	0.00200
1.00000	0.06763	0.00179	0.00367	0.01415	0.00512	0.24136	0.63966	0.00174	0.01622	0.00866
1.00000	0.01612	0.01338	0.12340	0.06507	0.00255	0.00257	0.00314	0.73287	0.03000	0.01089
1.00000	0.00286	0.00483	0.01062	0.56577	0.04133	0.06932	0.00305	0.18422	0.03640	0.08160
1.00000	0.00043	0.00036	0.00073	0.01668	0.07055	0.00832	0.00465	0.02728	0.05205	0.81895
1.00000	0.00119	0.00011	0.93492	0.01017	0.00270	0.00474	0.00955	0.00077	0.03552	0.00032
1.00000	0.00854	0.00165	0.03825	0.08476	0.00045	0.01240	0.00108	0.02890	0.81232	0.01165
1.00000	0.02298	0.01153	0.00545	0.04540	0.06630	0.62132	0.08140	0.01224	0.01477	0.11862
0.00000	0.04021	0.00781	0.15347	0.12011	0.15015	0.05193	0.05047	0.16013	0.11699	0.14874
1.00000	0.00241	0.00988	0.00132	0.00601	0.03033	0.07893	0.00217	0.07466	0.05002	0.74428
1.00000	0.00226	0.00081	0.93006	0.01195	0.00779	0.00107	0.01144	0.02333	0.01048	0.00082
1.00000	0.01832	0.00111	0.09108	0.02360	0.03414	0.00843	0.76064	0.01776	0.02798	0.01692
1.00000	0.00046	0.00116	0.00127	0.01020	0.09427	0.03445	0.00090	0.08781	0.00385	0.76561
1.00000	0.00057	0.00491	0.77711	0.01734	0.03507	0.00393	0.05288	0.08156	0.00169	0.02496
1.00000	0.95254	0.00019	0.02332	0.00863	0.00006	0.00707	0.00174	0.00237	0.00171	0.00237
1.00000	0.06833	0.09304	0.03066	0.01304	0.01714	0.15246	0.55169	0.01396	0.04001	0.01967
0.00000	0.01051	0.00098	0.04877	0.19599	0.00484	0.01496	0.01995	0.03194	0.61882	0.05326
1.00000	0.84063	0.00383	0.00540	0.00853	0.01619	0.08855	0.01968	0.00092	0.01433	0.00193
1.00000	0.22792	0.00498	0.04559	0.00715	0.00654	0.23731	0.46336	0.00180	0.00287	0.00245
1.00000	0.39918	0.00328	0.00737	0.08113	0.00708	0.18119	0.01283	0.27500	0.00397	0.02898
1.00000	0.01288	0.01137	0.02719	0.64456	0.00064	0.19693	0.06578	0.00895	0.02536	0.00634
1.00000	0.00214	0.00513	0.81789	0.05341	0.00750	0.00276	0.02805	0.06795	0.01205	0.00311
1.00000	0.00544	0.00034	0.04570	0.00099	0.01970	0.00202	0.91113	0.00107	0.01272	0.00089
1.00000	0.00648	0.01854	0.04540	0.05412	0.02753	0.16205	0.01105	0.28843	0.02519	0.36121
1.00000	0.00033	0.00074	0.00197	0.00180	0.00018	0.00056	0.00002	0.98238	0.00065	0.01136
1.00000	0.00267	0.00149	0.00229	0.00662	0.09847	0.00402	0.00185	0.07419	0.00405	0.80434
1.00000	0.68973	0.00123	0.02775	0.09744	0.00178	0.06598	0.00407	0.07203	0.01069	0.02930
1.00000	0.02305	0.00115	0.00251	0.02487	0.05347	0.00455	0.00070	0.16123	0.00910	0.71936
0.00000	0.26459	0.00991	0.01712	0.43776	0.00154	0.06566	0.02339	0.00369	0.16165	0.01469
1.00000	0.01050	0.00275	0.02942	0.02152	0.02223	0.01560	0.02148	0.04184	0.66812	0.16654
1.00000	0.00316	0.00481	0.08421	0.00071	0.08548	0.00416	0.76849	0.03402	0.00579	0.00917
1.00000	0.00124	0.00076	0.00146	0.00602	0.04136	0.01031	0.00048	0.88531	0.00891	0.04417
1.00000	0.19815	0.00286	0.00200	0.10236	0.00836	0.60128	0.00735	0.00666	0.06690	0.00407
1.00000	0.86333	0.00089	0.03070	0.01739	0.00299	0.03230	0.02013	0.00377	0.01739	0.01110
1.00000	0.00464	0.77094	0.02551	0.02645	0.01192	0.00467	0.05143	0.06570	0.00701	0.03174
0.00000	0.34778	0.00547	0.05517	0.27188	0.00250	0.19553	0.03034	0.03484	0.04987	0.00662
1.00000	0.03360	0.00345	0.77024	0.01051	0.08361	0.00389	0.02069	0.03971	0.01312	0.02118
1.00000	0.06790	0.00098	0.00452	0.03355	0.00109	0.80345	0.02154	0.00176	0.06244	0.00278
1.00000	0.01543	0.00455	0.01090	0.00753	0.64908	0.00503	0.01661	0.08827	0.02907	0.17354
1.00000	0.00125	0.01786	0.01291	0.00520	0.08090	0.00268	0.00311	0.84250	0.00779	0.02579
1.00000	0.01216	0.00268	0.42210	0.19759	0.00367	0.01371	0.04592	0.13842	0.15736	0.00639
1.00000	0.00836	0.00045	0.05786	0.11265	0.00752	0.02003	0.03327	0.00965	0.67584	0.07437
1.00000	0.00480	0.00011	0.00685	0.00021	0.00125	0.03020	0.95095	0.00016	0.00352	0.00196
1.00000	0.04604	0.00179	0.06717	0.00881	0.09365	0.00757	0.58149	0.01246	0.11000	0.07101
1.00000	0.01353	0.84376	0.00839	0.00758	0.01755	0.01287	0.01179	0.05475	0.00372	0.02606
0.00000	0.60659	0.00252	0.20871	0.04884	0.00206	0.03406	0.02229	0.03333	0.03066	0.01093
1.00000	0.00063	0.00034	0.00026	0.00219	0.00042	0.00029	0.00005	0.99355	0.00011	0.00217
1.00000	0.03079	0.00819	0.64027	0.02121	0.08683	0.00597	0.03338	0.09718	0.02111	0.05509
0.00000	0.17572	0.00194	0.20920	0.22529	0.00787	0.04221	0.01834	0.00348	0.29072	0.02524
1.00000	0.21573	0.00631	0.01975	0.05217	0.03432	0.47732	0.02349	0.06909	0.08234	0.01948
1.00000	0.00049	0.00011	0.00017	0.00087	0.00065	0.00103	0.00003	0.99216	0.00052	0.00397
1.00000	0.13513	0.00277	0.01057	0.08269	0.00505	0.10634	0.61783	0.00936	0.02170	0.00856
1.00000	0.79574	0.00313	0.09219	0.06573	0.00121	0.01164	0.01496	0.00812	0.00330	0.00397
1.00000	0.00450	0.00456	0.00637	0.76961	0.00256	0.15515	0.00480	0.00371	0.03598	0.01277
1.00000	0.00031	0.00102	0.00080	0.00792	0.71248	0.00727	0.00848	0.06595	0.00496	0.19080
1.00000	0.00261	0.00198	0.93638	0.03244	0.00218	0.00062	0.02005	0.00157	0.00152	0.00064
1.00000	0.06721	0.00805	0.01252	0.01348	0.39650	0.08685	0.07065	0.03102	0.11055	0.20317
1.00000	0.04097	0.00323	0.00993	0.15900	0.00177	0.64109	0.01387	0.03154	0.09427	0.00433
1.00000	0.02287	0.58939	0.03006	0.03654	0.01432	0.01562	0.17005	0.03594	0.06212	0.02311
1.00000	0.00165	0.02282	0.00958	0.01280	0.13403	0.04471	0.00596	0.65375	0.04170	0.07299
1.00000	0.01796	0.00313	0.16712	0.11385	0.01922	0.05474	0.11485	0.03654	0.46041	0.01218
1.00000	0.85918	0.01392	0.02583	0.01404	0.01272	0.03314	0.02649	0.00732	0.00354	0.00382
1.00000	0.00790	0.81440	0.00759	0.01486	0.01467	0.01003	0.02450	0.03412	0.05647	0.01545
1.00000	0.01232	0.01908	0.06461	0.00578	0.75522	0.00400	0.02730	0.03946	0.00532	0.06691
1.00000	0.00108	0.00052	0.00222	0.01425	0.82143	0.00237	0.00430	0.11381	0.00232	0.03771
1.00000	0.07177	0.02686	0.00617	0.03493	0.05258	0.62403	0.00608	0.02108	0.07236	0.08415
1.00000	0.00275	0.02824	0.00487	0.06615	0.02366	0.41192	0.00120	0.30953	0.12363	0.02805
1.00000	0.00051	0.00129	0.00454	0.00316	0.12936	0.00834	0.00222	0.02665	0.02993	0.79401
1.00000	0.73684	0.00707	0.06239	0.04350	0.01673	0.04439	0.01046	0.03041	0.02041	0.02780
1.00000	0.00295	0.00064	0.95487	0.00033	0.00134	0.00120	0.03121	0.00029	0.00625	0.00092
1.00000	0.02958	0.60794	0.02795	0.05466	0.01183	0.01248	0.01669	0.08238	0.11469	0.04180
1.00000	0.04409	0.00131	0.03593	0.00393	0.72111	0.00557	0.10289	0.04936	0.00645	0.02938
1.00000	0.91333	0.00305	0.00832	0.00635	0.00751	0.01313	0.00882	0.02142	0.00284	0.01523
1.00000	0.00060	0.00023	0.00078	0.00093	0.00095	0.00092	0.00003	0.98979	0.00067	0.00511
1.00000	0.02386	0.03650	0.14409	0.05354	0.04875	0.02812	0.09785	0.09404	0.31703	0.15622
0.00000	0.07030	0.00213	0.00501	0.30966	0.05318	0.24459	0.02171	0.06043	0.08669	0.14629
0.00000	0.06191	0.10798	0.01635	0.01936	0.01397	0.10784	0.00161	0.39855	0.09678	0.17565
1.00000	0.00104	0.01022	0.04187	0.00666	0.15449	0.03177	0.01865	0.01212	0.06235	0.66082
1.00000	0.10829	0.00230	0.00707	0.24205	0.01062	0.37021	0.01564	0.01136	0.19776	0.03469
0.00000	0.02386	0.02179	0.01452	0.30596	0.01552	0.17738	0.12440	0.02553	0.16620	0.12484
1.00000	0.00068	0.00080	0.00398	0.00122	0.85319	0.01085	0.02007	0.05769	0.00254	0.04896
1.00000	0.00045	0.00051	0.02504	0.02174	0.06313	0.00356	0.00122	0.83083	0.00320	0.05033
1.00000	0.01364	0.66995	0.00986	0.02202	0.04730	0.00294	0.00577	0.18974	0.00735	0.03143
1.00000	0.01138	0.00210	0.00105	0.00365	0.01628	0.01038	0.00086	0.87753	0.00471	0.07205
1.00000	0.00500	0.00513	0.00654	0.01215	0.00052	0.00419	0.00039	0.93790	0.00365	0.02453
1.00000	0.04578	0.07591	0.54604	0.11551	0.00361	0.01031	0.07888	0.04943	0.06618	0.00834
1.00000	0.00060	0.00012	0.99426	0.00159	0.00041	0.00008	0.00120	0.00114	0.00044	0.00015
1.00000	0.00512	0.83628	0.00906	0.00994	0.01276	0.00571	0.00761	0.08149	0.01046	0.02158
1.00000	0.01708	0.77783	0.01955	0.01610	0.01732	0.00476	0.00647	0.09265	0.00955	0.03870
1.00000	0.00400	0.00567	0.00050	0.00940	0.08700	0.05616	0.00194	0.02376	0.01107	0.80051
1.00000	0.01053	0.83675	0.01189	0.01107	0.01708	0.01320	0.01217	0.07117	0.00499	0.01115
1.00000	0.69942	0.00943	0.02075	0.00257	0.03520	0.02600	0.08141	0.05710	0.00236	0.06577
1.00000	0.00107	0.00147	0.01571	0.01217	0.00099	0.00899	0.00219	0.00165	0.91242	0.04335
1.00000	0.85213	0.00043	0.03234	0.01642	0.00144	0.04341	0.02499	0.00317	0.00987	0.01580
1.00000	0.00078	0.00108	0.00469	0.00113	0.94844	0.00473	0.01095	0.00807	0.00036	0.01978
1.00000	0.00415	0.06794	0.00689	0.02708	0.50553	0.03525	0.01558	0.01690	0.01944	0.30124
1.00000	0.19332	0.00377	0.66582	0.01072	0.02326	0.00958	0.07069	0.00317	0.01815	0.00151
1.00000	0.05615	0.00149	0.03856	0.78155	0.00093	0.02915	0.00322	0.01835	0.06595	0.00465
1.00000	0.00047	0.00009	0.00134	0.00307	0.00022	0.00018	0.00006	0.99115	0.00004	0.00338
1.00000	0.84180	0.00206	0.03501	0.04535	0.00091	0.02168	0.03262	0.01068	0.00096	0.00893
1.00000	0.00306	0.00025	0.00269	0.00007	0.00105	0.01733	0.97438	0.00021	0.00060	0.00036
1.00000	0.00195	0.00082	0.00155	0.00713	0.70247	0.02989	0.01667	0.07858	0.01640	0.14452
1.00000	0.00066	0.00361	0.00599	0.01294	0.00116	0.00058	0.00008	0.95556	0.00242	0.01701
1.00000	0.04663	0.00843	0.15916	0.19154	0.00920	0.01977	0.00271	0.04154	0.41606	0.10498
1.00000	0.03167	0.77195	0.00719	0.01360	0.01369	0.00616	0.01112	0.08388	0.01230	0.04845
1.00000	0.00995	0.05872	0.05965	0.40859	0.01866	0.11008	0.01821	0.09027	0.12134	0.10454
1.00000	0.00149	0.00161	0.01866	0.62163	0.00057	0.02303	0.00029	0.07418	0.21020	0.04834
1.00000	0.00834	0.01003	0.80558	0.06990	0.00247	0.01939	0.04319	0.00383	0.03583	0.00144
1.00000	0.01063	0.00320	0.87821	0.00698	0.00070	0.00404	0.09231	0.00088	0.00224	0.00082
1.00000	0.04560	0.00179	0.45101	0.13783	0.00098	0.01838	0.01636	0.01832	0.30549	0.00424
1.00000	0.86507	0.00141	0.03058	0.01014	0.00056	0.03763	0.03895	0.00131	0.01274	0.00159
1.00000	0.00482	0.00084	0.88431	0.00566	0.02939	0.00141	0.06448	0.00306	0.00221	0.00383
1.00000	0.05279	0.00129	0.02643	0.85503	0.00053	0.05565	0.00161	0.00294	0.00244	0.00129
1.00000	0.03763	0.00880	0.05535	0.09117	0.01782	0.12098	0.05677	0.02343	0.55891	0.02914
1.00000	0.07023	0.00097	0.06737	0.00114	0.01173	0.00778	0.83703	0.00102	0.00240	0.00034
1.00000	0.00034	0.00983	0.00405	0.00595	0.04292	0.07983	0.00086	0.06715	0.04098	0.74809
0.00000	0.00746	0.03106	0.01644	0.17783	0.02373	0.08399	0.00380	0.43971	0.05237	0.16362
1.00000	0.00068	0.01300	0.07233	0.03038	0.06967	0.03591	0.69637	0.04679	0.02106	0.01380
1.00000	0.01741	0.00238	0.01242	0.07742	0.00710	0.07668	0.00342	0.02771	0.70486	0.07061
1.00000	0.00654	0.00176	0.00900	0.07956	0.00070	0.82332	0.01147	0.00194	0.06546	0.00024
0.00000	0.02375	0.04080	0.15588	0.01598	0.16580	0.02436	0.27023	0.01362	0.25336	0.03622
1.00000	0.01756	0.00118	0.02154	0.00095	0.10877	0.04469	0.02028	0.03334	0.02005	0.73163
1.00000	0.00366	0.04351	0.00174	0.00094	0.00554	0.01993	0.00036	0.84136	0.00317	0.07978
1.00000	0.02154	0.14000	0.66711	0.03907	0.00098	0.00911	0.05776	0.03099	0.02709	0.00635
1.00000	0.00013	0.00195	0.00054	0.00076	0.00053	0.00030	0.00003	0.99250	0.00036	0.00290
1.00000	0.03820	0.00216	0.02444	0.06275	0.01385	0.00880	0.00957	0.03767	0.74472	0.05784
1.00000	0.00199	0.00038	0.00391	0.38889	0.00298	0.04427	0.00068	0.09321	0.33561	0.12807
1.00000	0.07055	0.00369	0.02714	0.17259	0.00161	0.57240	0.04482	0.00809	0.09171	0.00740
1.00000	0.47740	0.01313	0.05452	0.01901	0.02828	0.04282	0.13620	0.05730	0.10966	0.06170
1.00000	0.01231	0.04127	0.22950	0.17910	0.00856	0.00218	0.00390	0.33298	0.14069	0.04951
1.00000	0.00057	0.00456	0.00089	0.00212	0.71699	0.02722	0.00573	0.01455	0.00580	0.22155
1.00000	0.00651	0.00317	0.02348	0.01622	0.04785	0.01991	0.00537	0.07063	0.02081	0.78605
1.00000	0.02901	0.00775	0.06723	0.60220	0.02467	0.17889	0.00422	0.02506	0.05458	0.00639
1.00000	0.04633	0.00412	0.00928	0.25111	0.00186	0.56906	0.00321	0.01471	0.09415	0.00618
1.00000	0.01580	0.00537	0.00508	0.00547	0.81643	0.04524	0.00399	0.06300	0.00344	0.03618
1.00000	0.08723	0.00574	0.17210	0.35607	0.00483	0.08755	0.09833	0.00747	0.16933	0.01134
1.00000	0.88247	0.00055	0.02403	0.02559	0.00110	0.03970	0.00916	0.00573	0.00549	0.00618
1.00000	0.00784	0.00217	0.78719	0.13214	0.00207	0.00954	0.03579	0.00632	0.01533	0.00161
0.00000	0.04337	0.00445	0.31444	0.01262	0.13626	0.01926	0.08553	0.06031	0.02349	0.30028
1.00000	0.16179	0.00993	0.01446	0.67708	0.00431	0.05331	0.03098	0.00777	0.03720	0.00316
1.00000	0.00467	0.90978	0.00877	0.00574	0.00991	0.00270	0.00701	0.03095	0.00919	0.01129
1.00000	0.02914	0.00161	0.04222	0.00700	0.00388	0.26881	0.62275	0.00296	0.01558	0.00606
1.00000	0.00049	0.00074	0.00017	0.02808	0.03351	0.01059	0.00065	0.05279	0.01143	0.86155
1.00000	0.01443	0.67062	0.01185	0.02604	0.03591	0.01158	0.01493	0.12866	0.01827	0.06770
1.00000	0.00178	0.00095	0.00018	0.06499	0.02138	0.02553	0.00034	0.18097	0.01271	0.69116
1.00000	0.03320	0.00377	0.00996	0.87852	0.00070	0.04708	0.00295	0.00544	0.01537	0.00302
0.00000	0.63968	0.00575	0.14308	0.06506	0.00084	0.03793	0.02272	0.06768	0.01353	0.00374
1.00000	0.01064	0.00254	0.02089	0.00388	0.63681	0.04196	0.11208	0.02018	0.01376	0.13726
1.00000	0.00057	0.00090	0.00033	0.00276	0.59716	0.06913	0.00122	0.08395	0.00267	0.24132
1.00000	0.05408	0.01309	0.02779	0.73679	0.00551	0.02173	0.00767	0.09819	0.02986	0.00529
1.00000	0.81649	0.00135	0.02647	0.01362	0.00143	0.05733	0.00224	0.04679	0.00133	0.03295
1.00000	0.01504	0.04364	0.03338	0.00415	0.68319	0.01434	0.06838	0.03265	0.01733	0.08788
1.00000	0.04387	0.00102	0.00572	0.00105	0.73687	0.03797	0.06199	0.03352	0.00474	0.07326
1.00000	0.00915	0.63545	0.02692	0.00819	0.01046	0.04048	0.01082	0.21684	0.02026	0.02143
1.00000	0.05756	0.00370	0.02677	0.38559	0.00593	0.11647	0.02419	0.04235	0.23662	0.10082
1.00000	0.59859	0.00624	0.10867	0.07161	0.00821	0.06006	0.03125	0.02448	0.04001	0.05087
1.00000	0.00026	0.00317	0.00117	0.00479	0.06414	0.07434	0.00214	0.02996	0.01174	0.80829
1.00000	0.00165	0.00061	0.00039	0.01322	0.09280	0.00728	0.00198	0.00561	0.04128	0.83517
1.00000	0.03871	0.04470	0.06066	0.01008	0.00632	0.15241	0.60178	0.00606	0.06596	0.01332
1.00000	0.01496	0.00253	0.09999	0.06259	0.00165	0.02378	0.04931	0.00098	0.73425	0.00998
1.00000	0.02073	0.03283	0.48132	0.16794	0.01795	0.01336	0.02490	0.15670	0.06876	0.01550
0.00000	0.01491	0.00855	0.00521	0.17386	0.03643	0.35191	0.04409	0.11820	0.07476	0.17208
1.00000	0.00393	0.06585	0.00634	0.01272	0.13622	0.07193	0.00153	0.63531	0.00570	0.06047
1.00000	0.02628	0.00321	0.00770	0.23058	0.00123	0.63650	0.05618	0.00357	0.03321	0.00155
1.00000	0.00552	0.00213	0.11297	0.07970	0.07955	0.00999	0.03499	0.51989	0.09551	0.05973
1.00000	0.03257	0.02044	0.01457	0.01653	0.00705	0.02212	0.00722	0.03066	0.74509	0.10374
1.00000	0.02412	0.01036	0.00478	0.02138	0.05837	0.00706	0.02836	0.10804	0.18813	0.54939
1.00000	0.01607	0.00186	0.79753	0.00936	0.03798	0.04878	0.03266	0.00212	0.02506	0.02858
1.00000	0.09192	0.01058	0.00899	0.00184	0.02361	0.74787	0.04074	0.02450	0.03398	0.01596
1.00000	0.00226	0.00124	0.88950	0.03165	0.02968	0.00231	0.00366	0.00616	0.00143	0.03210
1.00000	0.07123	0.00450	0.02075	0.63681	0.00144	0.15578	0.00286	0.06222	0.02706	0.01734
1.00000	0.06885	0.00394	0.05186	0.02328	0.00597	0.10987	0.04346	0.01418	0.57585	0.10273
1.00000	0.07323	0.00193	0.38702	0.13371	0.00660	0.01747	0.00459	0.00304	0.34548	0.02694
1.00000	0.01302	0.00257	0.02170	0.81745	0.00032	0.01097	0.00378	0.03271	0.09327	0.00420
1.00000	0.00206	0.00088	0.00690	0.03386	0.05101	0.04092	0.00171	0.06502	0.09268	0.70494
1.00000	0.00047	0.00122	0.02203	0.00017	0.00222	0.01172	0.95939	0.00027	0.00170	0.00079
1.00000	0.00036	0.00453	0.00213	0.00467	0.00244	0.00587	0.00008	0.96847	0.00148	0.00996
1.00000	0.97669	0.00067	0.00459	0.00185	0.00103	0.01008	0.00394	0.00044	0.00034	0.00036
1.00000	0.86391	0.00567	0.01273	0.04705	0.00087	0.05132	0.00467	0.00954	0.00070	0.00354
1.00000	0.02208	0.00376	0.02322	0.00706	0.07366	0.72238	0.04758	0.03213	0.03273	0.03541
1.00000	0.00510	0.00129	0.81107	0.01189	0.00058	0.00555	0.15582	0.00403	0.00450	0.00018
1.00000	0.04222	0.00130	0.10356	0.78213	0.00342	0.02289	0.00147	0.00324	0.03856	0.00120
1.00000	0.00864	0.00299	0.65689	0.03927	0.02386	0.00392	0.02380	0.06813	0.12961	0.04290
1.00000	0.00204	0.00143	0.02205	0.00110	0.01631	0.76613	0.00778	0.00972	0.15932	0.01412
1.00000	0.01153	0.64219	0.04682	0.00933	0.01525	0.08068	0.04081	0.05424	0.08463	0.01453
1.00000	0.75354	0.00451	0.07620	0.00522	0.01280	0.00772	0.10679	0.00735	0.01076	0.01512
1.00000	0.01402	0.00253	0.16071	0.17647	0.00049	0.00171	0.00313	0.57351	0.06566	0.00177
1.00000	0.02085	0.00240	0.02082	0.03458	0.00456	0.05620	0.02275	0.00257	0.82949	0.00579
0.00000	0.00064	0.01060	0.00389	0.00347	0.17432	0.02356	0.00666	0.04143	0.02359	0.71184
1.00000	0.05497	0.00287	0.03515	0.00552	0.50518	0.06762	0.07900	0.04123	0.02904	0.17941
1.00000	0.00787	0.01037	0.42371	0.10073	0.00215	0.00880	0.01384	0.01283	0.41093	0.00876
1.00000	0.00430	0.03080	0.84279	0.02326	0.00502	0.00107	0.07179	0.00059	0.01671	0.00367
1.00000	0.00145	0.01284	0.06854	0.19297	0.01757	0.15398	0.01245	0.08526	0.40402	0.05091
