1.00000	0.00461	0.94998	0.00440	0.00126	0.01602	0.00393	0.01410	0.00255	0.00165	0.00149
1.00000	0.00017	0.00039	0.00040	0.01556	0.00615	0.00080	0.00046	0.97012	0.00025	0.00569
1.00000	0.93412	0.00064	0.00799	0.00069	0.00017	0.00573	0.01125	0.00167	0.01457	0.02319
1.00000	0.06457	0.01245	0.00309	0.02082	0.00806	0.77885	0.02052	0.00222	0.06349	0.02593
1.00000	0.00091	0.00072	0.01101	0.00337	0.90716	0.02400	0.00348	0.02677	0.00179	0.02079
1.00000	0.01274	0.05243	0.03047	0.00444	0.16251	0.04505	0.00389	0.42101	0.02502	0.24244
1.00000	0.01479	0.00094	0.00033	0.05274	0.00180	0.89051	0.00650	0.00212	0.01946	0.01081
1.00000	0.25996	0.00654	0.38322	0.07372	0.11777	0.04571	0.09310	0.00591	0.00345	0.01061
0.00000	0.00180	0.01033	0.02042	0.00903	0.10632	0.02022	0.00110	0.13695	0.02667	0.66715
0.00000	0.03621	0.00891	0.04158	0.01717	0.37906	0.05425	0.01920	0.06876	0.12472	0.25015
1.00000	0.00684	0.84924	0.02661	0.01749	0.00464	0.00626	0.00342	0.03139	0.03844	0.01566
1.00000	0.00244	0.00068	0.93118	0.00234	0.00382	0.00020	0.05718	0.00164	0.00026	0.00026
1.00000	0.00115	0.04110	0.02202	0.00616	0.65598	0.00621	0.01331	0.00562	0.03375	0.21470
1.00000	0.00349	0.91385	0.00717	0.00319	0.01448	0.01043	0.00559	0.01805	0.01079	0.01297
1.00000	0.01789	0.72170	0.06942	0.03449	0.01672	0.02575	0.00718	0.05002	0.04053	0.01629
1.00000	0.01051	0.03434	0.05060	0.35667	0.05753	0.12750	0.04303	0.12157	0.03753	0.16073
1.00000	0.00121	0.93472	0.00342	0.00337	0.00430	0.00526	0.00762	0.01208	0.01956	0.00845
1.00000	0.00991	0.00370	0.00157	0.00891	0.00120	0.06172	0.85674	0.00030	0.04971	0.00626
1.00000	0.00005	0.00107	0.00383	0.00975	0.94477	0.00127	0.00181	0.00083	0.00613	0.03050
1.00000	0.00117	0.00107	0.00445	0.01103	0.18036	0.00823	0.00531	0.01564	0.05174	0.72099
1.00000	0.01600	0.00189	0.00326	0.87542	0.00238	0.04590	0.00272	0.00544	0.00679	0.04019
1.00000	0.00252	0.00050	0.00118	0.02005	0.71914	0.00222	0.00252	0.02230	0.02735	0.20222
1.00000	0.00020	0.00108	0.00061	0.00207	0.04107	0.00057	0.00036	0.01699	0.01604	0.92100
1.00000	0.04320	0.02441	0.09595	0.18227	0.02456	0.02970	0.00818	0.01114	0.53520	0.04538
1.00000	0.00205	0.00070	0.00213	0.00082	0.03382	0.02250	0.00912	0.00624	0.12296	0.79967
1.00000	0.61018	0.00315	0.17871	0.01633	0.00658	0.03933	0.11950	0.00399	0.01544	0.00680
1.00000	0.00214	0.00042	0.00020	0.00977	0.00616	0.00291	0.00084	0.77200	0.00591	0.19964
1.00000	0.08103	0.00033	0.01428	0.00440	0.00721	0.00510	0.83698	0.00096	0.04464	0.00507
1.00000	0.04125	0.01630	0.04814	0.00397	0.14097	0.21856	0.04674	0.00500	0.45921	0.01986
1.00000	0.00653	0.00002	0.00150	0.00025	0.00642	0.00028	0.98212	0.00005	0.00242	0.00041
1.00000	0.10093	0.45776	0.05807	0.02951	0.04199	0.02025	0.01308	0.05977	0.14711	0.07154
1.00000	0.02569	0.00064	0.00656	0.89406	0.00044	0.04796	0.00593	0.00033	0.01755	0.00085
1.00000	0.02361	0.81940	0.02042	0.02048	0.00275	0.00652	0.01642	0.00613	0.06287	0.02142
1.00000	0.03419	0.01771	0.02994	0.04739	0.45635	0.05359	0.09117	0.05759	0.07974	0.13234
1.00000	0.00997	0.00019	0.00945	0.00077	0.00933	0.00095	0.96549	0.00088	0.00101	0.00196
1.00000	0.01845	0.10321	0.72790	0.04092	0.02994	0.01772	0.03300	0.00877	0.01690	0.00319
1.00000	0.00554	0.00852	0.00873	0.01478	0.14781	0.22637	0.03694	0.02219	0.40790	0.12122
1.00000	0.90522	0.00274	0.01176	0.00110	0.00332	0.01460	0.03554	0.00674	0.00045	0.01853
1.00000	0.00498	0.14697	0.00938	0.02679	0.40374	0.06320	0.00680	0.01650	0.03471	0.28694
1.00000	0.02509	0.00746	0.46897	0.09932	0.00979	0.02242	0.01636	0.03280	0.22627	0.09154
1.00000	0.17901	0.00073	0.00300	0.58566	0.00414	0.05701	0.01295	0.00246	0.15055	0.00449
1.00000	0.01498	0.00199	0.95340	0.00743	0.00269	0.00074	0.00315	0.00043	0.01410	0.00109
1.00000	0.99519	0.00006	0.00016	0.00011	0.00023	0.00142	0.00232	0.00009	0.00015	0.00028
1.00000	0.00341	0.01257	0.06061	0.02886	0.20323	0.03149	0.06998	0.01030	0.06497	0.51457
1.00000	0.03436	0.04839	0.56189	0.17190	0.00113	0.03715	0.05353	0.00646	0.07946	0.00572
1.00000	0.00315	0.94817	0.00388	0.00438	0.01897	0.00130	0.01306	0.00223	0.00237	0.00249
1.00000	0.00838	0.01325	0.09985	0.78769	0.00174	0.00811	0.00260	0.03786	0.03124	0.00927
1.00000	0.00814	0.01400	0.00300	0.87992	0.00861	0.00473	0.00373	0.04590	0.02269	0.00928
0.00000	0.00256	0.00256	0.00170	0.57812	0.00501	0.01944	0.00024	0.00362	0.36075	0.02600
1.00000	0.05445	0.02608	0.01322	0.17155	0.01536	0.51306	0.07000	0.04700	0.06893	0.02036
1.00000	0.01566	0.01762	0.05114	0.00250	0.42455	0.03363	0.10171	0.05578	0.23845	0.05897
1.00000	0.02519	0.00038	0.00036	0.00777	0.00439	0.03658	0.92301	0.00015	0.00130	0.00087
1.00000	0.00935	0.03157	0.08152	0.02176	0.02466	0.00471	0.00095	0.70459	0.02020	0.10068
1.00000	0.03286	0.00311	0.01252	0.03058	0.06891	0.04104	0.00698	0.70250	0.00344	0.09805
1.00000	0.08081	0.00206	0.00238	0.10249	0.00087	0.71005	0.02486	0.00253	0.07228	0.00167
1.00000	0.00596	0.04583	0.04491	0.01031	0.18675	0.00858	0.02167	0.01375	0.03825	0.62400
1.00000	0.00101	0.01116	0.02150	0.00230	0.82263	0.00248	0.03830	0.00583	0.02599	0.06879
1.00000	0.01741	0.00148	0.00687	0.00578	0.78764	0.00232	0.00992	0.06744	0.01015	0.09099
1.00000	0.75757	0.00857	0.01466	0.03910	0.00837	0.02714	0.05064	0.00373	0.01795	0.07230
1.00000	0.01358	0.00709	0.00540	0.06613	0.01113	0.05955	0.01363	0.02213	0.46520	0.33617
1.00000	0.01160	0.00298	0.00276	0.05646	0.10889	0.62563	0.09073	0.00500	0.03109	0.06487
1.00000	0.58644	0.01429	0.02354	0.03357	0.00766	0.09155	0.02136	0.07042	0.01344	0.13773
1.00000	0.00813	0.00226	0.00126	0.01231	0.61542	0.09250	0.07236	0.01282	0.02453	0.15841
1.00000	0.00039	0.00088	0.00273	0.00547	0.17397	0.03382	0.00278	0.02331	0.01406	0.74260
1.00000	0.00024	0.00080	0.00517	0.05083	0.00074	0.00198	0.00053	0.93354	0.00154	0.00465
1.00000	0.00186	0.00033	0.00151	0.00135	0.08744	0.05006	0.00326	0.81796	0.00144	0.03479
1.00000	0.04958	0.00070	0.04768	0.00992	0.11076	0.01601	0.00483	0.09401	0.00653	0.65999
1.00000	0.00358	0.00766	0.00676	0.03556	0.00724	0.00506	0.00446	0.86645	0.00395	0.05927
1.00000	0.00040	0.00051	0.00023	0.00555	0.05121	0.00282	0.00090	0.05838	0.02128	0.85873
1.00000	0.12621	0.00637	0.05182	0.05245	0.04870	0.01359	0.63795	0.00800	0.02244	0.03249
1.00000	0.87432	0.00017	0.02665	0.00774	0.00090	0.01722	0.06057	0.00251	0.00386	0.00605
1.00000	0.16416	0.00146	0.00476	0.21739	0.01106	0.50469	0.02518	0.01246	0.03419	0.02464
1.00000	0.03637	0.03232	0.00127	0.01047	0.02082	0.76643	0.00412	0.02230	0.08569	0.02020
1.00000	0.01981	0.00448	0.08761	0.05386	0.07119	0.01573	0.65081	0.02051	0.02523	0.05077
1.00000	0.02183	0.00313	0.01469	0.00174	0.00695	0.04858	0.87480	0.00139	0.02191	0.00499
1.00000	0.03022	0.01809	0.07440	0.02412	0.06922	0.61814	0.02354	0.00976	0.09869	0.03383
1.00000	0.01087	0.00163	0.00721	0.02459	0.02924	0.00662	0.00344	0.43051	0.13176	0.35414
1.00000	0.47376	0.00212	0.07937	0.07295	0.00963	0.16333	0.01751	0.12443	0.04445	0.01245
1.00000	0.00239	0.00094	0.00100	0.00332	0.01372	0.00283	0.03842	0.88410	0.00229	0.05097
1.00000	0.02732	0.01234	0.04767	0.00703	0.01258	0.62155	0.02389	0.09159	0.10329	0.05274
1.00000	0.00059	0.00071	0.00227	0.02737	0.12387	0.00723	0.00147	0.01949	0.01236	0.80462
1.00000	0.00192	0.02837	0.00544	0.03525	0.63846	0.01283	0.06818	0.06496	0.06185	0.08274
1.00000	0.00284	0.00447	0.01097	0.00845	0.92862	0.00111	0.00552	0.00861	0.01396	0.01545
1.00000	0.00187	0.00067	0.00191	0.00400	0.25007	0.00197	0.00388	0.02101	0.01959	0.69503
1.00000	0.00036	0.00024	0.98872	0.00714	0.00078	0.00014	0.00109	0.00106	0.00040	0.00005
1.00000	0.98490	0.00025	0.00041	0.00358	0.00022	0.00189	0.00453	0.00043	0.00197	0.00182
1.00000	0.02252	0.01377	0.62430	0.03061	0.06570	0.02183	0.15880	0.01512	0.02804	0.01929
0.00000	0.00281	0.00273	0.00064	0.00281	0.03224	0.00666	0.00160	0.33536	0.00402	0.61115
1.00000	0.00123	0.90305	0.00859	0.00138	0.00438	0.00696	0.00241	0.04495	0.01811	0.00892
1.00000	0.01957	0.01420	0.03139	0.71470	0.00195	0.11070	0.01113	0.00095	0.04534	0.05007
1.00000	0.00913	0.00172	0.92466	0.00281	0.02802	0.00137	0.01619	0.00161	0.00910	0.00538
1.00000	0.86648	0.00111	0.03046	0.00301	0.01288	0.01283	0.01562	0.00601	0.00200	0.04959
1.00000	0.01771	0.00253	0.03822	0.02163	0.00341	0.01698	0.88627	0.00279	0.00300	0.00746
1.00000	0.02252	0.82400	0.06278	0.00876	0.00542	0.00158	0.01495	0.00609	0.04131	0.01259
1.00000	0.00511	0.00113	0.00053	0.00307	0.00251	0.00163	0.03306	0.91602	0.00177	0.03517
1.00000	0.02285	0.00564	0.05107	0.03318	0.16065	0.02466	0.01329	0.54325	0.06183	0.08358
0.00000	0.18910	0.00512	0.00520	0.03381	0.39872	0.04132	0.00309	0.14944	0.01710	0.15709
0.00000	0.00169	0.00061	0.00031	0.00916	0.17994	0.01556	0.00526	0.02239	0.07799	0.68710
1.00000	0.01769	0.00073	0.01151	0.00987	0.74489	0.00550	0.11025	0.01796	0.00808	0.07352
1.00000	0.00034	0.00010	0.00099	0.00360	0.00214	0.00174	0.00025	0.95572	0.00062	0.03450
1.00000	0.00808	0.02076	0.06300	0.00824	0.12606	0.11122	0.01361	0.43883	0.15988	0.05034
1.00000	0.00271	0.00955	0.08294	0.00612	0.34040	0.01204	0.51559	0.00695	0.00484	0.01886
1.00000	0.00177	0.00057	0.00252	0.00880	0.00019	0.00119	0.00029	0.00043	0.91486	0.06938
0.00000	0.03366	0.01191	0.07798	0.02148	0.45596	0.05419	0.08121	0.16597	0.01786	0.07977
0.00000	0.18925	0.00803	0.16843	0.29562	0.00561	0.02139	0.06597	0.00280	0.24153	0.00138
1.00000	0.00371	0.00283	0.00043	0.00707	0.00100	0.87380	0.00316	0.00064	0.09856	0.00879
1.00000	0.03706	0.00133	0.00915	0.01396	0.67466	0.09440	0.06084	0.02238	0.03340	0.05282
1.00000	0.01513	0.00358	0.01695	0.84335	0.02074	0.06574	0.00319	0.01181	0.01371	0.00581
1.00000	0.00126	0.00099	0.00348	0.00238	0.79610	0.01061	0.02189	0.00457	0.01110	0.14761
1.00000	0.00137	0.00062	0.00008	0.00426	0.00054	0.00212	0.00052	0.96533	0.00021	0.02494
0.00000	0.16549	0.00744	0.18331	0.10069	0.05351	0.08509	0.03432	0.13233	0.04560	0.19222
1.00000	0.00881	0.00107	0.00625	0.02208	0.00367	0.00423	0.00666	0.00634	0.89797	0.04293
1.00000	0.00269	0.00284	0.00357	0.02872	0.02235	0.03352	0.00498	0.02307	0.82298	0.05527
1.00000	0.01358	0.02903	0.00981	0.00401	0.01299	0.00728	0.00084	0.81171	0.02656	0.08419
1.00000	0.00883	0.85016	0.00773	0.00986	0.00407	0.04061	0.00413	0.02665	0.01028	0.03769
1.00000	0.06878	0.00092	0.06084	0.78147	0.00145	0.06350	0.00193	0.00726	0.00863	0.00522
1.00000	0.00063	0.00015	0.00185	0.00038	0.00221	0.00213	0.99190	0.00020	0.00022	0.00032
1.00000	0.00915	0.00028	0.00053	0.00174	0.08060	0.00403	0.00190	0.01079	0.05412	0.83685
1.00000	0.00521	0.83563	0.04104	0.00455	0.00484	0.00280	0.00821	0.00326	0.05313	0.04133
1.00000	0.00122	0.00796	0.00381	0.01154	0.01424	0.00446	0.00039	0.91963	0.00269	0.03405
1.00000	0.00098	0.00439	0.00619	0.02136	0.79576	0.00965	0.05802	0.01632	0.00831	0.07901
0.00000	0.05793	0.01656	0.09835	0.16939	0.32671	0.02743	0.18565	0.07349	0.00779	0.03670
1.00000	0.06422	0.00408	0.27282	0.53641	0.00356	0.02233	0.05022	0.02593	0.01274	0.00768
1.00000	0.85380	0.00250	0.00691	0.00526	0.00460	0.01923	0.08372	0.00159	0.01669	0.00570
1.00000	0.02175	0.05482	0.01394	0.10896	0.01160	0.36638	0.00802	0.13411	0.09849	0.18191
1.00000	0.05663	0.00112	0.05571	0.82204	0.00152	0.03630	0.00296	0.00387	0.00700	0.01283
1.00000	0.02676	0.00960	0.69350	0.03485	0.06664	0.00656	0.13899	0.00865	0.00948	0.00497
1.00000	0.00572	0.00477	0.08902	0.77520	0.00842	0.00999	0.00364	0.01622	0.08386	0.00318
1.00000	0.11373	0.03097	0.02468	0.25110	0.00308	0.53660	0.01717	0.00441	0.01445	0.00381
1.00000	0.00893	0.00099	0.00285	0.13412	0.00094	0.72775	0.00087	0.00032	0.07996	0.04326
1.00000	0.00016	0.00069	0.00025	0.00739	0.08275	0.00038	0.00058	0.01575	0.00979	0.88226
0.00000	0.04143	0.01584	0.08062	0.23891	0.04087	0.11793	0.06753	0.08381	0.17409	0.13898
1.00000	0.00039	0.00069	0.00262	0.00111	0.03519	0.00843	0.94367	0.00015	0.00169	0.00608
1.00000	0.00028	0.00032	0.00045	0.01478	0.94402	0.00243	0.00483	0.01107	0.00161	0.02021
1.00000	0.97228	0.00007	0.00793	0.00332	0.00023	0.00690	0.00654	0.00086	0.00102	0.00085
1.00000	0.02294	0.00656	0.00557	0.02040	0.01475	0.04988	0.00801	0.01988	0.65041	0.20159
1.00000	0.96335	0.00007	0.00387	0.00517	0.00068	0.01360	0.00609	0.00279	0.00138	0.00299
1.00000	0.00430	0.01544	0.01755	0.08852	0.03259	0.01852	0.00458	0.70497	0.03168	0.08186
0.00000	0.31943	0.03117	0.18882	0.15578	0.00888	0.14158	0.04587	0.02714	0.06999	0.01133
1.00000	0.06695	0.01429	0.00945	0.02453	0.10143	0.06115	0.05414	0.10887	0.41170	0.14750
1.00000	0.05108	0.00369	0.00803	0.42106	0.00141	0.04749	0.01781	0.01451	0.42849	0.00643
1.00000	0.15649	0.00499	0.04307	0.26455	0.00318	0.10562	0.06465	0.00624	0.33630	0.01491
1.00000	0.00097	0.00037	0.00015	0.00141	0.00093	0.00212	0.00567	0.98410	0.00013	0.00415
1.00000	0.01283	0.01691	0.31161	0.22203	0.00085	0.00818	0.00522	0.07978	0.29479	0.04781
1.00000	0.01313	0.00525	0.04471	0.03124	0.08997	0.02309	0.70307	0.00949	0.05509	0.02496
1.00000	0.88518	0.00606	0.02249	0.00078	0.01456	0.02000	0.04042	0.00257	0.00156	0.00639
1.00000	0.03440	0.02823	0.00225	0.01645	0.02427	0.58727	0.04226	0.00351	0.13947	0.12189
1.00000	0.02325	0.00864	0.00687	0.19639	0.00667	0.56810	0.00849	0.06675	0.10832	0.00651
1.00000	0.01539	0.00662	0.85996	0.03368	0.00475	0.01361	0.02081	0.00215	0.04012	0.00291
1.00000	0.00869	0.00071	0.00094	0.01303	0.00182	0.90917	0.04350	0.00598	0.01268	0.00349
1.00000	0.01547	0.60350	0.02575	0.16165	0.02659	0.02097	0.00877	0.01859	0.06787	0.05085
1.00000	0.00117	0.00087	0.00397	0.95069	0.00044	0.00102	0.00030	0.00565	0.01138	0.02450
1.00000	0.01506	0.01814	0.04550	0.01987	0.07776	0.02108	0.73051	0.00982	0.01910	0.04317
1.00000	0.10358	0.00234	0.08939	0.01890	0.57588	0.03740	0.11704	0.02060	0.00934	0.02553
1.00000	0.00528	0.08331	0.03609	0.10300	0.02378	0.00115	0.00091	0.58719	0.01656	0.14275
1.00000	0.00171	0.00040	0.00489	0.00038	0.95068	0.00194	0.02257	0.00071	0.00762	0.00911
1.00000	0.97549	0.00009	0.00879	0.00751	0.00019	0.00280	0.00311	0.00024	0.00103	0.00076
0.00000	0.02146	0.00546	0.31663	0.08745	0.00133	0.00178	0.02126	0.00082	0.54029	0.00354
1.00000	0.45246	0.00304	0.10398	0.00540	0.04729	0.00649	0.09529	0.11876	0.02415	0.14315
0.00000	0.04644	0.00187	0.31203	0.43693	0.00596	0.00457	0.01334	0.14355	0.01774	0.01759
1.00000	0.00905	0.00030	0.00320	0.00231	0.03072	0.02043	0.00954	0.02242	0.01094	0.89108
1.00000	0.01669	0.00755	0.82441	0.04325	0.00327	0.02229	0.00513	0.01483	0.05317	0.00942
1.00000	0.01000	0.00262	0.00049	0.22900	0.01539	0.65131	0.00868	0.01990	0.04779	0.01481
0.00000	0.39225	0.01173	0.22588	0.00343	0.00506	0.03642	0.26840	0.01377	0.02094	0.02213
0.00000	0.02072	0.00722	0.02368	0.01741	0.39961	0.09332	0.13628	0.03136	0.04907	0.22133
1.00000	0.00115	0.00178	0.00110	0.04386	0.06062	0.00643	0.00136	0.02786	0.12842	0.72742
1.00000	0.00162	0.00035	0.00039	0.01279	0.07772	0.00856	0.00084	0.02009	0.00927	0.86838
1.00000	0.01898	0.02005	0.15544	0.04461	0.06108	0.02092	0.62580	0.01052	0.02014	0.02246
1.00000	0.02134	0.03255	0.02832	0.05257	0.00666	0.01295	0.00888	0.00773	0.79667	0.03234
1.00000	0.14033	0.00431	0.72513	0.01888	0.00763	0.01203	0.04673	0.00232	0.02759	0.01506
1.00000	0.74381	0.00039	0.01467	0.02352	0.00614	0.01190	0.10086	0.01251	0.02530	0.06088
1.00000	0.00082	0.03327	0.00339	0.12177	0.00112	0.00267	0.00106	0.00905	0.75861	0.06822
1.00000	0.06412	0.01062	0.00071	0.01178	0.00350	0.87713	0.01379	0.00051	0.01316	0.00467
1.00000	0.00165	0.00043	0.00291	0.01787	0.77731	0.00215	0.00298	0.01174	0.00810	0.17486
1.00000	0.00814	0.00087	0.01027	0.00151	0.00546	0.00690	0.96433	0.00108	0.00076	0.00069
1.00000	0.01998	0.01406	0.07151	0.00611	0.59036	0.00510	0.03044	0.00747	0.10395	0.15101
1.00000	0.04315	0.00026	0.00141	0.00366	0.00031	0.00273	0.00440	0.92517	0.00637	0.01254
1.00000	0.01773	0.00190	0.02225	0.72540	0.01940	0.05449	0.00686	0.03627	0.06166	0.05404
1.00000	0.00398	0.00107	0.00371	0.00811	0.02291	0.02853	0.00277	0.02499	0.85542	0.04851
0.00000	0.01237	0.00423	0.28235	0.13557	0.00170	0.00730	0.00167	0.03071	0.50171	0.02238
1.00000	0.32622	0.00751	0.09301	0.00720	0.17092	0.04516	0.13378	0.16007	0.01002	0.04612
1.00000	0.02873	0.03068	0.00496	0.53232	0.06711	0.03012	0.01320	0.10988	0.10506	0.07794
1.00000	0.06758	0.02500	0.00340	0.00248	0.00531	0.01625	0.87517	0.00055	0.00331	0.00095
1.00000	0.00790	0.87970	0.04266	0.00201	0.00687	0.00089	0.03827	0.00486	0.00716	0.00967
1.00000	0.04066	0.00270	0.01903	0.88548	0.00104	0.02225	0.00153	0.00276	0.02051	0.00403
1.00000	0.11778	0.00232	0.03200	0.22325	0.01448	0.04479	0.01337	0.01331	0.50081	0.03787
1.00000	0.03522	0.00471	0.02498	0.10398	0.01358	0.01276	0.02530	0.02674	0.58569	0.16705
1.00000	0.01298	0.00450	0.00039	0.01304	0.00385	0.90294	0.02195	0.00262	0.03239	0.00534
0.00000	0.16701	0.00823	0.13410	0.27287	0.03004	0.07754	0.07125	0.06785	0.07861	0.09250
1.00000	0.04471	0.01367	0.04918	0.83687	0.00159	0.00862	0.00474	0.00537	0.02260	0.01263
1.00000	0.35681	0.00274	0.06571	0.44056	0.00051	0.04085	0.00658	0.03974	0.04519	0.00132
1.00000	0.00471	0.00048	0.00064	0.00489	0.74159	0.00627	0.04943	0.02264	0.04177	0.12758
1.00000	0.01063	0.01225	0.15148	0.56549	0.00190	0.02931	0.00687	0.01272	0.20297	0.00639
0.00000	0.01461	0.01045	0.38671	0.24942	0.09958	0.01835	0.01882	0.14908	0.02844	0.02455
1.00000	0.06466	0.01285	0.03822	0.13835	0.01981	0.04932	0.09970	0.01844	0.46916	0.08951
1.00000	0.02255	0.01241	0.04298	0.20454	0.01430	0.03044	0.00372	0.04138	0.52720	0.10049
1.00000	0.99034	0.00006	0.00070	0.00062	0.00014	0.00230	0.00424	0.00013	0.00065	0.00081
1.00000	0.00949	0.00038	0.00158	0.08974	0.00090	0.87720	0.00511	0.00380	0.00986	0.00194
1.00000	0.00182	0.00136	0.05726	0.93340	0.00009	0.00076	0.00012	0.00064	0.00424	0.00031
1.00000	0.01895	0.00314	0.02504	0.00235	0.77430	0.03417	0.01545	0.04832	0.02992	0.04836
1.00000	0.00400	0.06800	0.01371	0.00860	0.75852	0.01533	0.00743	0.01595	0.02224	0.08621
1.00000	0.00056	0.00077	0.00080	0.00146	0.01891	0.00081	0.00139	0.03170	0.04238	0.90122
0.00000	0.06059	0.00338	0.00294	0.01205	0.24262	0.20166	0.04872	0.17116	0.02079	0.23608
1.00000	0.00469	0.00064	0.12507	0.85624	0.00025	0.00190	0.00241	0.00475	0.00351	0.00054
1.00000	0.00466	0.00116	0.02748	0.01956	0.13190	0.01659	0.00111	0.06957	0.05601	0.67195
1.00000	0.03219	0.00443	0.00295	0.00528	0.00971	0.20205	0.03868	0.00146	0.58010	0.12316
1.00000	0.00039	0.00134	0.00018	0.00213	0.05947	0.00047	0.00057	0.02600	0.02096	0.88849
1.00000	0.01863	0.00132	0.00568	0.05162	0.00266	0.08075	0.01157	0.00852	0.66552	0.15373
1.00000	0.95893	0.00047	0.00206	0.00673	0.00219	0.00496	0.00481	0.00083	0.00069	0.01834
1.00000	0.00366	0.79170	0.07548	0.00607	0.00609	0.00370	0.01620	0.00407	0.05088	0.04217
1.00000	0.00302	0.00106	0.00276	0.41575	0.02560	0.03910	0.00056	0.01440	0.24632	0.25142
1.00000	0.92254	0.00039	0.01994	0.00362	0.00038	0.03557	0.00908	0.00030	0.00739	0.00079
1.00000	0.01673	0.03738	0.52665	0.02673	0.24288	0.01276	0.02223	0.04174	0.00516	0.06774
1.00000	0.00891	0.00126	0.00072	0.01540	0.03368	0.00163	0.00188	0.09092	0.10291	0.74268
1.00000	0.00033	0.00052	0.00052	0.00116	0.00299	0.00454	0.00060	0.93931	0.00046	0.04958
1.00000	0.02255	0.01425	0.01332	0.01693	0.00711	0.10051	0.08319	0.00193	0.73496	0.00524
1.00000	0.14643	0.00912	0.01913	0.00830	0.05483	0.03641	0.02539	0.60125	0.01499	0.08415
1.00000	0.99310	0.00008	0.00090	0.00063	0.00011	0.00011	0.00254	0.00019	0.00031	0.00203
1.00000	0.00156	0.02569	0.00178	0.01285	0.06293	0.00330	0.00131	0.12244	0.02016	0.74798
1.00000	0.06921	0.00558	0.19853	0.03504	0.01938	0.00220	0.62427	0.01339	0.02762	0.00478
1.00000	0.00846	0.01798	0.02195	0.00868	0.00506	0.00052	0.00053	0.84194	0.01614	0.07872
1.00000	0.00239	0.00170	0.00076	0.00131	0.88743	0.01454	0.00815	0.00972	0.01131	0.06269
1.00000	0.02025	0.00056	0.00356	0.01659	0.03705	0.00387	0.00204	0.78134	0.03173	0.10301
1.00000	0.05546	0.38788	0.15336	0.03860	0.03135	0.04207	0.01078	0.01440	0.25110	0.01500
1.00000	0.00015	0.00080	0.00014	0.02416	0.07593	0.00369	0.00054	0.01745	0.07234	0.80479
1.00000	0.03055	0.00652	0.61461	0.26594	0.00430	0.01592	0.01820	0.03644	0.00444	0.00308
1.00000	0.21993	0.01241	0.36166	0.16151	0.04074	0.02452	0.04079	0.03222	0.05542	0.05080
1.00000	0.01018	0.00227	0.71938	0.20369	0.00773	0.00060	0.02087	0.00085	0.03414	0.00029
1.00000	0.00516	0.92747	0.00538	0.00747	0.01860	0.00276	0.02249	0.00223	0.00415	0.00431
1.00000	0.00114	0.00168	0.06241	0.07703	0.01164	0.00581	0.00105	0.00080	0.82475	0.01369
1.00000	0.00303	0.00089	0.01247	0.92583	0.00127	0.00652	0.00021	0.00601	0.04142	0.00235
1.00000	0.00435	0.00251	0.00609	0.93353	0.00029	0.02207	0.00184	0.00353	0.02544	0.00034
1.00000	0.00083	0.00086	0.00243	0.96454	0.00018	0.00798	0.00009	0.00033	0.02187	0.00090
1.00000	0.00386	0.00042	0.00140	0.00184	0.00198	0.00356	0.00114	0.95447	0.00123	0.03010
1.00000	0.73638	0.00105	0.06792	0.08551	0.00174	0.02967	0.01723	0.04466	0.00796	0.00789
1.00000	0.26073	0.00403	0.02536	0.00539	0.08556	0.06309	0.10100	0.02640	0.10954	0.31889
1.00000	0.51740	0.00418	0.02279	0.00634	0.10228	0.01961	0.15469	0.10023	0.02057	0.05193
1.00000	0.03244	0.00259	0.00848	0.59984	0.00384	0.06033	0.01282	0.01490	0.22413	0.04061
1.00000	0.00225	0.89617	0.01312	0.04345	0.00185	0.00102	0.00407	0.00375	0.02339	0.01092
1.00000	0.01356	0.00255	0.00182	0.77775	0.00039	0.13147	0.00401	0.00921	0.05594	0.00330
1.00000	0.00620	0.00855	0.00449	0.01611	0.04477	0.10699	0.07255	0.64515	0.02400	0.07118
1.00000	0.03336	0.00136	0.00043	0.04367	0.00820	0.83064	0.05431	0.00018	0.02456	0.00329
1.00000	0.15467	0.20164	0.06606	0.02402	0.01931	0.35546	0.04424	0.02514	0.09980	0.00967
1.00000	0.00928	0.00159	0.02512	0.05099	0.01664	0.01426	0.00310	0.02230	0.73618	0.12052
1.00000	0.00245	0.00906	0.02157	0.04250	0.00714	0.00258	0.00102	0.76052	0.03137	0.12180
1.00000	0.01105	0.00584	0.00603	0.10528	0.00173	0.00602	0.01084	0.02483	0.73524	0.09311
1.00000	0.00708	0.06973	0.03503	0.00512	0.70270	0.00913	0.01148	0.00696	0.02074	0.13203
1.00000	0.06070	0.00918	0.00212	0.07023	0.00282	0.75205	0.01527	0.00775	0.06325	0.01663
1.00000	0.01609	0.00511	0.01783	0.01096	0.78493	0.03751	0.08040	0.01678	0.01639	0.01399
1.00000	0.01622	0.01736	0.82030	0.01330	0.04184	0.00554	0.06483	0.00097	0.01447	0.00517
1.00000	0.01531	0.02800	0.00213	0.00917	0.05027	0.00848	0.00942	0.03806	0.15696	0.68219
1.00000	0.00290	0.85016	0.01460	0.00760	0.00338	0.00380	0.04126	0.02864	0.03695	0.01071
1.00000	0.00135	0.00648	0.01714	0.01645	0.66092	0.04450	0.00930	0.00596	0.02251	0.21538
1.00000	0.01064	0.00262	0.00696	0.12346	0.00128	0.04479	0.00284	0.00114	0.72978	0.07650
1.00000	0.00193	0.00144	0.00052	0.00197	0.10124	0.00210	0.00080	0.05872	0.04811	0.78317
1.00000	0.07699	0.00732	0.00247	0.08717	0.00179	0.48849	0.00209	0.08352	0.22618	0.02398
0.00000	0.01516	0.07892	0.01854	0.23922	0.18863	0.13985	0.06441	0.13466	0.02910	0.09150
1.00000	0.00322	0.00065	0.00137	0.00205	0.00062	0.00063	0.00136	0.02682	0.93990	0.02338
1.00000	0.00519	0.00354	0.08571	0.24588	0.00041	0.01844	0.05819	0.00755	0.57350	0.00159
1.00000	0.90578	0.00108	0.00959	0.00825	0.00052	0.00488	0.04616	0.00387	0.00324	0.01663
0.00000	0.01663	0.00745	0.00496	0.11245	0.03282	0.32944	0.34450	0.02525	0.05212	0.07438
1.00000	0.12604	0.05308	0.48251	0.09728	0.03318	0.01321	0.08447	0.01364	0.08835	0.00825
1.00000	0.11433	0.00246	0.00118	0.01329	0.00510	0.16897	0.59643	0.00212	0.09093	0.00519
1.00000	0.03177	0.01343	0.13240	0.17565	0.00933	0.02582	0.01362	0.42651	0.10006	0.07140
1.00000	0.00627	0.03266	0.00324	0.73437	0.01751	0.02683	0.00455	0.05153	0.03105	0.09198
1.00000	0.00012	0.00038	0.00040	0.00451	0.04308	0.00952	0.00204	0.00946	0.00854	0.92195
1.00000	0.01657	0.00559	0.90782	0.02745	0.01504	0.00122	0.00481	0.00438	0.01514	0.00197
1.00000	0.00029	0.00187	0.00342	0.05885	0.00037	0.01037	0.00645	0.00147	0.87219	0.04473
1.00000	0.01892	0.00642	0.00310	0.01597	0.04036	0.58342	0.17787	0.00217	0.07279	0.07899
0.00000	0.07792	0.02143	0.12567	0.10893	0.12585	0.01065	0.09340	0.14059	0.13066	0.16491
1.00000	0.00139	0.00452	0.00088	0.01727	0.03149	0.02149	0.00070	0.05856	0.01762	0.84606
1.00000	0.00688	0.00206	0.81274	0.06013	0.00304	0.00099	0.05533	0.04783	0.00965	0.00134
1.00000	0.00800	0.00055	0.01256	0.00849	0.01530	0.00141	0.92156	0.00662	0.00523	0.02028
1.00000	0.00131	0.00823	0.00106	0.01155	0.20414	0.00501	0.00268	0.04220	0.02564	0.69818
1.00000	0.00203	0.01683	0.66042	0.04056	0.00993	0.03588	0.05833	0.12341	0.00565	0.04695
1.00000	0.95700	0.00013	0.00251	0.00534	0.00010	0.01755	0.00652	0.00520	0.00074	0.00490
1.00000	0.01992	0.10197	0.05268	0.01187	0.05338	0.08974	0.63546	0.00212	0.01751	0.01535
0.00000	0.01485	0.00328	0.04303	0.10824	0.03121	0.03982	0.00373	0.00952	0.64363	0.10268
1.00000	0.91815	0.00198	0.00174	0.00182	0.00236	0.04168	0.01975	0.00074	0.01114	0.00064
1.00000	0.27100	0.02867	0.07570	0.01252	0.00750	0.26166	0.32628	0.00783	0.00741	0.00143
1.00000	0.57650	0.00719	0.03109	0.01810	0.00455	0.18230	0.04606	0.05293	0.00632	0.07495
1.00000	0.03584	0.00263	0.00692	0.81602	0.00200	0.09604	0.00947	0.00102	0.02437	0.00568
1.00000	0.03037	0.02855	0.76295	0.08072	0.05285	0.00432	0.01343	0.00889	0.01591	0.00201
1.00000	0.04166	0.00053	0.01492	0.00135	0.00563	0.00118	0.92433	0.00405	0.00487	0.00149
1.00000	0.01990	0.02494	0.01170	0.09726	0.04361	0.08603	0.00794	0.12123	0.03325	0.55417
1.00000	0.00441	0.00134	0.00152	0.00837	0.00274	0.00156	0.00009	0.93186	0.00293	0.04519
1.00000	0.00369	0.00029	0.00490	0.00320	0.13882	0.00253	0.00312	0.07946	0.03141	0.73258
1.00000	0.85448	0.00109	0.00856	0.02364	0.00083	0.02271	0.01545	0.01731	0.01723	0.03870
1.00000	0.02533	0.00099	0.00154	0.00882	0.03949	0.00311	0.00109	0.16868	0.04546	0.70549
0.00000	0.21664	0.00239	0.01362	0.56595	0.00130	0.02752	0.01262	0.00715	0.14568	0.00713
1.00000	0.00975	0.00210	0.02873	0.01063	0.01570	0.01497	0.00704	0.00924	0.61903	0.28281
1.00000	0.00223	0.00482	0.15838	0.00425	0.18344	0.01420	0.59767	0.01692	0.00500	0.01308
1.00000	0.01556	0.00375	0.00078	0.01257	0.03617	0.01842	0.03853	0.81863	0.00274	0.05286
1.00000	0.03741	0.00639	0.01056	0.11904	0.00315	0.68821	0.04216	0.00413	0.07797	0.01098
1.00000	0.90258	0.00071	0.00496	0.00257	0.00060	0.02526	0.03767	0.00390	0.01005	0.01172
1.00000	0.00226	0.91287	0.01156	0.00292	0.00440	0.00393	0.04941	0.00731	0.00252	0.00281
0.00000	0.39119	0.01302	0.02455	0.25600	0.00357	0.14852	0.00893	0.04616	0.05395	0.05411
1.00000	0.05391	0.01256	0.71240	0.00732	0.04737	0.00428	0.02481	0.02225	0.02400	0.09110
1.00000	0.04853	0.00109	0.00157	0.01909	0.00373	0.80848	0.00684	0.00029	0.10240	0.00798
1.00000	0.00896	0.00255	0.00772	0.00780	0.67616	0.00877	0.01737	0.02723	0.03644	0.20701
1.00000	0.00164	0.00632	0.02710	0.01461	0.07000	0.03235	0.03455	0.79494	0.00577	0.01272
1.00000	0.01595	0.03291	0.36523	0.25733	0.01002	0.00734	0.05723	0.08202	0.16857	0.00340
1.00000	0.00567	0.00178	0.01754	0.10486	0.03500	0.01374	0.00164	0.00527	0.77814	0.03636
1.00000	0.01356	0.00027	0.00052	0.00110	0.00088	0.00997	0.97090	0.00004	0.00181	0.00095
1.00000	0.07622	0.00261	0.07210	0.02966	0.09327	0.00147	0.54913	0.00487	0.11577	0.05489
1.00000	0.00099	0.95127	0.00316	0.00902	0.00161	0.00273	0.00199	0.01891	0.00515	0.00518
0.00000	0.59640	0.00376	0.16530	0.04911	0.04174	0.04666	0.01602	0.01640	0.04417	0.02045
1.00000	0.00110	0.00041	0.00064	0.00268	0.00035	0.00028	0.00126	0.98369	0.00291	0.00666
1.00000	0.00750	0.01937	0.52797	0.08195	0.09255	0.02788	0.05343	0.11854	0.03697	0.03384
0.00000	0.26336	0.00087	0.10392	0.29155	0.00263	0.00575	0.03282	0.00312	0.28977	0.00621
1.00000	0.08076	0.00847	0.05690	0.14860	0.03100	0.35787	0.10955	0.04157	0.10496	0.06032
1.00000	0.00045	0.00040	0.00061	0.00205	0.00158	0.00162	0.00747	0.93584	0.00571	0.04427
1.00000	0.16548	0.00073	0.00464	0.05463	0.00578	0.06971	0.67420	0.00430	0.01408	0.00644
1.00000	0.94201	0.00094	0.00996	0.00472	0.00070	0.00146	0.01987	0.00214	0.00153	0.01665
1.00000	0.02153	0.00500	0.00648	0.76080	0.02978	0.06210	0.03871	0.00524	0.03184	0.03853
1.00000	0.00021	0.00065	0.00010	0.00156	0.91394	0.00014	0.00285	0.00365	0.00392	0.07298
1.00000	0.00087	0.01384	0.90663	0.01997	0.00600	0.00158	0.04289	0.00078	0.00474	0.00270
1.00000	0.04371	0.00117	0.00351	0.01393	0.58219	0.02925	0.07855	0.03120	0.10007	0.11642
1.00000	0.03372	0.00412	0.00938	0.27534	0.00122	0.49779	0.01537	0.00334	0.09897	0.06074
1.00000	0.01692	0.72450	0.04326	0.01276	0.00564	0.03139	0.11417	0.00213	0.03097	0.01827
1.00000	0.01012	0.02528	0.03062	0.00814	0.19232	0.05426	0.01193	0.53831	0.01689	0.11213
1.00000	0.04810	0.00827	0.20795	0.04882	0.07280	0.08251	0.09356	0.01187	0.39084	0.03527
1.00000	0.84920	0.00405	0.06180	0.01460	0.02872	0.00469	0.02902	0.00344	0.00194	0.00252
1.00000	0.00493	0.94452	0.00627	0.00865	0.01198	0.00218	0.00913	0.00623	0.00269	0.00341
1.00000	0.01232	0.00164	0.02345	0.00643	0.88142	0.00292	0.00677	0.02103	0.01939	0.02462
1.00000	0.00115	0.00088	0.00085	0.03556	0.80543	0.00485	0.00706	0.08138	0.00320	0.05965
1.00000	0.02487	0.00888	0.00289	0.02920	0.00831	0.73415	0.01754	0.03277	0.10782	0.03359
1.00000	0.00655	0.00560	0.00894	0.04433	0.02154	0.48376	0.00935	0.11515	0.16648	0.13830
1.00000	0.00203	0.00219	0.00397	0.00241	0.14498	0.00486	0.00165	0.01322	0.02446	0.80023
1.00000	0.80596	0.00598	0.04895	0.05163	0.00423	0.01037	0.03095	0.00705	0.02221	0.01266
1.00000	0.00116	0.00025	0.98812	0.00080	0.00170	0.00040	0.00270	0.00006	0.00391	0.00090
1.00000	0.04994	0.71847	0.03455	0.02325	0.01066	0.00995	0.03006	0.01992	0.06011	0.04310
1.00000	0.01501	0.00038	0.03396	0.01129	0.76319	0.00244	0.08159	0.02615	0.01467	0.05133
1.00000	0.87739	0.00096	0.00290	0.00212	0.00483	0.01188	0.04651	0.00870	0.03726	0.00745
1.00000	0.00591	0.00034	0.00072	0.00372	0.00164	0.00722	0.00583	0.95694	0.00055	0.01714
1.00000	0.05925	0.02543	0.13585	0.03572	0.08894	0.07585	0.06703	0.05661	0.41501	0.04031
0.00000	0.04522	0.01640	0.00536	0.19802	0.07212	0.19604	0.02564	0.08267	0.16604	0.19249
1.00000	0.01125	0.25941	0.04675	0.02058	0.00901	0.08720	0.00459	0.16881	0.30692	0.08548
1.00000	0.00400	0.01422	0.04381	0.00809	0.12403	0.05092	0.02637	0.00527	0.12843	0.59485
1.00000	0.09569	0.00291	0.00385	0.23496	0.00505	0.31354	0.02386	0.03102	0.25106	0.03807
0.00000	0.06970	0.04027	0.00631	0.25395	0.01972	0.09520	0.13486	0.02730	0.30639	0.04631
1.00000	0.00057	0.00036	0.00072	0.00268	0.93890	0.00507	0.01264	0.00266	0.01023	0.02617
1.00000	0.00083	0.00235	0.00807	0.07164	0.03135	0.00285	0.00161	0.80478	0.00467	0.07185
1.00000	0.00460	0.79208	0.01408	0.01709	0.01213	0.00176	0.00555	0.10449	0.03434	0.01388
1.00000	0.01054	0.00107	0.00510	0.00754	0.02456	0.02069	0.02104	0.82762	0.00895	0.07290
1.00000	0.00848	0.01069	0.02385	0.01483	0.00220	0.00226	0.00361	0.89029	0.02420	0.01959
1.00000	0.05075	0.06943	0.51483	0.10363	0.00331	0.05279	0.11266	0.04555	0.04295	0.00409
1.00000	0.00085	0.00278	0.97258	0.00627	0.00291	0.00055	0.01104	0.00102	0.00163	0.00038
1.00000	0.00145	0.94152	0.00469	0.00606	0.00814	0.00133	0.00176	0.02107	0.00562	0.00836
1.00000	0.00166	0.92378	0.00819	0.01339	0.00278	0.00164	0.00719	0.00843	0.01794	0.01500
1.00000	0.00192	0.00124	0.00312	0.00192	0.09615	0.01566	0.00519	0.00453	0.00976	0.86051
1.00000	0.00706	0.93281	0.01526	0.00194	0.00482	0.00584	0.00219	0.01763	0.00996	0.00250
1.00000	0.76192	0.00093	0.01290	0.00116	0.03072	0.02632	0.06474	0.02969	0.00455	0.06706
1.00000	0.00376	0.00017	0.00031	0.00131	0.00013	0.00296	0.00077	0.00096	0.97486	0.01476
1.00000	0.95263	0.00014	0.00199	0.00225	0.00027	0.00861	0.02828	0.00112	0.00320	0.00151
1.00000	0.00040	0.00356	0.00497	0.00034	0.96945	0.00099	0.00444	0.00843	0.00659	0.00083
1.00000	0.00760	0.05692	0.01590	0.05377	0.64076	0.01465	0.01340	0.00864	0.02547	0.16289
1.00000	0.17503	0.00468	0.47724	0.08587	0.08988	0.03677	0.10673	0.00324	0.01415	0.00640
1.00000	0.02433	0.00133	0.02173	0.83686	0.00074	0.03183	0.00171	0.02337	0.04453	0.01357
1.00000	0.00690	0.00038	0.00819	0.01118	0.00125	0.00025	0.00443	0.95323	0.00587	0.00832
1.00000	0.83292	0.00230	0.01558	0.02760	0.00748	0.02447	0.02027	0.00510	0.00259	0.06168
1.00000	0.00155	0.00018	0.00156	0.00033	0.00058	0.00134	0.99180	0.00028	0.00209	0.00029
1.00000	0.00027	0.00081	0.00099	0.00861	0.76745	0.01003	0.00402	0.00345	0.06969	0.13468
1.00000	0.00232	0.01769	0.00750	0.11251	0.00366	0.00715	0.00042	0.79783	0.01396	0.03696
1.00000	0.03933	0.05090	0.23393	0.08007	0.02176	0.07135	0.00564	0.01705	0.42988	0.05010
1.00000	0.00389	0.88436	0.00912	0.00454	0.00279	0.00486	0.00719	0.01483	0.03492	0.03350
1.00000	0.02350	0.05308	0.00863	0.48347	0.00694	0.08152	0.00145	0.00849	0.23572	0.09721
1.00000	0.00234	0.00289	0.00770	0.63355	0.00143	0.00677	0.00021	0.00665	0.31703	0.02143
1.00000	0.00558	0.10579	0.76764	0.04781	0.00172	0.02525	0.01858	0.00190	0.02482	0.00092
1.00000	0.01506	0.00627	0.81167	0.00531	0.00241	0.00805	0.12406	0.01672	0.00653	0.00391
0.00000	0.07761	0.00373	0.21503	0.20373	0.00571	0.00737	0.01432	0.03511	0.41922	0.01817
1.00000	0.94211	0.00029	0.00682	0.01459	0.00018	0.01582	0.01315	0.00062	0.00522	0.00120
1.00000	0.01800	0.00371	0.85388	0.01461	0.02186	0.00218	0.04673	0.02425	0.00562	0.00915
1.00000	0.01638	0.00144	0.00432	0.88671	0.00151	0.06419	0.00403	0.00263	0.00663	0.01216
1.00000	0.03182	0.00737	0.04648	0.09082	0.00284	0.16361	0.08932	0.00703	0.55376	0.00697
1.00000	0.06189	0.00083	0.05671	0.00496	0.00157	0.01603	0.84841	0.00034	0.00639	0.00286
1.00000	0.00107	0.00151	0.00039	0.00598	0.05056	0.01526	0.00186	0.02081	0.00825	0.89431
0.00000	0.01611	0.09726	0.01076	0.19656	0.00824	0.12664	0.00246	0.23766	0.14321	0.16111
1.00000	0.00354	0.01650	0.12468	0.05985	0.15088	0.01355	0.52255	0.01281	0.03036	0.06527
1.00000	0.02789	0.00115	0.01035	0.01742	0.00057	0.02621	0.00206	0.00194	0.87501	0.03740
1.00000	0.00739	0.00161	0.00561	0.02660	0.00365	0.88005	0.01745	0.00031	0.05566	0.00166
0.00000	0.01256	0.05008	0.12431	0.03829	0.23220	0.01853	0.25719	0.00144	0.23489	0.03051
1.00000	0.01967	0.00110	0.04273	0.00311	0.11413	0.01503	0.02164	0.00751	0.03242	0.74266
1.00000	0.00260	0.01058	0.00488	0.02857	0.00682	0.07339	0.00387	0.78181	0.00545	0.08203
1.00000	0.04752	0.17584	0.60263	0.06032	0.00181	0.01174	0.06482	0.00294	0.03110	0.00128
1.00000	0.00032	0.00663	0.00016	0.00061	0.00131	0.00261	0.00218	0.98008	0.00071	0.00538
1.00000	0.03456	0.00142	0.05457	0.00813	0.00810	0.00322	0.00586	0.01989	0.84672	0.01754
1.00000	0.00168	0.00222	0.00137	0.37297	0.00920	0.13260	0.00054	0.03270	0.35858	0.08815
1.00000	0.09120	0.00403	0.01331	0.10479	0.01993	0.61561	0.05861	0.00326	0.06769	0.02157
1.00000	0.49807	0.00939	0.03408	0.01918	0.00923	0.02231	0.26318	0.00828	0.09485	0.04145
1.00000	0.00783	0.04590	0.30217	0.12004	0.00216	0.00159	0.00083	0.30686	0.17843	0.03420
1.00000	0.00020	0.00265	0.00419	0.00231	0.85218	0.00572	0.00286	0.00306	0.00834	0.11849
1.00000	0.03689	0.00052	0.01456	0.00921	0.04667	0.00029	0.01083	0.01803	0.01609	0.84690
1.00000	0.01811	0.01042	0.05815	0.69755	0.00705	0.10102	0.01622	0.00243	0.08309	0.00596
1.00000	0.08430	0.00214	0.00489	0.14201	0.00603	0.51828	0.00324	0.02025	0.21531	0.00355
1.00000	0.00212	0.00078	0.00658	0.00932	0.94664	0.01103	0.00265	0.00875	0.00950	0.00262
1.00000	0.06657	0.01077	0.16900	0.49505	0.00141	0.02785	0.05596	0.00771	0.16212	0.00355
1.00000	0.81385	0.00800	0.00811	0.05649	0.00077	0.00301	0.02200	0.00531	0.07268	0.00978
1.00000	0.01774	0.01178	0.70829	0.16750	0.03065	0.02731	0.00995	0.00499	0.02006	0.00172
1.00000	0.10714	0.00596	0.19713	0.00851	0.14653	0.01230	0.07133	0.02440	0.01255	0.41415
1.00000	0.14350	0.00071	0.00481	0.74025	0.00097	0.04082	0.00504	0.00114	0.06160	0.00116
1.00000	0.00181	0.96698	0.00722	0.00292	0.00443	0.00085	0.00174	0.00348	0.00281	0.00777
1.00000	0.12190	0.00029	0.00467	0.00421	0.00123	0.08969	0.75854	0.00102	0.00318	0.01528
1.00000	0.00113	0.00191	0.00010	0.00673	0.02752	0.00311	0.00056	0.02541	0.02183	0.91171
1.00000	0.00479	0.85903	0.01478	0.03915	0.01281	0.00114	0.00745	0.03503	0.00998	0.01584
1.00000	0.00042	0.00087	0.00008	0.02117	0.01249	0.00098	0.00057	0.05765	0.01671	0.88906
1.00000	0.02758	0.00023	0.01632	0.88374	0.00035	0.05610	0.00336	0.00066	0.01134	0.00033
0.00000	0.54997	0.01715	0.18571	0.09336	0.00800	0.04559	0.04201	0.01719	0.03585	0.00516
1.00000	0.05901	0.00062	0.01864	0.00537	0.68544	0.00775	0.08850	0.00532	0.01102	0.11832
1.00000	0.00127	0.00024	0.00068	0.00184	0.66473	0.03658	0.01109	0.04576	0.00291	0.23490
1.00000	0.00923	0.00511	0.02340	0.82925	0.00014	0.07377	0.00184	0.03627	0.01974	0.00125
1.00000	0.86491	0.00042	0.00314	0.02508	0.00080	0.04294	0.01949	0.00456	0.00958	0.02906
1.00000	0.04771	0.00350	0.02580	0.00958	0.66604	0.00929	0.11716	0.02693	0.02574	0.06827
1.00000	0.03278	0.00043	0.00420	0.00440	0.87229	0.02620	0.02421	0.00546	0.00838	0.02166
1.00000	0.00512	0.72467	0.03164	0.02371	0.00540	0.04183	0.01927	0.03763	0.05217	0.05857
1.00000	0.02496	0.00405	0.00157	0.58898	0.00344	0.10880	0.04503	0.04689	0.13543	0.04084
1.00000	0.57094	0.00197	0.04526	0.03907	0.02044	0.03243	0.08715	0.03963	0.04457	0.11854
1.00000	0.00104	0.00082	0.00026	0.00590	0.05084	0.00941	0.00142	0.01260	0.04240	0.87531
1.00000	0.00194	0.00172	0.00049	0.00221	0.11811	0.00057	0.00461	0.00358	0.04376	0.82301
1.00000	0.02018	0.08550	0.07914	0.00495	0.00818	0.03219	0.71246	0.00149	0.03390	0.02202
1.00000	0.00444	0.00041	0.13416	0.01316	0.00084	0.03040	0.00449	0.00062	0.80954	0.00194
1.00000	0.03263	0.01831	0.45695	0.21170	0.01981	0.01918	0.02743	0.07772	0.12845	0.00782
1.00000	0.01694	0.00677	0.00120	0.24582	0.04936	0.14975	0.04538	0.06153	0.06683	0.35644
1.00000	0.00589	0.16033	0.01488	0.04033	0.13219	0.01714	0.00207	0.47356	0.01538	0.13821
1.00000	0.05998	0.00708	0.00803	0.23297	0.00228	0.59190	0.04744	0.00117	0.04718	0.00198
1.00000	0.02181	0.00445	0.11240	0.14932	0.11592	0.00722	0.06713	0.38224	0.02457	0.11492
1.00000	0.00777	0.01874	0.00755	0.01361	0.00267	0.02627	0.00419	0.00235	0.87251	0.04436
1.00000	0.02700	0.01372	0.00548	0.01027	0.06615	0.03182	0.01176	0.05057	0.21754	0.56570
1.00000	0.04212	0.00463	0.65596	0.03124	0.05253	0.00308	0.03026	0.00204	0.14345	0.03469
1.00000	0.10576	0.00229	0.04618	0.00197	0.02346	0.72679	0.05483	0.00323	0.02599	0.00950
1.00000	0.01015	0.00166	0.80000	0.06835	0.05902	0.00047	0.02303	0.02317	0.00180	0.01236
1.00000	0.05011	0.01052	0.01609	0.70504	0.00214	0.10245	0.00594	0.01159	0.07010	0.02601
1.00000	0.04049	0.00398	0.01942	0.04614	0.00714	0.23003	0.09094	0.00652	0.53877	0.01658
0.00000	0.02511	0.00117	0.38411	0.12691	0.00904	0.01250	0.00269	0.00736	0.41631	0.01481
1.00000	0.00247	0.00646	0.02003	0.87592	0.00061	0.01159	0.00090	0.01473	0.06395	0.00333
1.00000	0.00281	0.00065	0.00055	0.00341	0.09074	0.00369	0.00192	0.00766	0.05542	0.83315
1.00000	0.00006	0.00007	0.00055	0.00009	0.00087	0.00031	0.99762	0.00002	0.00027	0.00014
1.00000	0.00101	0.05170	0.00479	0.01500	0.01977	0.00171	0.00048	0.83704	0.00307	0.06544
1.00000	0.96220	0.00046	0.01158	0.00650	0.00126	0.00816	0.00460	0.00029	0.00056	0.00440
1.00000	0.88567	0.00191	0.04039	0.00671	0.00032	0.03608	0.01183	0.00419	0.00033	0.01258
1.00000	0.00566	0.00079	0.00911	0.03463	0.01271	0.79316	0.03151	0.00948	0.06869	0.03426
1.00000	0.06252	0.00759	0.73714	0.04171	0.00452	0.00986	0.12759	0.00059	0.00631	0.00218
1.00000	0.01475	0.00151	0.15356	0.79842	0.00031	0.00373	0.00106	0.00383	0.02265	0.00019
1.00000	0.02068	0.01948	0.57623	0.06275	0.02909	0.00444	0.01466	0.07758	0.11931	0.07580
1.00000	0.00833	0.00768	0.00252	0.00268	0.00770	0.77155	0.01616	0.00612	0.14519	0.03207
1.00000	0.01127	0.86864	0.00741	0.02991	0.01461	0.01487	0.02089	0.00723	0.01300	0.01217
1.00000	0.82816	0.00076	0.03998	0.00934	0.00715	0.00484	0.06211	0.02195	0.01557	0.01014
1.00000	0.01316	0.00130	0.18866	0.27424	0.00542	0.00334	0.00526	0.39322	0.08456	0.03085
1.00000	0.01569	0.00115	0.04543	0.01941	0.00076	0.03255	0.00368	0.00296	0.85344	0.02494
0.00000	0.00304	0.02093	0.00300	0.00451	0.22256	0.00591	0.00306	0.02717	0.01114	0.69871
1.00000	0.04053	0.00073	0.01026	0.00366	0.66515	0.02654	0.04141	0.00428	0.01306	0.19438
1.00000	0.00528	0.01044	0.44238	0.10025	0.00222	0.00194	0.01465	0.04263	0.37914	0.00107
1.00000	0.00237	0.05001	0.85387	0.02100	0.01695	0.00394	0.03737	0.00069	0.01346	0.00034
0.00000	0.01269	0.02782	0.01499	0.38691	0.03122	0.04742	0.03199	0.02887	0.31704	0.10107
