1.00000	0.00088	0.94660	0.00761	0.00090	0.00437	0.00888	0.00716	0.00095	0.00549	0.01716
1.00000	0.00153	0.00042	0.00151	0.00096	0.00145	0.00601	0.00019	0.97047	0.00079	0.01667
1.00000	0.85893	0.00057	0.02095	0.00093	0.00136	0.04675	0.03256	0.00861	0.01864	0.01070
1.00000	0.01796	0.00144	0.00202	0.01226	0.02365	0.81627	0.00772	0.01247	0.08858	0.01762
1.00000	0.00358	0.00112	0.00247	0.00265	0.72812	0.03159	0.00526	0.07092	0.03368	0.12062
0.00000	0.00463	0.02257	0.00327	0.00170	0.11363	0.03825	0.00161	0.37173	0.00237	0.44025
1.00000	0.00298	0.00035	0.00074	0.02323	0.00088	0.94767	0.00742	0.00498	0.00396	0.00780
1.00000	0.09586	0.00258	0.51167	0.06607	0.12792	0.01992	0.13636	0.00553	0.00580	0.02829
0.00000	0.00058	0.00469	0.02536	0.00673	0.05741	0.03136	0.00335	0.16679	0.00255	0.70118
1.00000	0.05846	0.02813	0.00732	0.01679	0.22198	0.11923	0.02598	0.12433	0.02088	0.37691
1.00000	0.00854	0.79348	0.03243	0.02030	0.02204	0.01618	0.00324	0.03135	0.02640	0.04603
1.00000	0.00282	0.00032	0.92412	0.00168	0.00196	0.00030	0.06192	0.00030	0.00247	0.00411
1.00000	0.00131	0.02074	0.00225	0.01390	0.65996	0.02847	0.00369	0.04669	0.00568	0.21731
1.00000	0.00627	0.87923	0.00234	0.00442	0.01038	0.01908	0.00597	0.01341	0.00585	0.05305
1.00000	0.00366	0.80582	0.01256	0.00386	0.00618	0.02689	0.00280	0.06832	0.00861	0.06128
1.00000	0.06213	0.01526	0.10434	0.20175	0.07743	0.16976	0.09739	0.11429	0.03417	0.12347
1.00000	0.00250	0.89890	0.00357	0.00431	0.02571	0.00419	0.00251	0.03368	0.01268	0.01196
1.00000	0.00552	0.00322	0.00582	0.00101	0.00174	0.10143	0.87238	0.00017	0.00810	0.00059
1.00000	0.00093	0.00233	0.00117	0.00032	0.83281	0.00541	0.01399	0.00749	0.00363	0.13192
1.00000	0.00037	0.00023	0.01133	0.01960	0.10413	0.01184	0.00734	0.05704	0.02798	0.76015
1.00000	0.03510	0.00023	0.01190	0.88377	0.00171	0.03802	0.00681	0.00278	0.01516	0.00453
1.00000	0.00032	0.00012	0.00084	0.00247	0.64502	0.04242	0.00398	0.00921	0.02711	0.26851
1.00000	0.00019	0.00006	0.00005	0.00042	0.02733	0.00691	0.00025	0.05556	0.00164	0.90759
1.00000	0.04963	0.03850	0.08458	0.21597	0.00628	0.04305	0.00965	0.01699	0.40419	0.13117
1.00000	0.00396	0.00019	0.00118	0.00064	0.01128	0.03732	0.00183	0.02819	0.02705	0.88837
1.00000	0.65425	0.00295	0.03434	0.03799	0.02817	0.02887	0.13725	0.02390	0.04014	0.01215
1.00000	0.01393	0.00180	0.00670	0.00324	0.00213	0.00607	0.00060	0.57824	0.01356	0.37372
1.00000	0.02992	0.00020	0.01865	0.00226	0.00173	0.00795	0.84581	0.02067	0.04693	0.02588
0.00000	0.01493	0.02839	0.03830	0.01075	0.12805	0.32667	0.03554	0.02544	0.30287	0.08906
1.00000	0.00305	0.00018	0.00175	0.00050	0.00114	0.00059	0.99205	0.00025	0.00024	0.00023
1.00000	0.01291	0.62507	0.04372	0.01286	0.05666	0.00704	0.01157	0.07423	0.08138	0.07455
1.00000	0.01129	0.00064	0.00801	0.86558	0.00057	0.07266	0.00500	0.00137	0.03300	0.00188
1.00000	0.00574	0.87198	0.00870	0.01533	0.00407	0.00485	0.00690	0.00141	0.02899	0.05202
1.00000	0.02415	0.00528	0.04303	0.01070	0.51162	0.02889	0.12804	0.07312	0.05461	0.12056
1.00000	0.00095	0.00015	0.01428	0.00007	0.00455	0.00781	0.94100	0.00053	0.02518	0.00548
1.00000	0.03577	0.07410	0.65279	0.07653	0.00724	0.02848	0.08065	0.01183	0.02158	0.01103
1.00000	0.00325	0.02163	0.00282	0.00955	0.09798	0.28027	0.04674	0.03719	0.38978	0.11078
1.00000	0.75435	0.00478	0.06784	0.01291	0.01124	0.00912	0.06699	0.04855	0.00602	0.01819
1.00000	0.00162	0.02926	0.01809	0.00764	0.44747	0.06676	0.01575	0.02895	0.00164	0.38282
1.00000	0.01200	0.01691	0.37638	0.02843	0.01465	0.02267	0.07951	0.07614	0.14259	0.23072
1.00000	0.10004	0.00538	0.00378	0.55888	0.00782	0.15443	0.02359	0.00395	0.13744	0.00470
1.00000	0.00430	0.00994	0.85931	0.03782	0.00288	0.02993	0.04294	0.00206	0.00671	0.00412
1.00000	0.98380	0.00021	0.00013	0.00069	0.00129	0.00524	0.00335	0.00462	0.00046	0.00021
1.00000	0.00192	0.00019	0.07484	0.02888	0.07763	0.03625	0.01260	0.04169	0.01720	0.70880
1.00000	0.04516	0.00467	0.66751	0.07557	0.01069	0.03139	0.02618	0.00495	0.13283	0.00106
1.00000	0.00603	0.89229	0.03893	0.00418	0.02297	0.01119	0.00348	0.00197	0.00468	0.01428
1.00000	0.01059	0.00982	0.08702	0.73210	0.00268	0.04681	0.01236	0.02692	0.03246	0.03925
1.00000	0.00176	0.00677	0.01550	0.80849	0.01542	0.03869	0.00212	0.02279	0.05944	0.02902
0.00000	0.00434	0.00434	0.00136	0.51712	0.00268	0.03337	0.00035	0.01143	0.34392	0.08108
1.00000	0.05676	0.00614	0.05874	0.12422	0.02527	0.61417	0.02054	0.02721	0.01783	0.04911
1.00000	0.02733	0.03827	0.04175	0.00760	0.41405	0.03323	0.11336	0.05621	0.11760	0.15061
1.00000	0.01000	0.00020	0.00029	0.00520	0.00340	0.10730	0.86995	0.00023	0.00259	0.00084
1.00000	0.02017	0.03611	0.03117	0.01531	0.00097	0.04364	0.00048	0.77798	0.00241	0.07178
1.00000	0.06712	0.02492	0.01316	0.00756	0.01584	0.01874	0.01103	0.66062	0.01292	0.16809
1.00000	0.01226	0.00678	0.00121	0.14828	0.00268	0.66741	0.00797	0.00655	0.13901	0.00785
1.00000	0.00124	0.00323	0.00976	0.00724	0.07677	0.01714	0.01482	0.03412	0.00196	0.83372
1.00000	0.00176	0.00059	0.00759	0.00133	0.84202	0.03706	0.00822	0.00760	0.00974	0.08411
1.00000	0.00802	0.00615	0.04785	0.00383	0.63392	0.01045	0.05389	0.10289	0.00573	0.12727
1.00000	0.74344	0.00562	0.03178	0.05677	0.01266	0.02256	0.06154	0.00642	0.03980	0.01942
1.00000	0.04078	0.00290	0.00332	0.03577	0.04279	0.17086	0.00694	0.04740	0.33016	0.31907
1.00000	0.00755	0.01737	0.01743	0.05983	0.06175	0.61331	0.15960	0.00194	0.00979	0.05144
1.00000	0.34288	0.02553	0.01457	0.06177	0.00679	0.24404	0.05164	0.15945	0.00416	0.08917
1.00000	0.00470	0.00193	0.00215	0.00403	0.51248	0.08883	0.08709	0.08940	0.03594	0.17346
1.00000	0.00019	0.00016	0.00861	0.00130	0.01812	0.01486	0.00266	0.05670	0.00100	0.89639
1.00000	0.00838	0.00756	0.00471	0.04573	0.00156	0.00420	0.00137	0.91080	0.00165	0.01405
1.00000	0.01218	0.02142	0.00175	0.00190	0.01430	0.00927	0.00302	0.77634	0.00724	0.15259
1.00000	0.06113	0.00645	0.08244	0.00826	0.10707	0.01433	0.05876	0.09415	0.00990	0.55750
1.00000	0.00342	0.00269	0.00735	0.08338	0.00198	0.00499	0.00127	0.66215	0.02999	0.20279
1.00000	0.00051	0.00009	0.00647	0.00209	0.06255	0.01500	0.00023	0.12879	0.00117	0.78310
1.00000	0.13110	0.01901	0.14007	0.03230	0.07084	0.00436	0.56976	0.01634	0.00736	0.00887
1.00000	0.86460	0.00081	0.02336	0.00158	0.00258	0.03238	0.05447	0.00367	0.01346	0.00309
1.00000	0.11282	0.00241	0.00708	0.21858	0.05053	0.50838	0.06056	0.02169	0.00410	0.01384
1.00000	0.00384	0.02496	0.00519	0.01961	0.01439	0.84593	0.00042	0.01377	0.02337	0.04853
1.00000	0.01750	0.00585	0.06069	0.02769	0.05019	0.00844	0.72148	0.03765	0.03380	0.03670
1.00000	0.00747	0.00146	0.02402	0.00052	0.04653	0.10468	0.80303	0.00086	0.00955	0.00187
1.00000	0.00860	0.04769	0.05131	0.00535	0.04378	0.70789	0.05236	0.02278	0.01169	0.04854
0.00000	0.00363	0.00182	0.02110	0.02041	0.01289	0.01529	0.00253	0.42362	0.04335	0.45536
0.00000	0.22239	0.02134	0.04044	0.07305	0.02167	0.26202	0.02056	0.23914	0.00240	0.09700
1.00000	0.02381	0.00522	0.00100	0.00074	0.00890	0.00438	0.00040	0.87416	0.01161	0.06978
1.00000	0.01620	0.05876	0.00113	0.01239	0.02864	0.67853	0.02945	0.07259	0.06989	0.03243
1.00000	0.00017	0.00083	0.01628	0.00224	0.04655	0.01558	0.00225	0.10914	0.00288	0.80409
1.00000	0.00140	0.00148	0.00566	0.01797	0.48575	0.05233	0.20228	0.02531	0.03063	0.17720
1.00000	0.01179	0.01071	0.05529	0.00541	0.77309	0.00888	0.02969	0.05718	0.00720	0.04076
1.00000	0.00366	0.00006	0.00491	0.00090	0.10368	0.00121	0.00099	0.01233	0.00484	0.86743
1.00000	0.00075	0.00112	0.94214	0.02268	0.00020	0.00221	0.01926	0.01007	0.00111	0.00044
1.00000	0.90390	0.00046	0.00886	0.01942	0.00086	0.02525	0.01507	0.00565	0.01998	0.00055
1.00000	0.06470	0.01087	0.44025	0.02793	0.06777	0.05011	0.23890	0.00965	0.06485	0.02496
0.00000	0.00420	0.00013	0.00019	0.00024	0.05760	0.01008	0.00025	0.36070	0.00083	0.56579
1.00000	0.00247	0.92576	0.00230	0.00144	0.00358	0.01072	0.00189	0.01103	0.00965	0.03117
1.00000	0.00958	0.03561	0.02814	0.59392	0.03173	0.16075	0.05561	0.00202	0.06439	0.01825
1.00000	0.00731	0.00966	0.91741	0.00579	0.01763	0.00706	0.01435	0.00192	0.01517	0.00370
1.00000	0.77124	0.00177	0.04639	0.01721	0.01514	0.02148	0.02794	0.03897	0.00756	0.05230
1.00000	0.01088	0.00049	0.01293	0.00489	0.00759	0.03832	0.92220	0.00069	0.00177	0.00025
1.00000	0.00286	0.86857	0.02648	0.00292	0.01007	0.00368	0.01457	0.00689	0.00624	0.05771
1.00000	0.01331	0.00225	0.00059	0.00079	0.00086	0.00103	0.00094	0.93176	0.00429	0.04419
1.00000	0.02329	0.00513	0.00711	0.02637	0.17431	0.04370	0.00635	0.53862	0.03259	0.14254
1.00000	0.14891	0.00166	0.01297	0.02797	0.18999	0.12674	0.01794	0.30929	0.00729	0.15723
0.00000	0.01154	0.00042	0.00067	0.03329	0.07367	0.01634	0.00531	0.05068	0.03075	0.77733
1.00000	0.02196	0.00854	0.01359	0.00299	0.75450	0.00375	0.07052	0.07432	0.02744	0.02240
1.00000	0.00118	0.00378	0.00011	0.00175	0.00269	0.00115	0.00225	0.96577	0.00024	0.02109
1.00000	0.01127	0.05776	0.01927	0.00304	0.04104	0.07842	0.00896	0.53704	0.02990	0.21331
0.00000	0.00114	0.00074	0.10272	0.01504	0.38280	0.01765	0.35314	0.05235	0.00951	0.06490
1.00000	0.00037	0.00303	0.00071	0.01725	0.00004	0.00355	0.00034	0.00056	0.95961	0.01454
0.00000	0.00933	0.03983	0.03919	0.01121	0.34178	0.00930	0.13254	0.33792	0.00663	0.07225
1.00000	0.11822	0.01469	0.35209	0.20958	0.01285	0.02891	0.09092	0.00306	0.16708	0.00262
1.00000	0.00210	0.00118	0.00205	0.02347	0.00342	0.88565	0.01116	0.00415	0.06501	0.00182
1.00000	0.02558	0.00447	0.02467	0.00318	0.69478	0.06554	0.06901	0.03675	0.05176	0.02427
1.00000	0.02173	0.03925	0.05208	0.70913	0.02246	0.09380	0.00441	0.01030	0.02327	0.02357
1.00000	0.00311	0.00395	0.00109	0.00342	0.52806	0.03086	0.04269	0.01363	0.00226	0.37092
1.00000	0.01279	0.00036	0.00008	0.00023	0.00128	0.00067	0.00013	0.92854	0.00203	0.05388
0.00000	0.18978	0.01700	0.14550	0.10736	0.08520	0.12673	0.07974	0.04515	0.02943	0.17411
1.00000	0.03972	0.00162	0.00860	0.02291	0.00128	0.03657	0.01468	0.01163	0.79090	0.07208
1.00000	0.00265	0.00188	0.00205	0.01544	0.03686	0.02185	0.00429	0.05249	0.80798	0.05451
1.00000	0.00062	0.02675	0.00090	0.00282	0.00577	0.05013	0.00029	0.78888	0.00152	0.12231
1.00000	0.01919	0.72740	0.00927	0.02609	0.00890	0.03846	0.01833	0.01242	0.00876	0.13117
1.00000	0.05634	0.00204	0.04103	0.64162	0.00263	0.19503	0.00748	0.00836	0.04325	0.00222
1.00000	0.00175	0.00026	0.01019	0.00046	0.00918	0.01776	0.95859	0.00022	0.00129	0.00030
1.00000	0.00086	0.00011	0.00100	0.00010	0.05300	0.00703	0.00061	0.06032	0.00935	0.86762
1.00000	0.00541	0.81013	0.04410	0.00485	0.02179	0.01533	0.00310	0.00847	0.01324	0.07359
1.00000	0.00120	0.04865	0.00136	0.00932	0.00511	0.02455	0.00251	0.88178	0.00114	0.02439
1.00000	0.00175	0.00134	0.03539	0.01797	0.57267	0.02147	0.16910	0.01396	0.02467	0.14168
0.00000	0.02670	0.03186	0.17327	0.03123	0.34296	0.11538	0.17575	0.04307	0.00649	0.05329
1.00000	0.05545	0.01053	0.25329	0.46728	0.01139	0.07638	0.05141	0.03627	0.02127	0.01673
1.00000	0.78455	0.01334	0.01727	0.00413	0.04194	0.04688	0.01770	0.03659	0.03621	0.00140
1.00000	0.01816	0.06785	0.01553	0.03391	0.02125	0.43621	0.01075	0.09988	0.03016	0.26630
1.00000	0.02778	0.00674	0.01326	0.73230	0.00266	0.10564	0.02013	0.03580	0.04793	0.00774
1.00000	0.01123	0.03425	0.61343	0.02197	0.02847	0.00401	0.21294	0.04230	0.00984	0.02156
1.00000	0.00940	0.00368	0.08595	0.69039	0.03327	0.01881	0.01048	0.00300	0.13908	0.00594
1.00000	0.08392	0.00197	0.01059	0.27176	0.00940	0.59101	0.00236	0.00920	0.01743	0.00236
1.00000	0.00329	0.00044	0.00513	0.07839	0.00606	0.88120	0.00056	0.00427	0.01881	0.00184
1.00000	0.00027	0.00006	0.00007	0.00015	0.02517	0.00142	0.00009	0.05397	0.00120	0.91762
0.00000	0.03838	0.00477	0.05423	0.16038	0.05746	0.19686	0.04960	0.04635	0.14489	0.24708
1.00000	0.00054	0.00009	0.00168	0.00227	0.00162	0.00646	0.98309	0.00031	0.00325	0.00069
1.00000	0.00459	0.00147	0.00262	0.00199	0.76597	0.01030	0.03452	0.02540	0.01466	0.13848
1.00000	0.94660	0.00018	0.01012	0.00503	0.00048	0.00842	0.02171	0.00442	0.00224	0.00079
1.00000	0.01148	0.00287	0.01726	0.01235	0.00921	0.06659	0.00409	0.02966	0.50673	0.33977
1.00000	0.95777	0.00009	0.00138	0.00226	0.00352	0.01083	0.00599	0.00806	0.00900	0.00111
1.00000	0.02348	0.03215	0.03636	0.05451	0.01220	0.06192	0.02439	0.58697	0.01546	0.15257
0.00000	0.26019	0.00706	0.17702	0.20557	0.04072	0.14792	0.10238	0.02351	0.02346	0.01218
0.00000	0.03113	0.03903	0.00913	0.02848	0.09064	0.10585	0.04046	0.31227	0.28837	0.05463
1.00000	0.00913	0.02097	0.02244	0.27478	0.00774	0.10251	0.08451	0.01260	0.46127	0.00405
1.00000	0.06998	0.01240	0.00921	0.13691	0.00470	0.29300	0.12531	0.01123	0.33119	0.00608
1.00000	0.00400	0.00281	0.00092	0.00110	0.00247	0.00601	0.00036	0.95694	0.00274	0.02265
0.00000	0.00837	0.08336	0.23667	0.24560	0.00231	0.07170	0.02818	0.10312	0.14968	0.07101
1.00000	0.00111	0.00128	0.05590	0.00816	0.05263	0.03224	0.81761	0.00708	0.01364	0.01035
1.00000	0.80393	0.00313	0.00442	0.00569	0.02702	0.04857	0.02198	0.07735	0.00569	0.00222
1.00000	0.02682	0.02762	0.00368	0.00615	0.02151	0.76242	0.02227	0.00326	0.03618	0.09008
1.00000	0.02395	0.00216	0.01936	0.19363	0.00710	0.50887	0.01493	0.02451	0.16832	0.03717
1.00000	0.03110	0.00330	0.82616	0.04779	0.01553	0.00803	0.02141	0.01459	0.01501	0.01709
1.00000	0.00510	0.00549	0.00329	0.03891	0.00398	0.84272	0.03953	0.00855	0.05128	0.00116
1.00000	0.01098	0.52756	0.02566	0.05551	0.03437	0.05563	0.01773	0.02349	0.04629	0.20277
1.00000	0.00196	0.00023	0.00788	0.96643	0.00027	0.00492	0.00104	0.00330	0.01201	0.00196
1.00000	0.03053	0.00674	0.10770	0.00501	0.08004	0.01269	0.72536	0.01323	0.00709	0.01160
1.00000	0.09503	0.01508	0.04876	0.00557	0.63068	0.05128	0.07574	0.01806	0.03837	0.02143
1.00000	0.00264	0.06969	0.01384	0.03475	0.01141	0.01241	0.00239	0.63467	0.00504	0.21316
1.00000	0.01503	0.00788	0.01504	0.00056	0.82333	0.04631	0.01667	0.03604	0.00301	0.03614
1.00000	0.92862	0.00072	0.00223	0.01016	0.00150	0.02271	0.00725	0.01613	0.00747	0.00321
1.00000	0.08352	0.01371	0.39666	0.14090	0.00268	0.02459	0.00599	0.00832	0.31571	0.00792
1.00000	0.27303	0.00449	0.18720	0.00719	0.02860	0.04155	0.20337	0.17309	0.00522	0.07627
0.00000	0.03787	0.01125	0.21559	0.29176	0.00179	0.02287	0.03594	0.25467	0.09608	0.03217
1.00000	0.00096	0.00072	0.00122	0.00436	0.03132	0.02289	0.05509	0.02455	0.00694	0.85193
1.00000	0.04597	0.00451	0.71571	0.08625	0.00174	0.04937	0.04861	0.02279	0.01637	0.00869
1.00000	0.00604	0.00344	0.00979	0.06745	0.00836	0.80978	0.02049	0.02680	0.01745	0.03041
1.00000	0.32852	0.00133	0.34445	0.01723	0.00477	0.04980	0.18433	0.01492	0.03397	0.02068
0.00000	0.01339	0.00617	0.03900	0.00336	0.31150	0.06758	0.26735	0.02430	0.04029	0.22707
1.00000	0.00110	0.00608	0.01463	0.02218	0.05708	0.01978	0.02892	0.03849	0.02917	0.78257
1.00000	0.00041	0.00007	0.00111	0.00064	0.05870	0.00514	0.00046	0.09774	0.00040	0.83533
1.00000	0.06728	0.00347	0.21081	0.01346	0.04941	0.05679	0.51066	0.02273	0.02882	0.03657
1.00000	0.02627	0.03053	0.09380	0.09203	0.00143	0.04747	0.00785	0.04693	0.57237	0.08131
1.00000	0.18225	0.00201	0.62528	0.01510	0.00175	0.00696	0.06923	0.07708	0.01825	0.00210
1.00000	0.65887	0.00090	0.03359	0.01051	0.00963	0.03569	0.11303	0.04760	0.05982	0.03036
1.00000	0.00403	0.01334	0.04159	0.07697	0.00196	0.05095	0.00648	0.02282	0.70113	0.08075
1.00000	0.00515	0.01962	0.00968	0.01028	0.00608	0.83704	0.04759	0.00801	0.05587	0.00069
1.00000	0.00514	0.00151	0.00377	0.01102	0.61157	0.03725	0.03206	0.03369	0.01039	0.25360
1.00000	0.00260	0.00021	0.00212	0.00061	0.01035	0.02147	0.96041	0.00098	0.00107	0.00019
1.00000	0.01953	0.00203	0.02460	0.00166	0.45368	0.02171	0.06369	0.01687	0.06437	0.33185
1.00000	0.00405	0.00036	0.00103	0.00877	0.00225	0.00054	0.00051	0.96260	0.00059	0.01929
1.00000	0.01722	0.00400	0.01095	0.65023	0.00279	0.07748	0.00436	0.06867	0.04718	0.11712
1.00000	0.02944	0.00303	0.02048	0.00768	0.01072	0.10334	0.00826	0.01244	0.77720	0.02741
0.00000	0.02704	0.02274	0.24555	0.11617	0.00144	0.02000	0.03068	0.08675	0.42145	0.02819
1.00000	0.28488	0.02057	0.06331	0.00899	0.07725	0.00619	0.19301	0.25126	0.00618	0.08836
1.00000	0.00949	0.00369	0.01138	0.61059	0.03102	0.11781	0.02121	0.01873	0.13768	0.03840
1.00000	0.00899	0.00250	0.00143	0.00499	0.00671	0.06736	0.89239	0.00077	0.01229	0.00256
1.00000	0.00125	0.92156	0.00527	0.00112	0.00388	0.00114	0.02241	0.01257	0.00331	0.02749
1.00000	0.00965	0.00153	0.00757	0.85080	0.00213	0.04146	0.00502	0.00686	0.03795	0.03702
0.00000	0.18717	0.00140	0.02194	0.35802	0.00736	0.06159	0.00174	0.00752	0.32139	0.03187
1.00000	0.01578	0.01960	0.04682	0.12022	0.04195	0.04940	0.04620	0.05416	0.42223	0.18365
1.00000	0.01235	0.01102	0.00122	0.00050	0.00964	0.90549	0.02170	0.01713	0.01393	0.00704
0.00000	0.16642	0.00553	0.11343	0.22712	0.01489	0.12633	0.06689	0.06944	0.13252	0.07742
1.00000	0.02628	0.00496	0.06609	0.66755	0.00638	0.01229	0.00890	0.00755	0.19700	0.00300
1.00000	0.24268	0.00361	0.07051	0.42060	0.00081	0.02941	0.04492	0.07888	0.10699	0.00160
1.00000	0.01959	0.00059	0.00315	0.00746	0.60370	0.04215	0.03246	0.04392	0.03592	0.21106
1.00000	0.03251	0.01508	0.17590	0.51978	0.00465	0.04461	0.04814	0.04386	0.10770	0.00776
0.00000	0.00296	0.01598	0.54249	0.09823	0.04578	0.04284	0.05782	0.12320	0.03466	0.03603
1.00000	0.16555	0.02296	0.11097	0.06776	0.03347	0.12028	0.02421	0.04630	0.30290	0.10558
1.00000	0.01069	0.04018	0.10369	0.21039	0.02031	0.18911	0.01443	0.04531	0.34721	0.01868
1.00000	0.94995	0.00014	0.00126	0.00383	0.00091	0.02947	0.00412	0.00847	0.00107	0.00079
1.00000	0.00544	0.00052	0.00098	0.07478	0.00241	0.90162	0.00203	0.00633	0.00447	0.00143
1.00000	0.00342	0.00139	0.10296	0.84525	0.00092	0.02824	0.00169	0.00657	0.00922	0.00035
1.00000	0.02534	0.01232	0.02313	0.00237	0.62013	0.04736	0.13739	0.08044	0.01557	0.03595
1.00000	0.01228	0.02388	0.02458	0.00544	0.57927	0.08405	0.07395	0.03689	0.01179	0.14787
1.00000	0.00045	0.00003	0.00180	0.00132	0.00153	0.00088	0.00010	0.04563	0.00267	0.94560
1.00000	0.08063	0.00554	0.00462	0.01731	0.11441	0.11922	0.01832	0.16371	0.06074	0.41549
1.00000	0.00330	0.00138	0.08811	0.82811	0.00198	0.03322	0.01744	0.01487	0.01075	0.00083
1.00000	0.00112	0.00621	0.03118	0.02965	0.02617	0.00769	0.04250	0.09456	0.02264	0.73828
1.00000	0.02989	0.01158	0.00344	0.00623	0.02657	0.32959	0.01798	0.00426	0.34067	0.22980
1.00000	0.00049	0.00003	0.00020	0.00045	0.03295	0.02056	0.00129	0.03561	0.00089	0.90753
1.00000	0.01783	0.00428	0.00213	0.07206	0.00385	0.10347	0.02657	0.00935	0.58681	0.17365
1.00000	0.96064	0.00042	0.00645	0.00390	0.00138	0.01309	0.00684	0.00522	0.00174	0.00034
1.00000	0.00475	0.79752	0.02531	0.00540	0.01033	0.01483	0.01690	0.00486	0.02145	0.09864
1.00000	0.02252	0.00256	0.01574	0.47778	0.00410	0.06911	0.00045	0.00705	0.24078	0.15991
1.00000	0.88585	0.00012	0.00069	0.01017	0.00031	0.05049	0.02991	0.00129	0.02023	0.00094
1.00000	0.01814	0.00648	0.64365	0.02514	0.15395	0.00472	0.01060	0.05098	0.00208	0.08426
1.00000	0.00461	0.00027	0.00026	0.00507	0.01068	0.00581	0.00061	0.18688	0.00928	0.77653
1.00000	0.00251	0.00569	0.00088	0.00076	0.01026	0.00653	0.00013	0.83397	0.00757	0.13169
1.00000	0.01394	0.00526	0.00370	0.03262	0.00947	0.21769	0.14836	0.00223	0.56044	0.00629
1.00000	0.15675	0.00195	0.02137	0.01850	0.08416	0.04566	0.02427	0.56583	0.01212	0.06940
1.00000	0.97641	0.00016	0.00626	0.00117	0.00023	0.00108	0.00239	0.01137	0.00068	0.00023
1.00000	0.00142	0.00020	0.00023	0.00389	0.03761	0.00754	0.00188	0.06073	0.00311	0.88338
1.00000	0.04406	0.01783	0.07113	0.00753	0.02489	0.00140	0.81270	0.00573	0.00330	0.01142
1.00000	0.00100	0.05407	0.00109	0.00228	0.00076	0.03949	0.00027	0.83616	0.00067	0.06420
1.00000	0.00367	0.00068	0.00175	0.00413	0.79054	0.03599	0.04945	0.01957	0.00620	0.08801
1.00000	0.00513	0.00082	0.00053	0.00237	0.01156	0.00685	0.00078	0.84391	0.00129	0.12676
1.00000	0.01613	0.61347	0.11091	0.04177	0.01723	0.02652	0.02874	0.03194	0.05882	0.05447
1.00000	0.00077	0.00008	0.00054	0.01362	0.01445	0.07750	0.00025	0.04363	0.03622	0.81293
1.00000	0.06148	0.01656	0.49203	0.22703	0.00264	0.00658	0.02896	0.13049	0.00453	0.02972
1.00000	0.17434	0.00672	0.41461	0.09552	0.01182	0.10902	0.01746	0.10775	0.03085	0.03191
1.00000	0.00330	0.00168	0.67283	0.21981	0.00580	0.00257	0.03818	0.00852	0.04180	0.00551
1.00000	0.00592	0.85264	0.01500	0.01087	0.01659	0.01779	0.01009	0.00759	0.00759	0.05591
1.00000	0.00103	0.02326	0.01725	0.03357	0.00221	0.03656	0.01533	0.00145	0.83197	0.03737
1.00000	0.00241	0.00070	0.00570	0.83092	0.00093	0.00918	0.00090	0.00521	0.10920	0.03484
1.00000	0.00738	0.00100	0.00739	0.93292	0.00216	0.02150	0.00206	0.00851	0.01552	0.00155
1.00000	0.00138	0.00269	0.02705	0.90138	0.00246	0.01217	0.00158	0.01152	0.03801	0.00176
1.00000	0.00287	0.00094	0.00086	0.00352	0.01947	0.00158	0.00330	0.91572	0.00023	0.05154
1.00000	0.66696	0.00291	0.04290	0.06229	0.00564	0.04317	0.06866	0.08901	0.00297	0.01549
0.00000	0.33161	0.01110	0.01465	0.04314	0.03927	0.07048	0.16645	0.03659	0.09145	0.19527
1.00000	0.43363	0.04819	0.03500	0.00566	0.09206	0.01819	0.10327	0.19306	0.02248	0.04846
1.00000	0.01460	0.00138	0.00512	0.48201	0.00557	0.05961	0.01375	0.02161	0.34827	0.04809
1.00000	0.00155	0.93182	0.00592	0.01730	0.00216	0.00628	0.00202	0.00240	0.00322	0.02733
1.00000	0.00759	0.00392	0.00102	0.66850	0.00094	0.24459	0.00803	0.01763	0.02572	0.02206
1.00000	0.00927	0.00507	0.00154	0.00517	0.01981	0.06234	0.05325	0.78666	0.00733	0.04956
1.00000	0.01373	0.00064	0.00032	0.05920	0.00391	0.83292	0.06974	0.00236	0.01517	0.00201
1.00000	0.07614	0.26696	0.00958	0.03267	0.00331	0.48895	0.06477	0.01016	0.01500	0.03246
1.00000	0.00477	0.00648	0.00508	0.05832	0.00589	0.04376	0.00362	0.07052	0.69554	0.10604
1.00000	0.00299	0.02794	0.00186	0.00501	0.01706	0.02169	0.00115	0.65412	0.00092	0.26726
1.00000	0.00573	0.00107	0.01004	0.14092	0.00686	0.01107	0.00339	0.03416	0.66616	0.12058
1.00000	0.00426	0.04969	0.00220	0.00204	0.63884	0.01396	0.02500	0.00710	0.02180	0.23512
1.00000	0.00611	0.00811	0.00286	0.02235	0.00188	0.81447	0.00844	0.00743	0.12559	0.00274
1.00000	0.03122	0.00742	0.00526	0.00070	0.87757	0.01246	0.03991	0.00802	0.00171	0.01571
1.00000	0.06261	0.01094	0.69490	0.01208	0.05748	0.02351	0.09284	0.01210	0.02275	0.01080
1.00000	0.00416	0.01297	0.00043	0.00198	0.02876	0.01633	0.00325	0.06089	0.05574	0.81551
1.00000	0.00101	0.93337	0.00157	0.00226	0.00395	0.00657	0.00079	0.02935	0.00687	0.01426
1.00000	0.00212	0.00310	0.00273	0.00307	0.53833	0.04989	0.01171	0.01749	0.00119	0.37038
1.00000	0.00384	0.00325	0.02055	0.15761	0.00156	0.06926	0.00273	0.01099	0.69534	0.03487
1.00000	0.00012	0.00007	0.00021	0.00022	0.04170	0.00160	0.00034	0.06791	0.00090	0.88694
1.00000	0.09814	0.00389	0.05565	0.05156	0.00752	0.50349	0.00542	0.08525	0.13717	0.05191
0.00000	0.01121	0.07633	0.04890	0.18038	0.18673	0.18531	0.03256	0.08022	0.01692	0.18145
1.00000	0.00081	0.02872	0.00145	0.01047	0.00034	0.03035	0.00048	0.02621	0.86935	0.03181
1.00000	0.01761	0.01265	0.04288	0.28335	0.00203	0.00625	0.03033	0.01840	0.58238	0.00412
1.00000	0.89258	0.00092	0.01229	0.00861	0.00249	0.03804	0.02176	0.00219	0.01420	0.00692
1.00000	0.01901	0.00328	0.01186	0.09319	0.04635	0.39941	0.34148	0.00161	0.06172	0.02210
1.00000	0.09715	0.00952	0.32281	0.12935	0.04963	0.03788	0.10046	0.02605	0.21700	0.01015
1.00000	0.02241	0.00019	0.00045	0.01424	0.00676	0.31783	0.61609	0.00080	0.02063	0.00058
1.00000	0.09819	0.01057	0.10007	0.07143	0.00209	0.02188	0.01997	0.61100	0.04981	0.01499
1.00000	0.01590	0.00430	0.00931	0.70854	0.00601	0.10058	0.00698	0.02885	0.02754	0.09199
1.00000	0.00109	0.00011	0.02291	0.00226	0.02931	0.00675	0.00107	0.04397	0.00353	0.88900
1.00000	0.00255	0.00160	0.83006	0.06564	0.03217	0.00241	0.02457	0.00410	0.02619	0.01072
1.00000	0.00776	0.00350	0.00648	0.03757	0.00435	0.02044	0.00945	0.02638	0.84993	0.03414
1.00000	0.03975	0.01332	0.01283	0.00188	0.04370	0.68553	0.09234	0.00265	0.01717	0.09083
0.00000	0.02730	0.02757	0.19302	0.04588	0.05130	0.03171	0.09703	0.18817	0.16795	0.17007
1.00000	0.00039	0.00042	0.00027	0.00267	0.01953	0.02327	0.00039	0.02137	0.00303	0.92863
1.00000	0.00709	0.00343	0.89332	0.01278	0.00184	0.02095	0.01604	0.03689	0.00202	0.00563
1.00000	0.00203	0.00038	0.02986	0.00282	0.02556	0.00139	0.85302	0.00778	0.06784	0.00933
1.00000	0.00167	0.00048	0.00674	0.00086	0.04414	0.01360	0.00065	0.12384	0.00562	0.80238
1.00000	0.00074	0.00364	0.77918	0.08291	0.00846	0.01025	0.07296	0.03079	0.00245	0.00862
1.00000	0.92351	0.00005	0.00406	0.00202	0.00024	0.03095	0.00344	0.01573	0.01824	0.00177
1.00000	0.02102	0.07806	0.01333	0.01451	0.02557	0.13617	0.59849	0.00512	0.05643	0.05131
0.00000	0.00650	0.00124	0.11075	0.19185	0.00236	0.06690	0.00453	0.00899	0.54753	0.05936
1.00000	0.88342	0.00141	0.00312	0.02049	0.00895	0.01056	0.02143	0.00749	0.04229	0.00083
1.00000	0.14156	0.00462	0.03468	0.02137	0.07943	0.27519	0.39776	0.03445	0.00795	0.00299
1.00000	0.37055	0.01000	0.05543	0.04911	0.02172	0.30940	0.01916	0.13955	0.00175	0.02334
1.00000	0.02465	0.02306	0.02473	0.73463	0.00834	0.10112	0.04437	0.00312	0.03242	0.00356
1.00000	0.01411	0.04282	0.75283	0.06559	0.00301	0.03272	0.04807	0.01769	0.00711	0.01605
1.00000	0.00065	0.00033	0.00477	0.00066	0.00167	0.00029	0.98584	0.00072	0.00477	0.00028
1.00000	0.00700	0.03848	0.01311	0.03364	0.05730	0.03944	0.01499	0.08861	0.04071	0.66673
1.00000	0.00168	0.00338	0.00026	0.00253	0.00036	0.00098	0.00021	0.88975	0.00052	0.10033
1.00000	0.03787	0.00030	0.00778	0.00199	0.02608	0.00356	0.00234	0.07643	0.00853	0.83512
1.00000	0.78319	0.00092	0.00644	0.01264	0.00286	0.09519	0.00342	0.01620	0.03032	0.04882
1.00000	0.01512	0.00030	0.00539	0.00216	0.03670	0.01336	0.00388	0.14549	0.01984	0.75776
0.00000	0.17268	0.02517	0.01086	0.43965	0.00524	0.02353	0.02838	0.01465	0.27287	0.00697
1.00000	0.04123	0.00523	0.04991	0.02981	0.01654	0.04233	0.01476	0.03193	0.44002	0.32824
1.00000	0.00062	0.00143	0.10629	0.01907	0.13792	0.00745	0.67315	0.02190	0.00435	0.02783
1.00000	0.00394	0.00242	0.00174	0.00215	0.01403	0.00955	0.00270	0.75599	0.00527	0.20221
1.00000	0.09772	0.00825	0.00114	0.05114	0.02241	0.71264	0.01374	0.02104	0.05436	0.01756
1.00000	0.87413	0.00044	0.00742	0.00302	0.00088	0.07795	0.01934	0.00315	0.00977	0.00391
1.00000	0.00279	0.94268	0.00392	0.00183	0.00211	0.00565	0.00581	0.00658	0.00229	0.02633
0.00000	0.35279	0.01804	0.02946	0.16841	0.00565	0.30061	0.07387	0.02179	0.02066	0.00872
1.00000	0.03789	0.00233	0.71298	0.00583	0.06678	0.00660	0.03092	0.04577	0.01883	0.07207
1.00000	0.01611	0.00018	0.00022	0.00907	0.00258	0.92464	0.00222	0.00118	0.04257	0.00125
1.00000	0.01071	0.00619	0.08198	0.03581	0.47660	0.01501	0.06972	0.02205	0.04255	0.23939
1.00000	0.00058	0.01325	0.00599	0.03121	0.04871	0.01402	0.00731	0.83475	0.01114	0.03306
0.00000	0.02015	0.01912	0.26455	0.39094	0.00419	0.01155	0.03106	0.15018	0.09778	0.01047
1.00000	0.02305	0.00637	0.02831	0.09280	0.01015	0.04022	0.02037	0.00381	0.76248	0.01245
1.00000	0.00037	0.00002	0.00131	0.00096	0.00134	0.04450	0.94688	0.00008	0.00368	0.00086
1.00000	0.06649	0.00405	0.01836	0.01163	0.08615	0.00312	0.60665	0.02031	0.08421	0.09903
1.00000	0.00099	0.95850	0.00547	0.00241	0.00364	0.00699	0.00128	0.00210	0.00293	0.01569
0.00000	0.55069	0.00685	0.14060	0.10028	0.02809	0.02765	0.02755	0.04175	0.06138	0.01515
1.00000	0.00046	0.00077	0.00018	0.01286	0.00245	0.00048	0.00038	0.97458	0.00046	0.00738
1.00000	0.01482	0.05385	0.51509	0.04210	0.09347	0.00735	0.07570	0.07947	0.04041	0.07774
0.00000	0.21587	0.00380	0.11304	0.21680	0.00625	0.09711	0.03042	0.00811	0.29173	0.01686
1.00000	0.04645	0.00535	0.02523	0.10501	0.01594	0.52306	0.08432	0.01002	0.13141	0.05320
1.00000	0.00061	0.00019	0.00040	0.00258	0.00337	0.00116	0.00014	0.94843	0.01221	0.03091
1.00000	0.04510	0.00092	0.00156	0.04151	0.05734	0.13353	0.65231	0.00288	0.03930	0.02555
1.00000	0.90573	0.00257	0.02194	0.01627	0.00146	0.00360	0.03593	0.00964	0.00193	0.00094
1.00000	0.01214	0.00145	0.01907	0.59317	0.00226	0.18252	0.03029	0.00274	0.10985	0.04651
1.00000	0.00067	0.00018	0.00020	0.00046	0.69503	0.00506	0.00157	0.01246	0.00115	0.28322
1.00000	0.00280	0.00176	0.91199	0.00687	0.00929	0.00169	0.05401	0.00248	0.00203	0.00709
1.00000	0.02277	0.00231	0.00499	0.00873	0.43367	0.08679	0.07393	0.09452	0.07113	0.20117
1.00000	0.01865	0.02660	0.00962	0.09565	0.00106	0.77650	0.04012	0.00481	0.01674	0.01025
1.00000	0.03537	0.70334	0.03356	0.01974	0.02840	0.02768	0.08837	0.00213	0.02020	0.04122
1.00000	0.00815	0.04912	0.02891	0.04484	0.15961	0.03452	0.02258	0.46392	0.02526	0.16309
1.00000	0.01392	0.02441	0.14103	0.05767	0.02751	0.03279	0.15653	0.06544	0.47144	0.00926
1.00000	0.66512	0.00182	0.12536	0.00949	0.02951	0.02145	0.10021	0.01848	0.00356	0.02500
1.00000	0.00742	0.91470	0.00859	0.00533	0.00886	0.01040	0.00620	0.00479	0.01252	0.02119
1.00000	0.00612	0.02495	0.07923	0.00426	0.75986	0.01585	0.02426	0.03125	0.01010	0.04411
1.00000	0.00258	0.00115	0.00474	0.06633	0.65119	0.00702	0.02015	0.17646	0.02724	0.04314
1.00000	0.03420	0.00856	0.01183	0.06940	0.03622	0.70917	0.00789	0.02965	0.07572	0.01736
1.00000	0.01126	0.02863	0.00439	0.02479	0.08951	0.55664	0.00179	0.13192	0.14332	0.00775
1.00000	0.00243	0.00012	0.01818	0.00347	0.02350	0.00310	0.00102	0.02280	0.03248	0.89290
1.00000	0.83850	0.00063	0.01411	0.01346	0.00769	0.02255	0.02843	0.01969	0.02407	0.03087
1.00000	0.01212	0.00101	0.90211	0.00193	0.00606	0.00205	0.06566	0.00162	0.00634	0.00110
1.00000	0.02511	0.63774	0.01245	0.06405	0.05444	0.01824	0.00914	0.01446	0.05828	0.10608
1.00000	0.03185	0.00528	0.00432	0.00218	0.78899	0.00481	0.08073	0.03252	0.00751	0.04182
1.00000	0.84381	0.00209	0.01440	0.00424	0.00548	0.01300	0.00864	0.08905	0.00513	0.01416
1.00000	0.03301	0.00079	0.00140	0.00108	0.00081	0.00313	0.00013	0.87286	0.00513	0.08167
1.00000	0.02025	0.04012	0.08566	0.05894	0.03871	0.05196	0.08459	0.04995	0.29622	0.27360
1.00000	0.04222	0.00479	0.00188	0.17284	0.06331	0.30650	0.02263	0.04743	0.07516	0.26324
0.00000	0.03863	0.14246	0.02146	0.02487	0.00729	0.15022	0.00515	0.19911	0.12915	0.28166
1.00000	0.00389	0.00299	0.00982	0.01009	0.04742	0.07091	0.02849	0.02459	0.02704	0.77476
1.00000	0.10746	0.01615	0.00352	0.16233	0.00773	0.45519	0.01400	0.00757	0.19418	0.03186
0.00000	0.01637	0.03411	0.00230	0.30594	0.04486	0.17119	0.09776	0.01568	0.21787	0.09392
1.00000	0.00087	0.00074	0.01955	0.00371	0.72472	0.01217	0.11782	0.00844	0.00415	0.10783
1.00000	0.00223	0.00103	0.00740	0.03137	0.01136	0.00321	0.01203	0.79634	0.01645	0.11857
1.00000	0.00275	0.79725	0.04482	0.00780	0.02851	0.01158	0.00340	0.06516	0.00692	0.03180
1.00000	0.00576	0.00696	0.00233	0.00253	0.02119	0.01056	0.00350	0.89179	0.01177	0.04362
1.00000	0.00703	0.03131	0.02538	0.00787	0.00050	0.03740	0.00076	0.82739	0.00868	0.05368
1.00000	0.03588	0.05636	0.59547	0.14260	0.00846	0.06481	0.02364	0.02357	0.04572	0.00350
1.00000	0.00095	0.00307	0.95394	0.01921	0.00041	0.00273	0.01167	0.00241	0.00101	0.00459
1.00000	0.00140	0.96047	0.00276	0.00335	0.00242	0.00291	0.00165	0.00679	0.00167	0.01657
1.00000	0.00120	0.94477	0.00474	0.00257	0.01038	0.00249	0.00157	0.01328	0.00678	0.01223
1.00000	0.00240	0.00051	0.00187	0.01210	0.04638	0.04706	0.01749	0.05112	0.00898	0.81210
1.00000	0.00225	0.92142	0.00751	0.00078	0.00427	0.01372	0.00516	0.00576	0.00478	0.03437
1.00000	0.56902	0.00241	0.06912	0.00192	0.03492	0.01894	0.06157	0.14376	0.01330	0.08503
1.00000	0.00060	0.00128	0.00668	0.00257	0.00020	0.03679	0.00076	0.00174	0.92439	0.02500
1.00000	0.92237	0.00016	0.00227	0.00103	0.00062	0.04042	0.01752	0.00810	0.00540	0.00211
1.00000	0.00138	0.00020	0.00974	0.00016	0.95627	0.01222	0.00606	0.00799	0.00057	0.00542
1.00000	0.00404	0.00566	0.00875	0.01676	0.59012	0.07042	0.03841	0.01140	0.00725	0.24721
1.00000	0.17590	0.00141	0.57751	0.02411	0.06074	0.01065	0.10574	0.02086	0.01998	0.00309
1.00000	0.01641	0.00030	0.02457	0.82188	0.00644	0.00966	0.00155	0.03317	0.07523	0.01079
1.00000	0.00049	0.00098	0.00063	0.01040	0.00109	0.01206	0.00112	0.96236	0.00028	0.01060
1.00000	0.88410	0.01871	0.00893	0.01584	0.00245	0.03112	0.02960	0.00436	0.00197	0.00292
1.00000	0.00144	0.00037	0.00594	0.00080	0.00488	0.02067	0.96016	0.00104	0.00360	0.00112
1.00000	0.00213	0.00347	0.00339	0.04682	0.65127	0.02137	0.04821	0.00673	0.00464	0.21197
1.00000	0.00202	0.00626	0.00083	0.07524	0.01652	0.00122	0.00030	0.86419	0.00913	0.02429
1.00000	0.01642	0.05366	0.11933	0.13701	0.01935	0.00888	0.04178	0.01612	0.47830	0.10914
1.00000	0.00478	0.86516	0.00348	0.01482	0.01397	0.02737	0.00335	0.00750	0.00271	0.05686
1.00000	0.00894	0.06553	0.04221	0.34830	0.03298	0.15378	0.02680	0.01413	0.11501	0.19231
1.00000	0.00504	0.00312	0.00436	0.61825	0.00065	0.00793	0.00147	0.03303	0.21236	0.11379
1.00000	0.00925	0.07322	0.77465	0.02823	0.01971	0.01714	0.02914	0.00437	0.04189	0.00239
1.00000	0.01905	0.01186	0.63413	0.01077	0.03293	0.01358	0.25669	0.00822	0.00961	0.00315
1.00000	0.12180	0.00253	0.27189	0.24973	0.00189	0.03639	0.01283	0.04626	0.24536	0.01132
1.00000	0.92323	0.00017	0.00107	0.00571	0.00125	0.02276	0.02004	0.00080	0.02448	0.00049
1.00000	0.00908	0.00260	0.82406	0.05131	0.03474	0.00712	0.02279	0.03480	0.00340	0.01010
1.00000	0.02121	0.00634	0.00935	0.84966	0.00153	0.04190	0.00320	0.02911	0.03686	0.00084
1.00000	0.01506	0.00372	0.03490	0.12524	0.00687	0.29584	0.04150	0.00992	0.43992	0.02702
1.00000	0.04130	0.00080	0.04305	0.00030	0.01226	0.00167	0.88531	0.00718	0.00439	0.00374
1.00000	0.00069	0.00032	0.01018	0.01162	0.04094	0.01441	0.00072	0.05039	0.00431	0.86641
0.00000	0.01703	0.05958	0.01416	0.17472	0.00943	0.13449	0.00187	0.18564	0.05780	0.34528
1.00000	0.00084	0.02229	0.05082	0.05590	0.09248	0.02249	0.67103	0.01386	0.00886	0.06143
1.00000	0.00313	0.00256	0.00600	0.01755	0.00572	0.12152	0.00416	0.00466	0.77991	0.05479
1.00000	0.00323	0.00011	0.00386	0.03437	0.00146	0.94330	0.00586	0.00033	0.00248	0.00501
1.00000	0.05997	0.02478	0.04792	0.05639	0.27459	0.06792	0.24785	0.00124	0.19075	0.02861
1.00000	0.00511	0.00096	0.01323	0.04892	0.04867	0.00565	0.04153	0.04282	0.02706	0.76604
1.00000	0.00571	0.01470	0.00184	0.00251	0.03440	0.01883	0.00099	0.75313	0.00903	0.15887
1.00000	0.01443	0.23207	0.58448	0.02722	0.00126	0.02137	0.05575	0.02316	0.03620	0.00406
1.00000	0.00161	0.00825	0.00076	0.00037	0.00269	0.00216	0.00054	0.95179	0.00201	0.02983
1.00000	0.10881	0.00045	0.06102	0.01570	0.00150	0.02745	0.01584	0.02365	0.68870	0.05689
1.00000	0.00849	0.00609	0.00239	0.54204	0.00573	0.04292	0.00166	0.00998	0.27428	0.10643
1.00000	0.10926	0.00229	0.01271	0.08318	0.02897	0.62697	0.04044	0.02656	0.06243	0.00718
1.00000	0.54684	0.00435	0.02566	0.01735	0.02736	0.06165	0.13288	0.03013	0.11737	0.03640
1.00000	0.03465	0.09831	0.19299	0.08406	0.00746	0.00918	0.01480	0.34916	0.14290	0.06649
1.00000	0.00150	0.00048	0.00033	0.00238	0.72401	0.01583	0.00555	0.00255	0.00573	0.24161
1.00000	0.01290	0.00034	0.02469	0.01896	0.02899	0.00398	0.00891	0.06764	0.03009	0.80350
1.00000	0.01720	0.01282	0.07826	0.53245	0.01764	0.15608	0.02839	0.01406	0.10074	0.04236
1.00000	0.01667	0.00153	0.02037	0.13476	0.00916	0.72444	0.00371	0.00835	0.07979	0.00122
1.00000	0.00991	0.00616	0.03719	0.02917	0.81126	0.01480	0.00581	0.02154	0.02894	0.03522
1.00000	0.02028	0.00637	0.17375	0.46881	0.02532	0.03390	0.14513	0.01079	0.10252	0.01314
1.00000	0.94279	0.00009	0.00637	0.01618	0.00060	0.01753	0.00291	0.00207	0.00871	0.00275
1.00000	0.02139	0.00560	0.65909	0.26476	0.00642	0.00615	0.01331	0.01380	0.00796	0.00152
1.00000	0.06188	0.00502	0.18080	0.05065	0.14204	0.04426	0.12992	0.02090	0.04793	0.31661
1.00000	0.09943	0.00198	0.00830	0.60531	0.00415	0.12256	0.05335	0.00098	0.09742	0.00652
1.00000	0.00215	0.97026	0.00468	0.00097	0.00119	0.00124	0.00126	0.00151	0.00130	0.01544
1.00000	0.01581	0.00035	0.00200	0.00157	0.00154	0.19872	0.77437	0.00036	0.00401	0.00127
1.00000	0.00083	0.00002	0.00005	0.00037	0.02234	0.02230	0.00105	0.11147	0.00044	0.84113
1.00000	0.00921	0.78043	0.00984	0.00637	0.04247	0.01067	0.00591	0.03058	0.01156	0.09295
1.00000	0.00045	0.00001	0.00003	0.00172	0.00978	0.00702	0.00019	0.20003	0.00139	0.77937
1.00000	0.00608	0.00118	0.02513	0.83962	0.00075	0.04129	0.00835	0.00159	0.07544	0.00057
0.00000	0.36710	0.00527	0.18884	0.16557	0.01170	0.09718	0.06137	0.04328	0.02023	0.03944
1.00000	0.01486	0.00904	0.05179	0.00372	0.60810	0.01395	0.14218	0.02919	0.01863	0.10854
1.00000	0.00476	0.00134	0.00027	0.00175	0.48956	0.05021	0.01358	0.07210	0.00092	0.36552
1.00000	0.01907	0.00668	0.03392	0.78000	0.00022	0.02722	0.00138	0.05717	0.05184	0.02250
1.00000	0.81896	0.00034	0.04034	0.01277	0.00723	0.03990	0.00484	0.05218	0.00471	0.01875
1.00000	0.00641	0.00371	0.05202	0.00943	0.70188	0.03127	0.07962	0.04780	0.00933	0.05853
1.00000	0.01528	0.00058	0.00185	0.00069	0.75817	0.01229	0.03705	0.06857	0.00886	0.09666
1.00000	0.00308	0.81238	0.00527	0.00212	0.00812	0.04697	0.00136	0.03540	0.00644	0.07886
1.00000	0.03151	0.01694	0.01143	0.42072	0.00208	0.16590	0.01220	0.07768	0.15688	0.10466
1.00000	0.59973	0.00709	0.09566	0.03076	0.03048	0.07255	0.04820	0.01534	0.02703	0.07316
1.00000	0.00042	0.00080	0.00058	0.00269	0.04928	0.04469	0.00766	0.04793	0.00158	0.84437
1.00000	0.00364	0.00012	0.00046	0.00422	0.08504	0.01151	0.00186	0.01521	0.01705	0.86088
1.00000	0.01181	0.04906	0.04424	0.00261	0.02189	0.14770	0.67760	0.00206	0.03332	0.00971
1.00000	0.01859	0.02209	0.06093	0.07059	0.00050	0.05857	0.02420	0.00076	0.74266	0.00111
1.00000	0.01435	0.02156	0.50079	0.27203	0.00325	0.03571	0.01261	0.09910	0.03019	0.01039
0.00000	0.01649	0.00693	0.00368	0.15837	0.06198	0.32408	0.01109	0.08859	0.04173	0.28706
1.00000	0.00275	0.06631	0.00405	0.00743	0.18694	0.02783	0.00318	0.51308	0.01094	0.17749
1.00000	0.03423	0.00941	0.00394	0.08465	0.01379	0.78684	0.04060	0.00256	0.02233	0.00166
1.00000	0.01303	0.00203	0.14656	0.12424	0.08579	0.00876	0.03791	0.34507	0.06499	0.17162
1.00000	0.01153	0.03280	0.02330	0.01135	0.00569	0.06772	0.00552	0.00613	0.77496	0.06100
1.00000	0.01740	0.01536	0.00679	0.03780	0.04303	0.02011	0.03156	0.07072	0.15863	0.59860
1.00000	0.06056	0.00223	0.63673	0.02289	0.04187	0.06424	0.05455	0.01393	0.07230	0.03071
1.00000	0.13859	0.00445	0.00421	0.00064	0.01177	0.79190	0.00367	0.00685	0.02118	0.01673
1.00000	0.00939	0.00009	0.90522	0.05308	0.00565	0.00162	0.00726	0.00247	0.00043	0.01477
1.00000	0.09434	0.00190	0.04991	0.50679	0.02406	0.21924	0.01530	0.01084	0.04494	0.03268
1.00000	0.01679	0.00901	0.04050	0.04802	0.02536	0.19429	0.06392	0.02446	0.53854	0.03911
0.00000	0.01910	0.01442	0.36295	0.13277	0.00439	0.04687	0.00788	0.00659	0.38994	0.01510
1.00000	0.00817	0.00101	0.00807	0.81995	0.00038	0.01047	0.00200	0.00576	0.11164	0.03256
1.00000	0.00102	0.00019	0.01230	0.00307	0.03862	0.02334	0.00204	0.06662	0.02957	0.82324
1.00000	0.00043	0.00032	0.00097	0.00056	0.00172	0.00138	0.99294	0.00013	0.00151	0.00005
1.00000	0.00130	0.01784	0.00095	0.01251	0.00915	0.01910	0.00173	0.82865	0.00228	0.10650
1.00000	0.95821	0.00069	0.00195	0.00271	0.00612	0.01033	0.01186	0.00068	0.00713	0.00031
1.00000	0.85982	0.00076	0.00630	0.00600	0.00439	0.04600	0.05403	0.01010	0.00201	0.01060
1.00000	0.02681	0.02099	0.02128	0.01471	0.04050	0.76083	0.02670	0.02207	0.03549	0.03062
1.00000	0.04262	0.01673	0.71469	0.02710	0.00083	0.00218	0.15734	0.00599	0.00786	0.02466
1.00000	0.02759	0.00347	0.13675	0.73606	0.00305	0.02591	0.01240	0.02247	0.03032	0.00199
1.00000	0.01003	0.03308	0.55245	0.08903	0.02980	0.03681	0.02648	0.04381	0.11176	0.06675
1.00000	0.01780	0.01079	0.00241	0.00182	0.01155	0.83584	0.00765	0.00071	0.07127	0.04016
1.00000	0.00195	0.77142	0.01018	0.03169	0.00850	0.05240	0.01300	0.00451	0.02175	0.08460
1.00000	0.68121	0.00783	0.02491	0.00592	0.01509	0.00789	0.17740	0.05354	0.00718	0.01904
1.00000	0.04758	0.00563	0.10380	0.29460	0.00180	0.00824	0.04174	0.38843	0.10564	0.00255
1.00000	0.00520	0.03110	0.01665	0.00793	0.00819	0.02573	0.01341	0.00173	0.87254	0.01753
0.00000	0.00132	0.00125	0.00245	0.00276	0.21393	0.02659	0.00210	0.01384	0.00134	0.73442
1.00000	0.07815	0.00186	0.01155	0.00411	0.39318	0.04167	0.06399	0.07094	0.03445	0.30012
0.00000	0.01991	0.00626	0.32218	0.12298	0.01533	0.03094	0.05206	0.01333	0.41197	0.00504
1.00000	0.00876	0.08125	0.73719	0.01435	0.00404	0.00976	0.08090	0.00600	0.05669	0.00107
0.00000	0.00808	0.08812	0.04908	0.31051	0.05262	0.05082	0.02550	0.01192	0.27855	0.12480
