1.00000	0.00441	0.98042	0.00262	0.00155	0.00179	0.00439	0.00210	0.00148	0.00047	0.00078
1.00000	0.00071	0.00056	0.00156	0.00557	0.00926	0.00624	0.00008	0.94240	0.00026	0.03336
1.00000	0.93574	0.00111	0.00690	0.00470	0.00248	0.00913	0.03200	0.00153	0.00217	0.00423
1.00000	0.01535	0.01423	0.00174	0.01732	0.00768	0.90033	0.00445	0.00323	0.03062	0.00504
1.00000	0.00183	0.00088	0.00083	0.01008	0.88265	0.01446	0.00534	0.05275	0.00046	0.03071
1.00000	0.02304	0.04761	0.01042	0.01147	0.07310	0.10108	0.00183	0.41823	0.00541	0.30782
1.00000	0.00336	0.00058	0.00065	0.00598	0.00052	0.97553	0.00049	0.00123	0.00984	0.00182
1.00000	0.16284	0.00103	0.48155	0.04305	0.10779	0.04622	0.13848	0.01487	0.00269	0.00150
0.00000	0.00067	0.00650	0.00789	0.02221	0.17977	0.01612	0.00638	0.14682	0.00978	0.60387
0.00000	0.04604	0.02680	0.04588	0.06237	0.32662	0.04013	0.04851	0.11742	0.07125	0.21498
1.00000	0.00759	0.93446	0.00282	0.00389	0.00272	0.01119	0.00043	0.02421	0.00896	0.00373
1.00000	0.00641	0.00121	0.91566	0.00680	0.02237	0.00597	0.03428	0.00076	0.00243	0.00410
1.00000	0.00110	0.01663	0.00090	0.00352	0.69018	0.04715	0.00806	0.00865	0.00632	0.21748
1.00000	0.00098	0.97914	0.00034	0.00146	0.00055	0.00252	0.00376	0.00641	0.00177	0.00307
1.00000	0.01058	0.67744	0.03100	0.01387	0.00886	0.08332	0.00307	0.13987	0.02657	0.00541
1.00000	0.01021	0.01017	0.08370	0.29009	0.10768	0.10017	0.11911	0.17995	0.04310	0.05583
1.00000	0.00112	0.96165	0.00098	0.00301	0.00101	0.00316	0.00188	0.01887	0.00646	0.00186
1.00000	0.00474	0.00363	0.00296	0.01485	0.00168	0.04559	0.91765	0.00031	0.00423	0.00436
1.00000	0.00043	0.00109	0.00369	0.00130	0.96353	0.00986	0.00038	0.00286	0.00152	0.01535
1.00000	0.00024	0.00065	0.01609	0.02473	0.14205	0.00355	0.00212	0.02901	0.01631	0.76523
1.00000	0.04578	0.00401	0.00152	0.80085	0.00077	0.07629	0.00427	0.00313	0.06304	0.00035
1.00000	0.00016	0.00055	0.00053	0.02769	0.67066	0.00474	0.00263	0.02100	0.02644	0.24560
1.00000	0.00023	0.00002	0.00014	0.00081	0.01936	0.00067	0.00064	0.00750	0.00156	0.96907
1.00000	0.04020	0.02246	0.07640	0.25202	0.01867	0.03797	0.00415	0.00422	0.45111	0.09280
1.00000	0.00070	0.00083	0.00108	0.00204	0.06363	0.01867	0.00265	0.00590	0.06840	0.83611
1.00000	0.79789	0.00474	0.04442	0.03326	0.00871	0.01462	0.06693	0.00368	0.02050	0.00524
1.00000	0.00992	0.00078	0.00072	0.02539	0.08594	0.00370	0.00070	0.78883	0.00073	0.08328
1.00000	0.06393	0.00051	0.02050	0.00683	0.00930	0.00476	0.83774	0.00159	0.03954	0.01532
1.00000	0.02209	0.03557	0.04422	0.01305	0.07334	0.32067	0.03534	0.01548	0.38168	0.05855
1.00000	0.00112	0.00005	0.00389	0.00071	0.00187	0.00042	0.98941	0.00010	0.00027	0.00217
1.00000	0.02505	0.59610	0.02969	0.04002	0.06305	0.03058	0.00387	0.06934	0.11801	0.02430
1.00000	0.00585	0.00083	0.00231	0.92234	0.00265	0.05588	0.00604	0.00040	0.00327	0.00043
1.00000	0.01463	0.91380	0.02706	0.00490	0.00168	0.01219	0.00662	0.00886	0.00526	0.00498
1.00000	0.02513	0.00110	0.01887	0.03033	0.64276	0.05732	0.05611	0.03436	0.05789	0.07614
1.00000	0.00065	0.00011	0.01302	0.00214	0.00183	0.00332	0.97639	0.00120	0.00058	0.00077
1.00000	0.00822	0.14317	0.67176	0.05989	0.01421	0.00509	0.06874	0.00489	0.00951	0.01452
1.00000	0.01929	0.00520	0.00175	0.04556	0.11490	0.24580	0.04023	0.00992	0.44146	0.07590
1.00000	0.89428	0.00202	0.01536	0.01775	0.00299	0.00409	0.05469	0.00625	0.00091	0.00165
1.00000	0.00198	0.07902	0.02689	0.00419	0.47968	0.11684	0.01548	0.03319	0.00274	0.23998
1.00000	0.08741	0.00237	0.58191	0.03615	0.00749	0.01480	0.05353	0.02541	0.11995	0.07098
1.00000	0.12447	0.00118	0.00565	0.64438	0.00221	0.06060	0.01993	0.00102	0.12818	0.01238
1.00000	0.00143	0.04216	0.92165	0.00947	0.01052	0.00186	0.00353	0.00349	0.00519	0.00069
1.00000	0.99056	0.00011	0.00016	0.00316	0.00011	0.00401	0.00145	0.00003	0.00035	0.00004
1.00000	0.00109	0.00739	0.03437	0.02829	0.21577	0.02318	0.01246	0.02452	0.02028	0.63266
1.00000	0.05221	0.04187	0.62279	0.10313	0.00595	0.03838	0.01164	0.01200	0.10462	0.00743
1.00000	0.00027	0.98802	0.00071	0.00199	0.00087	0.00212	0.00056	0.00281	0.00092	0.00174
1.00000	0.03238	0.00790	0.09791	0.74245	0.00331	0.06240	0.00224	0.02177	0.02485	0.00480
1.00000	0.00177	0.00361	0.07759	0.84880	0.01039	0.02584	0.00190	0.01825	0.00793	0.00390
0.00000	0.00520	0.00217	0.00172	0.59923	0.00230	0.07493	0.00040	0.00165	0.26981	0.04258
1.00000	0.02269	0.00477	0.04078	0.19668	0.06185	0.57741	0.03678	0.00308	0.04541	0.01055
0.00000	0.01005	0.00884	0.05616	0.03778	0.28034	0.06335	0.09206	0.02794	0.30449	0.11900
1.00000	0.05107	0.00163	0.00306	0.02926	0.00379	0.05239	0.85354	0.00029	0.00282	0.00214
1.00000	0.00372	0.12698	0.02804	0.03107	0.00088	0.00166	0.00026	0.70175	0.00599	0.09965
1.00000	0.05858	0.00443	0.01193	0.01858	0.03605	0.03005	0.00761	0.72583	0.00349	0.10345
1.00000	0.07694	0.00447	0.00252	0.18040	0.00250	0.68991	0.00492	0.00169	0.03025	0.00643
1.00000	0.00202	0.01609	0.02544	0.03288	0.15536	0.07518	0.02468	0.02024	0.00704	0.64104
1.00000	0.00046	0.00320	0.01279	0.00053	0.85985	0.05870	0.01091	0.00529	0.00795	0.04033
1.00000	0.00122	0.00084	0.00166	0.02140	0.77585	0.00393	0.03813	0.10602	0.01542	0.03553
1.00000	0.86364	0.00657	0.05477	0.00424	0.00639	0.01500	0.02072	0.00791	0.01533	0.00543
1.00000	0.01674	0.00190	0.00466	0.10386	0.01946	0.06776	0.01635	0.04078	0.46099	0.26749
1.00000	0.00359	0.00316	0.00476	0.09555	0.07755	0.61361	0.06143	0.00614	0.04207	0.09215
1.00000	0.56348	0.03418	0.04585	0.05413	0.01305	0.16284	0.01291	0.08073	0.00954	0.02329
1.00000	0.00520	0.00121	0.00214	0.00387	0.56183	0.10780	0.04376	0.03055	0.00643	0.23721
1.00000	0.00092	0.00624	0.00120	0.00172	0.08800	0.01691	0.00052	0.01676	0.00409	0.86364
1.00000	0.00600	0.00659	0.00602	0.08224	0.00261	0.00567	0.00036	0.87893	0.00143	0.01015
1.00000	0.00153	0.00248	0.00060	0.00113	0.03081	0.00707	0.00243	0.93219	0.00165	0.02010
1.00000	0.04833	0.00212	0.02153	0.01098	0.06587	0.00505	0.03378	0.16752	0.00191	0.64292
1.00000	0.00139	0.00309	0.00199	0.04687	0.04327	0.00570	0.00073	0.86009	0.00384	0.03304
1.00000	0.00068	0.00187	0.00030	0.01252	0.11542	0.01386	0.00084	0.07113	0.00544	0.77794
1.00000	0.09235	0.00645	0.06824	0.05525	0.11587	0.01142	0.55368	0.06625	0.01232	0.01816
1.00000	0.92234	0.00099	0.00449	0.00452	0.00286	0.01917	0.03877	0.00248	0.00384	0.00054
1.00000	0.03390	0.01404	0.00358	0.16384	0.00231	0.62816	0.09333	0.01585	0.02787	0.01713
1.00000	0.00178	0.00713	0.00007	0.00136	0.00021	0.97975	0.00010	0.00260	0.00168	0.00533
1.00000	0.03350	0.00192	0.02703	0.02421	0.08980	0.02442	0.72077	0.02349	0.00673	0.04814
1.00000	0.00345	0.00159	0.07600	0.00689	0.02264	0.07795	0.80230	0.00031	0.00442	0.00445
1.00000	0.00509	0.05289	0.01258	0.00729	0.10069	0.76384	0.00791	0.00732	0.01844	0.02395
1.00000	0.00527	0.06347	0.00762	0.04902	0.02661	0.03580	0.00365	0.43564	0.03047	0.34247
1.00000	0.33481	0.02868	0.06055	0.05957	0.04748	0.21934	0.01104	0.21827	0.00945	0.01082
1.00000	0.00188	0.00030	0.00026	0.00161	0.02516	0.00805	0.00033	0.95865	0.00052	0.00324
1.00000	0.00984	0.01077	0.00062	0.00447	0.00683	0.82710	0.00106	0.05815	0.07559	0.00557
1.00000	0.00239	0.00361	0.00074	0.00697	0.11990	0.01061	0.00180	0.06643	0.01300	0.77456
1.00000	0.00056	0.00676	0.00873	0.03590	0.64468	0.03445	0.06636	0.02506	0.00464	0.17286
1.00000	0.00175	0.00046	0.02283	0.00524	0.90591	0.00591	0.00918	0.03313	0.00440	0.01120
1.00000	0.00048	0.00071	0.00122	0.00103	0.15139	0.00041	0.00302	0.00966	0.00541	0.82667
1.00000	0.00060	0.00311	0.97372	0.01514	0.00069	0.00020	0.00460	0.00042	0.00137	0.00015
1.00000	0.97280	0.00104	0.00755	0.00573	0.00039	0.00642	0.00275	0.00119	0.00109	0.00105
1.00000	0.00810	0.01765	0.67580	0.01833	0.01562	0.01112	0.15195	0.01134	0.05902	0.03106
0.00000	0.00166	0.00104	0.00012	0.00056	0.07908	0.01593	0.00060	0.32470	0.00046	0.57583
1.00000	0.00345	0.92857	0.00280	0.00454	0.00206	0.02142	0.00253	0.03100	0.00148	0.00216
1.00000	0.01162	0.06790	0.02511	0.54143	0.00322	0.21267	0.03822	0.03158	0.03952	0.02872
1.00000	0.00068	0.00077	0.85770	0.00438	0.06258	0.00261	0.02026	0.00218	0.00438	0.04445
1.00000	0.88180	0.00187	0.03089	0.01204	0.00318	0.02568	0.02706	0.01140	0.00052	0.00556
1.00000	0.03277	0.00070	0.09819	0.00902	0.03347	0.01087	0.81026	0.00102	0.00105	0.00265
1.00000	0.00627	0.90895	0.04768	0.00278	0.00208	0.00474	0.00147	0.01024	0.01241	0.00339
1.00000	0.00107	0.00009	0.00072	0.00412	0.00583	0.00094	0.00022	0.97991	0.00124	0.00587
1.00000	0.03384	0.00366	0.01218	0.00764	0.11940	0.05084	0.01416	0.65635	0.01540	0.08654
0.00000	0.13745	0.00250	0.02275	0.04978	0.39374	0.09200	0.01348	0.15265	0.01010	0.12555
0.00000	0.00272	0.00017	0.00031	0.00694	0.09397	0.02721	0.00902	0.01547	0.04604	0.79814
1.00000	0.00761	0.00518	0.01615	0.00361	0.85265	0.01169	0.02881	0.03406	0.00131	0.03892
1.00000	0.00765	0.00056	0.00170	0.00204	0.00671	0.00666	0.00013	0.93598	0.00051	0.03807
1.00000	0.00579	0.09516	0.03302	0.01144	0.06474	0.20081	0.00442	0.35722	0.04191	0.18549
1.00000	0.00090	0.00158	0.04821	0.01764	0.31952	0.02251	0.55343	0.01831	0.00213	0.01578
1.00000	0.00160	0.00149	0.01036	0.00972	0.00118	0.00779	0.00024	0.00024	0.94079	0.02658
0.00000	0.01496	0.01615	0.10673	0.00630	0.51866	0.01303	0.10687	0.16687	0.01160	0.03884
0.00000	0.14328	0.02824	0.21839	0.29184	0.03315	0.05752	0.16914	0.00158	0.05413	0.00273
1.00000	0.00091	0.00049	0.00144	0.00221	0.00018	0.94696	0.00166	0.00240	0.04316	0.00057
1.00000	0.07369	0.00194	0.02808	0.00441	0.66444	0.03436	0.06084	0.05056	0.03078	0.05089
1.00000	0.07793	0.00930	0.01864	0.72827	0.00690	0.08711	0.00415	0.02385	0.04248	0.00137
1.00000	0.00065	0.00045	0.00895	0.00069	0.73824	0.03527	0.00228	0.00940	0.00593	0.19813
1.00000	0.00619	0.00013	0.00013	0.00068	0.00188	0.00184	0.00003	0.97047	0.00019	0.01846
0.00000	0.17621	0.03264	0.17413	0.14579	0.10596	0.05288	0.11123	0.07042	0.03191	0.09883
1.00000	0.00494	0.00032	0.01052	0.02154	0.00544	0.02030	0.00046	0.00072	0.84600	0.08975
1.00000	0.00736	0.00222	0.00582	0.05297	0.01457	0.04059	0.01770	0.01688	0.73970	0.10218
1.00000	0.00138	0.07422	0.00243	0.00548	0.00500	0.02046	0.00035	0.72884	0.00993	0.15190
1.00000	0.00427	0.88671	0.00233	0.00920	0.01351	0.02642	0.00384	0.01577	0.00664	0.03131
1.00000	0.05795	0.00116	0.04090	0.75349	0.00048	0.12651	0.00626	0.00527	0.00657	0.00141
1.00000	0.00259	0.00018	0.00435	0.00042	0.00271	0.01614	0.97277	0.00008	0.00042	0.00034
1.00000	0.00227	0.00009	0.00050	0.00068	0.11391	0.00736	0.00091	0.00341	0.01968	0.85120
1.00000	0.00545	0.91668	0.00870	0.00487	0.00176	0.00190	0.00260	0.02533	0.01742	0.01526
1.00000	0.00836	0.02707	0.00628	0.02800	0.01660	0.02162	0.00164	0.75561	0.00036	0.13446
1.00000	0.00031	0.00053	0.02216	0.00896	0.81410	0.01088	0.06150	0.00260	0.00916	0.06980
0.00000	0.01653	0.01215	0.10916	0.09635	0.40297	0.06130	0.10154	0.15300	0.00248	0.04450
1.00000	0.10187	0.01854	0.29101	0.41627	0.00262	0.04242	0.04693	0.03527	0.03994	0.00512
1.00000	0.85247	0.00184	0.00411	0.04713	0.00623	0.07588	0.00667	0.00200	0.00228	0.00140
1.00000	0.00581	0.08271	0.00121	0.04678	0.02394	0.58656	0.00310	0.05893	0.00897	0.18199
1.00000	0.05099	0.00067	0.00774	0.83700	0.00036	0.07383	0.00677	0.01552	0.00629	0.00084
1.00000	0.01252	0.01743	0.65290	0.00648	0.10865	0.00620	0.14360	0.02510	0.00580	0.02133
1.00000	0.02019	0.00642	0.10722	0.75226	0.00848	0.02801	0.00427	0.01660	0.05149	0.00506
1.00000	0.06314	0.00172	0.03374	0.17459	0.00809	0.69271	0.00324	0.00176	0.01932	0.00169
1.00000	0.00086	0.00082	0.00137	0.05994	0.00190	0.87392	0.00091	0.00033	0.05825	0.00169
1.00000	0.00023	0.00010	0.00003	0.00051	0.06448	0.00120	0.00094	0.00381	0.00635	0.92235
1.00000	0.04695	0.02374	0.08144	0.23820	0.05537	0.27187	0.07006	0.03101	0.09808	0.08328
1.00000	0.00019	0.00028	0.00445	0.00134	0.00309	0.00592	0.98055	0.00059	0.00049	0.00309
1.00000	0.00022	0.00004	0.00074	0.00089	0.97063	0.00250	0.00057	0.00755	0.00041	0.01646
1.00000	0.93803	0.00040	0.00215	0.02480	0.00097	0.00750	0.01673	0.00146	0.00715	0.00081
1.00000	0.01820	0.03648	0.01368	0.04506	0.01459	0.02610	0.00252	0.01541	0.56555	0.26241
1.00000	0.97969	0.00017	0.00593	0.00300	0.00047	0.00476	0.00405	0.00017	0.00142	0.00035
1.00000	0.01133	0.00685	0.01388	0.06648	0.04224	0.00666	0.00946	0.75769	0.01375	0.07167
1.00000	0.16220	0.04245	0.42498	0.04989	0.01394	0.12666	0.06141	0.02462	0.08824	0.00561
1.00000	0.02033	0.02198	0.01323	0.01779	0.06122	0.13168	0.00954	0.20037	0.38145	0.14241
1.00000	0.03993	0.01071	0.01899	0.30707	0.01122	0.08135	0.06208	0.01538	0.40590	0.04736
1.00000	0.08567	0.00828	0.09032	0.21434	0.01080	0.24888	0.01838	0.00286	0.30595	0.01451
1.00000	0.00133	0.00021	0.00132	0.00184	0.00660	0.00408	0.00012	0.97599	0.00042	0.00807
1.00000	0.02132	0.12389	0.37942	0.22448	0.00358	0.02370	0.00477	0.05860	0.12670	0.03352
1.00000	0.00397	0.00608	0.07192	0.02525	0.02471	0.02426	0.81307	0.00982	0.01058	0.01032
1.00000	0.91683	0.00889	0.00291	0.00304	0.00584	0.01242	0.04518	0.00253	0.00063	0.00174
1.00000	0.01982	0.02286	0.00172	0.02066	0.00998	0.74024	0.05310	0.01570	0.02207	0.09384
1.00000	0.03107	0.00236	0.00565	0.10310	0.00077	0.76640	0.00279	0.00916	0.07577	0.00293
1.00000	0.03072	0.00183	0.85591	0.02712	0.00363	0.00414	0.04582	0.00425	0.01854	0.00804
1.00000	0.00177	0.00202	0.00067	0.00691	0.00159	0.96271	0.00439	0.00311	0.01634	0.00049
1.00000	0.00240	0.79583	0.00491	0.05051	0.05227	0.01133	0.00395	0.03863	0.00974	0.03043
1.00000	0.01259	0.00205	0.01376	0.89412	0.00068	0.02465	0.00850	0.02222	0.02034	0.00109
1.00000	0.01215	0.01676	0.05182	0.03479	0.12167	0.01250	0.66676	0.05188	0.00853	0.02314
1.00000	0.09951	0.00189	0.12469	0.00533	0.63660	0.04791	0.04911	0.00790	0.00645	0.02061
1.00000	0.03634	0.13367	0.01880	0.09210	0.01059	0.00739	0.00133	0.51477	0.00640	0.17861
1.00000	0.00090	0.00013	0.00747	0.00016	0.94106	0.01261	0.00165	0.00417	0.00230	0.02957
1.00000	0.93243	0.00026	0.00298	0.02026	0.00115	0.02735	0.00909	0.00136	0.00437	0.00075
0.00000	0.04369	0.09327	0.22832	0.16763	0.00215	0.00538	0.00317	0.00068	0.45374	0.00198
1.00000	0.47748	0.01079	0.10813	0.00474	0.08006	0.01478	0.18545	0.08124	0.00341	0.03392
0.00000	0.05185	0.01128	0.28492	0.24636	0.00411	0.02079	0.01549	0.22440	0.12638	0.01443
1.00000	0.00325	0.00027	0.00252	0.00330	0.07482	0.01465	0.01389	0.04286	0.00969	0.83474
1.00000	0.00858	0.03251	0.87160	0.03285	0.00718	0.00319	0.00093	0.03321	0.00575	0.00421
1.00000	0.00487	0.01753	0.00052	0.03771	0.00608	0.86806	0.00238	0.00388	0.02664	0.03233
0.00000	0.63891	0.00208	0.17666	0.03014	0.01507	0.00723	0.08487	0.01642	0.01369	0.01492
0.00000	0.03959	0.00463	0.02308	0.00851	0.44898	0.11593	0.12470	0.01666	0.05979	0.15814
1.00000	0.00406	0.01291	0.00410	0.05493	0.06863	0.07752	0.01310	0.03601	0.09843	0.63032
1.00000	0.00055	0.00019	0.00026	0.00072	0.09317	0.00180	0.00052	0.01838	0.00245	0.88196
1.00000	0.01763	0.00745	0.19420	0.00669	0.05129	0.01201	0.64233	0.03301	0.02797	0.00744
1.00000	0.01035	0.00364	0.20028	0.04586	0.01052	0.01503	0.01007	0.01161	0.67422	0.01841
1.00000	0.12856	0.00261	0.77887	0.01236	0.01337	0.00315	0.01884	0.01028	0.02546	0.00649
1.00000	0.82815	0.00308	0.04924	0.01219	0.00833	0.01647	0.06023	0.01004	0.00787	0.00440
1.00000	0.00572	0.03080	0.00897	0.08817	0.00601	0.06017	0.00177	0.01713	0.73167	0.04959
1.00000	0.01959	0.00229	0.00128	0.03969	0.00058	0.89576	0.01606	0.00212	0.02227	0.00034
1.00000	0.00223	0.00032	0.01230	0.02000	0.77786	0.00264	0.00821	0.04528	0.01297	0.11820
1.00000	0.00922	0.00018	0.02189	0.00031	0.00506	0.00606	0.95621	0.00021	0.00015	0.00071
1.00000	0.00496	0.00232	0.02746	0.02916	0.55847	0.05874	0.01060	0.02742	0.05097	0.22989
1.00000	0.01867	0.00106	0.00107	0.03890	0.00161	0.00387	0.00099	0.90715	0.00362	0.02306
1.00000	0.03879	0.01617	0.01161	0.52557	0.00736	0.17764	0.00222	0.09364	0.04116	0.08584
1.00000	0.01259	0.00969	0.03814	0.00720	0.00156	0.08182	0.00198	0.00112	0.83198	0.01391
0.00000	0.01696	0.03492	0.20386	0.10018	0.02863	0.00800	0.00160	0.06953	0.49026	0.04607
1.00000	0.32906	0.01190	0.13046	0.00882	0.18254	0.03641	0.12413	0.06792	0.00389	0.10486
1.00000	0.00808	0.00432	0.01011	0.60253	0.02816	0.11584	0.01134	0.06518	0.06018	0.09426
1.00000	0.05338	0.00236	0.02548	0.00918	0.00554	0.03001	0.84178	0.00050	0.02878	0.00300
1.00000	0.00560	0.94677	0.01283	0.00278	0.00405	0.00307	0.00063	0.01440	0.00435	0.00553
1.00000	0.01079	0.00226	0.00519	0.76235	0.00079	0.12933	0.00282	0.00520	0.07556	0.00572
1.00000	0.16397	0.00258	0.07165	0.27937	0.00758	0.04473	0.00309	0.00346	0.38095	0.04264
1.00000	0.02735	0.00282	0.03221	0.09997	0.02056	0.04224	0.02531	0.01884	0.55439	0.17630
1.00000	0.01992	0.00141	0.00186	0.00251	0.00541	0.91149	0.04168	0.00085	0.00356	0.01132
0.00000	0.16538	0.00746	0.08811	0.16960	0.03728	0.18662	0.02063	0.05675	0.13254	0.13563
1.00000	0.01725	0.00719	0.06561	0.81577	0.00216	0.05327	0.00243	0.00474	0.02755	0.00403
1.00000	0.27625	0.00892	0.03349	0.49346	0.00103	0.05947	0.03825	0.00592	0.07811	0.00510
1.00000	0.00820	0.00010	0.00140	0.02804	0.57336	0.01859	0.05255	0.06131	0.03436	0.22208
1.00000	0.03107	0.01096	0.17990	0.51794	0.00381	0.08154	0.02637	0.00947	0.13309	0.00583
0.00000	0.03761	0.04320	0.40045	0.12011	0.06940	0.04194	0.07913	0.15136	0.04007	0.01675
1.00000	0.15533	0.00936	0.07755	0.13304	0.03772	0.08606	0.03773	0.02257	0.37120	0.06942
1.00000	0.01153	0.00532	0.11329	0.15265	0.02799	0.09848	0.00244	0.02530	0.52606	0.03693
1.00000	0.98827	0.00010	0.00120	0.00085	0.00024	0.00290	0.00379	0.00031	0.00116	0.00118
1.00000	0.00772	0.00060	0.00044	0.02591	0.00048	0.95505	0.00229	0.00066	0.00470	0.00217
1.00000	0.00061	0.00123	0.03120	0.94119	0.00010	0.02002	0.00094	0.00253	0.00193	0.00025
1.00000	0.01627	0.00221	0.01888	0.00540	0.66485	0.10598	0.03441	0.05100	0.07816	0.02284
1.00000	0.01716	0.02814	0.03501	0.00786	0.64107	0.13591	0.01000	0.02444	0.01345	0.08695
1.00000	0.00027	0.00026	0.00014	0.00117	0.02659	0.00412	0.00099	0.01189	0.00957	0.94502
1.00000	0.02069	0.00150	0.00312	0.01819	0.14844	0.20390	0.03681	0.13775	0.01522	0.41437
1.00000	0.00225	0.00105	0.07732	0.88216	0.00030	0.01175	0.00330	0.01077	0.01027	0.00082
1.00000	0.00275	0.00033	0.03252	0.02075	0.20226	0.01554	0.01307	0.09376	0.05433	0.56469
1.00000	0.02867	0.00438	0.01172	0.00818	0.01202	0.33178	0.00707	0.00337	0.44700	0.14581
1.00000	0.00008	0.00005	0.00009	0.00027	0.08824	0.00155	0.00114	0.00591	0.00360	0.89906
1.00000	0.01207	0.00471	0.00348	0.10452	0.00583	0.12664	0.01179	0.00425	0.56595	0.16077
1.00000	0.92497	0.00040	0.01335	0.02645	0.00154	0.00810	0.02327	0.00034	0.00061	0.00097
1.00000	0.00438	0.84337	0.06729	0.00555	0.00979	0.02423	0.01022	0.01161	0.00951	0.01405
1.00000	0.01972	0.00035	0.00576	0.56919	0.01337	0.05631	0.00085	0.01520	0.17234	0.14692
1.00000	0.91685	0.00108	0.00113	0.02178	0.00126	0.01395	0.02888	0.00065	0.01372	0.00069
1.00000	0.01188	0.01273	0.62831	0.04011	0.15051	0.01805	0.01219	0.05624	0.00293	0.06705
1.00000	0.00207	0.00245	0.00024	0.03229	0.03032	0.04865	0.00256	0.05988	0.07295	0.74860
1.00000	0.00024	0.00032	0.00104	0.00123	0.00583	0.00228	0.00009	0.96757	0.00023	0.02116
1.00000	0.01021	0.01945	0.04945	0.00866	0.01245	0.13428	0.12838	0.00033	0.62671	0.01008
1.00000	0.12767	0.00137	0.01081	0.00843	0.03165	0.08726	0.01174	0.65942	0.03139	0.03027
1.00000	0.98963	0.00006	0.00113	0.00125	0.00034	0.00112	0.00258	0.00010	0.00364	0.00014
1.00000	0.00060	0.00200	0.00025	0.00390	0.05324	0.03282	0.00042	0.05581	0.01442	0.83654
1.00000	0.02825	0.00169	0.12776	0.01148	0.05118	0.00338	0.74997	0.00265	0.00511	0.01851
1.00000	0.00199	0.05818	0.00328	0.00734	0.00048	0.00190	0.00019	0.78953	0.00505	0.13207
1.00000	0.00363	0.00026	0.00309	0.00542	0.69304	0.15328	0.01046	0.00618	0.04863	0.07602
1.00000	0.01962	0.00146	0.00155	0.00092	0.00772	0.00750	0.00060	0.83834	0.00079	0.12149
1.00000	0.03762	0.56749	0.08807	0.03801	0.02822	0.03116	0.00443	0.04474	0.15533	0.00494
1.00000	0.00084	0.00619	0.00050	0.01227	0.09111	0.03455	0.00074	0.05749	0.08233	0.71398
1.00000	0.02772	0.01443	0.56499	0.21774	0.00641	0.00443	0.02922	0.11820	0.00165	0.01519
1.00000	0.16704	0.00424	0.41530	0.04992	0.02258	0.04252	0.04172	0.03363	0.17748	0.04556
1.00000	0.00523	0.00444	0.80006	0.15437	0.00204	0.00168	0.01869	0.00196	0.01038	0.00114
1.00000	0.00035	0.99085	0.00051	0.00127	0.00091	0.00161	0.00109	0.00182	0.00092	0.00067
1.00000	0.00181	0.01214	0.06120	0.08182	0.02741	0.04239	0.00248	0.00115	0.74886	0.02074
1.00000	0.00665	0.00889	0.00700	0.82352	0.01684	0.02659	0.00252	0.01223	0.07612	0.01965
1.00000	0.00346	0.01373	0.03047	0.85626	0.00232	0.03267	0.00162	0.00278	0.03252	0.02417
1.00000	0.00114	0.00143	0.01108	0.93924	0.00016	0.03291	0.00016	0.00076	0.01227	0.00085
1.00000	0.03826	0.00026	0.00280	0.00255	0.01490	0.01597	0.00096	0.89576	0.00034	0.02820
1.00000	0.77601	0.00287	0.09237	0.03496	0.00489	0.01813	0.03832	0.02343	0.00503	0.00400
0.00000	0.27699	0.00188	0.03304	0.02347	0.10471	0.08519	0.05187	0.04903	0.10760	0.26622
1.00000	0.51564	0.00546	0.02461	0.00480	0.12361	0.06939	0.12676	0.03245	0.01539	0.08188
1.00000	0.04127	0.01103	0.01612	0.47737	0.00257	0.12469	0.00692	0.01233	0.25456	0.05313
1.00000	0.00301	0.97643	0.00437	0.00178	0.00048	0.00122	0.00080	0.00646	0.00287	0.00259
1.00000	0.01444	0.05487	0.00477	0.59874	0.00051	0.29171	0.00559	0.00408	0.01986	0.00542
1.00000	0.01489	0.02002	0.00337	0.00905	0.04817	0.03746	0.00545	0.82888	0.00512	0.02760
1.00000	0.00438	0.00067	0.00047	0.07188	0.00420	0.88596	0.00446	0.00031	0.02467	0.00301
0.00000	0.10160	0.40956	0.01367	0.00795	0.00131	0.38303	0.02647	0.01988	0.03508	0.00145
1.00000	0.02592	0.00301	0.00648	0.02353	0.00431	0.07260	0.00264	0.03349	0.69174	0.13629
1.00000	0.01927	0.05683	0.00854	0.02315	0.03334	0.01958	0.00131	0.60745	0.00495	0.22557
1.00000	0.01298	0.00101	0.05223	0.11066	0.00234	0.03600	0.00049	0.05193	0.63402	0.09834
1.00000	0.00334	0.05075	0.00272	0.01834	0.69212	0.01940	0.01303	0.01535	0.00743	0.17750
1.00000	0.05110	0.00606	0.00672	0.08839	0.00336	0.82297	0.00844	0.00439	0.00661	0.00198
1.00000	0.02526	0.00213	0.03094	0.00621	0.79906	0.06386	0.02905	0.01611	0.01626	0.01113
1.00000	0.00253	0.01064	0.82320	0.04600	0.04101	0.00548	0.05452	0.00402	0.00988	0.00272
1.00000	0.00240	0.00837	0.00041	0.01404	0.09787	0.02554	0.00236	0.02544	0.08383	0.73975
1.00000	0.00309	0.92884	0.00192	0.00255	0.00156	0.00912	0.00039	0.04378	0.00356	0.00520
1.00000	0.00047	0.00318	0.00547	0.00072	0.69018	0.14480	0.00368	0.00516	0.00913	0.13721
1.00000	0.01655	0.03925	0.03709	0.12533	0.00212	0.03243	0.00536	0.00439	0.65450	0.08297
1.00000	0.00059	0.00017	0.00010	0.00317	0.04397	0.00805	0.00052	0.02273	0.00385	0.91684
1.00000	0.02742	0.01238	0.00517	0.11022	0.00171	0.73393	0.00175	0.01485	0.06195	0.03062
0.00000	0.01610	0.14535	0.01542	0.23548	0.16398	0.14837	0.05015	0.11704	0.00351	0.10460
1.00000	0.00185	0.00557	0.00118	0.00136	0.00158	0.04808	0.00027	0.00071	0.88445	0.05497
1.00000	0.02716	0.00476	0.04623	0.37355	0.00366	0.04600	0.01275	0.00472	0.47908	0.00209
1.00000	0.90949	0.00112	0.03191	0.00838	0.00368	0.00455	0.02148	0.00426	0.00098	0.01415
1.00000	0.01414	0.00414	0.00515	0.07987	0.10843	0.48447	0.23073	0.00480	0.05473	0.01354
1.00000	0.11498	0.02901	0.49502	0.13655	0.01888	0.06013	0.03453	0.01136	0.09535	0.00419
1.00000	0.08360	0.00109	0.00267	0.02739	0.00774	0.13698	0.71830	0.00074	0.00965	0.01184
1.00000	0.08348	0.00581	0.05368	0.04029	0.00484	0.02471	0.00287	0.72444	0.04150	0.01838
1.00000	0.00853	0.00916	0.00470	0.72306	0.03616	0.04065	0.00368	0.06812	0.04901	0.05694
1.00000	0.00017	0.00009	0.00030	0.00365	0.08046	0.00113	0.00261	0.05119	0.01421	0.84620
1.00000	0.00492	0.00795	0.92708	0.02661	0.00345	0.00232	0.00387	0.01519	0.00815	0.00048
1.00000	0.00367	0.00259	0.00760	0.05361	0.00176	0.01899	0.00234	0.00971	0.87812	0.02162
1.00000	0.01382	0.00985	0.00153	0.00479	0.04352	0.79892	0.06539	0.00912	0.00563	0.04744
0.00000	0.03560	0.01396	0.12004	0.18636	0.09034	0.00858	0.11454	0.17529	0.11458	0.14072
1.00000	0.00176	0.00916	0.00078	0.00866	0.07754	0.09041	0.00402	0.03290	0.00614	0.76864
1.00000	0.00189	0.00201	0.93546	0.00393	0.00115	0.00086	0.00377	0.02780	0.02177	0.00136
1.00000	0.00380	0.00033	0.01746	0.04923	0.01871	0.00572	0.89169	0.00104	0.00613	0.00590
1.00000	0.00040	0.00068	0.00040	0.00321	0.08107	0.00181	0.00356	0.03750	0.00470	0.86667
1.00000	0.00250	0.00503	0.72991	0.10283	0.05469	0.00688	0.05867	0.02571	0.00545	0.00832
1.00000	0.98777	0.00083	0.00218	0.00193	0.00021	0.00420	0.00100	0.00116	0.00056	0.00016
1.00000	0.04553	0.08427	0.03634	0.01271	0.07260	0.20322	0.46349	0.00493	0.01442	0.06249
0.00000	0.01106	0.00620	0.02370	0.19831	0.00953	0.02644	0.01864	0.01259	0.61838	0.07515
1.00000	0.96562	0.00154	0.00078	0.00370	0.00082	0.02202	0.00309	0.00008	0.00101	0.00136
1.00000	0.36337	0.03625	0.04323	0.00713	0.01637	0.13535	0.39114	0.00103	0.00147	0.00467
1.00000	0.57093	0.01922	0.00843	0.01570	0.00475	0.22683	0.02028	0.10878	0.01275	0.01233
1.00000	0.01165	0.05101	0.01918	0.69579	0.00088	0.17855	0.01293	0.01571	0.00352	0.01078
1.00000	0.00368	0.02219	0.87856	0.03243	0.00291	0.00394	0.01041	0.03192	0.00814	0.00583
1.00000	0.00118	0.00029	0.05445	0.00020	0.01305	0.04033	0.88460	0.00041	0.00100	0.00450
1.00000	0.00450	0.06023	0.03931	0.08704	0.07293	0.12352	0.01027	0.10043	0.03846	0.46331
1.00000	0.00815	0.02606	0.00044	0.03363	0.00175	0.00580	0.00015	0.83834	0.00065	0.08503
1.00000	0.00067	0.00011	0.00084	0.01145	0.07330	0.00144	0.00173	0.08370	0.00124	0.82553
1.00000	0.72320	0.00880	0.01705	0.05320	0.00089	0.10814	0.00281	0.05023	0.02235	0.01333
1.00000	0.02513	0.00417	0.00302	0.02212	0.02256	0.01041	0.00192	0.15106	0.00783	0.75180
0.00000	0.19830	0.00535	0.01038	0.50983	0.01658	0.08472	0.00604	0.01653	0.14321	0.00905
1.00000	0.05953	0.00744	0.05286	0.07051	0.03517	0.05387	0.01000	0.02616	0.59202	0.09243
1.00000	0.00123	0.00061	0.12216	0.00062	0.14825	0.01513	0.69993	0.00368	0.00197	0.00642
1.00000	0.00139	0.00145	0.00086	0.03670	0.02901	0.01394	0.00349	0.88009	0.00259	0.03050
1.00000	0.11457	0.00205	0.00225	0.13440	0.01240	0.66657	0.01538	0.00361	0.04528	0.00349
1.00000	0.94163	0.00026	0.00260	0.00499	0.00110	0.02326	0.01155	0.00043	0.01347	0.00072
1.00000	0.00392	0.96209	0.01177	0.00130	0.00577	0.00730	0.00070	0.00259	0.00354	0.00100
0.00000	0.35285	0.00400	0.06754	0.12733	0.00421	0.28646	0.06003	0.04023	0.04967	0.00767
1.00000	0.05785	0.00591	0.62171	0.01835	0.10012	0.03649	0.01348	0.08999	0.01392	0.04217
1.00000	0.00861	0.00045	0.00296	0.01247	0.01015	0.91238	0.00189	0.00032	0.04906	0.00171
1.00000	0.01100	0.00996	0.03850	0.01441	0.59088	0.05160	0.08549	0.09000	0.01034	0.09781
1.00000	0.00865	0.03221	0.06443	0.03278	0.20607	0.01570	0.00333	0.60433	0.00078	0.03172
1.00000	0.03750	0.00824	0.47695	0.10302	0.00763	0.04175	0.06666	0.07657	0.14857	0.03310
1.00000	0.00200	0.00484	0.03041	0.10105	0.00579	0.03593	0.00436	0.00056	0.80798	0.00709
1.00000	0.00123	0.00015	0.00279	0.00111	0.00056	0.00245	0.99042	0.00003	0.00058	0.00069
1.00000	0.03241	0.00173	0.07861	0.02123	0.08588	0.00371	0.57169	0.00435	0.07168	0.12872
1.00000	0.00140	0.96840	0.00169	0.00916	0.00033	0.00497	0.00149	0.00990	0.00088	0.00177
0.00000	0.66044	0.00324	0.11259	0.08003	0.00912	0.07642	0.01038	0.01506	0.01974	0.01298
1.00000	0.00372	0.00196	0.00098	0.00442	0.00095	0.00159	0.00008	0.94712	0.00121	0.03796
1.00000	0.01930	0.02125	0.53115	0.01331	0.17836	0.03695	0.05775	0.07940	0.00989	0.05264
0.00000	0.14074	0.01431	0.13662	0.38395	0.02469	0.02263	0.05392	0.00128	0.20973	0.01214
1.00000	0.15902	0.02896	0.02757	0.03448	0.01100	0.58793	0.06369	0.03628	0.04410	0.00697
1.00000	0.00326	0.00656	0.00107	0.00254	0.00397	0.00603	0.00015	0.95731	0.00770	0.01141
1.00000	0.09020	0.00069	0.00519	0.06237	0.01634	0.15991	0.64297	0.00363	0.00648	0.01223
1.00000	0.92107	0.00035	0.03539	0.00891	0.00194	0.01264	0.00755	0.00506	0.00456	0.00253
1.00000	0.00922	0.00142	0.00460	0.69911	0.00860	0.20829	0.00279	0.00097	0.01766	0.04735
1.00000	0.00070	0.00007	0.00008	0.00120	0.77678	0.00096	0.00237	0.01365	0.01509	0.18911
1.00000	0.00400	0.00367	0.94558	0.00942	0.01682	0.00688	0.00570	0.00314	0.00430	0.00049
1.00000	0.03427	0.00377	0.00573	0.03836	0.57962	0.05704	0.04939	0.07203	0.04809	0.11169
1.00000	0.01470	0.03311	0.00570	0.09860	0.00193	0.80568	0.00099	0.00342	0.03160	0.00426
1.00000	0.01799	0.87821	0.00956	0.00316	0.00512	0.01524	0.02532	0.00939	0.02397	0.01205
1.00000	0.00473	0.04640	0.04039	0.00841	0.21671	0.04273	0.04188	0.50288	0.03219	0.06368
1.00000	0.01993	0.00901	0.11396	0.09724	0.06644	0.10238	0.12105	0.01043	0.41992	0.03963
1.00000	0.78955	0.00402	0.05377	0.04982	0.02550	0.00602	0.06415	0.00327	0.00169	0.00221
1.00000	0.00074	0.99125	0.00054	0.00119	0.00047	0.00109	0.00060	0.00206	0.00122	0.00083
1.00000	0.00497	0.00338	0.00897	0.02682	0.86123	0.00665	0.02889	0.03816	0.00401	0.01693
1.00000	0.00035	0.00018	0.00162	0.00390	0.87898	0.00247	0.04041	0.05865	0.00213	0.01131
1.00000	0.02871	0.00213	0.00060	0.01232	0.00950	0.91389	0.00122	0.00089	0.02573	0.00500
1.00000	0.00661	0.00896	0.00058	0.02830	0.01497	0.72739	0.00520	0.09065	0.09501	0.02233
1.00000	0.00022	0.00014	0.00104	0.00745	0.08789	0.00123	0.00095	0.02534	0.00659	0.86916
1.00000	0.83699	0.00122	0.03172	0.02636	0.00600	0.05726	0.01247	0.00225	0.01627	0.00945
1.00000	0.00147	0.01760	0.94234	0.01337	0.00477	0.00168	0.01304	0.00034	0.00437	0.00101
1.00000	0.00411	0.90175	0.00465	0.00307	0.00229	0.00676	0.00193	0.03145	0.02670	0.01730
1.00000	0.00984	0.00190	0.01677	0.00771	0.83101	0.01641	0.04609	0.02590	0.01824	0.02614
1.00000	0.89938	0.00495	0.00463	0.00369	0.00824	0.03095	0.00622	0.00866	0.02190	0.01138
1.00000	0.00134	0.00016	0.00099	0.00628	0.01653	0.00064	0.00012	0.97161	0.00007	0.00226
1.00000	0.02833	0.02166	0.04928	0.08949	0.08132	0.04323	0.06040	0.02034	0.38079	0.22519
1.00000	0.03945	0.00328	0.00157	0.18079	0.10599	0.30351	0.02772	0.07648	0.05286	0.20833
0.00000	0.01155	0.33979	0.01234	0.01348	0.01202	0.23181	0.00122	0.13162	0.03820	0.20797
1.00000	0.00104	0.00574	0.02256	0.02144	0.10586	0.04703	0.00364	0.00430	0.02344	0.76494
1.00000	0.07671	0.00732	0.00737	0.20125	0.01820	0.42973	0.02224	0.01696	0.18874	0.03149
1.00000	0.03267	0.07368	0.00624	0.21283	0.02198	0.24915	0.08185	0.00609	0.16500	0.15052
1.00000	0.00019	0.00005	0.00261	0.00444	0.92485	0.00461	0.01200	0.01334	0.00411	0.03379
1.00000	0.00364	0.00554	0.03611	0.06247	0.15034	0.00221	0.00505	0.62520	0.00185	0.10759
1.00000	0.00226	0.89557	0.00102	0.00799	0.00315	0.00393	0.00035	0.07856	0.00230	0.00486
1.00000	0.01389	0.00681	0.00296	0.00747	0.01873	0.01353	0.00202	0.87962	0.02544	0.02952
1.00000	0.00187	0.02023	0.02320	0.01465	0.00319	0.00787	0.00036	0.78936	0.02167	0.11761
1.00000	0.03886	0.05920	0.61266	0.20149	0.00454	0.04424	0.01138	0.01047	0.01600	0.00117
1.00000	0.00069	0.00101	0.98101	0.01554	0.00028	0.00012	0.00033	0.00062	0.00032	0.00008
1.00000	0.00109	0.98147	0.00069	0.00601	0.00032	0.00184	0.00083	0.00546	0.00034	0.00196
1.00000	0.00415	0.95052	0.01526	0.00169	0.00089	0.00386	0.00037	0.01568	0.00331	0.00428
1.00000	0.00057	0.00005	0.00082	0.00120	0.15421	0.04965	0.00212	0.02227	0.00872	0.76039
1.00000	0.01394	0.93441	0.00578	0.00922	0.00777	0.01213	0.00337	0.00828	0.00058	0.00450
1.00000	0.76057	0.00136	0.02923	0.00209	0.00997	0.04611	0.08131	0.03071	0.00223	0.03644
1.00000	0.00052	0.00106	0.00303	0.00115	0.00035	0.02416	0.00038	0.00014	0.94465	0.02455
1.00000	0.94194	0.00049	0.00833	0.00072	0.00065	0.02839	0.01406	0.00075	0.00390	0.00076
1.00000	0.00011	0.00015	0.00130	0.00022	0.98600	0.00400	0.00111	0.00029	0.00030	0.00652
1.00000	0.00117	0.02749	0.00312	0.01994	0.68505	0.01405	0.03592	0.00910	0.04151	0.16263
1.00000	0.08133	0.00099	0.63271	0.06371	0.09929	0.01244	0.08418	0.00438	0.01973	0.00123
1.00000	0.02861	0.00633	0.01133	0.73531	0.00959	0.11427	0.00156	0.00463	0.07103	0.01735
1.00000	0.00215	0.00293	0.00260	0.00876	0.00068	0.00152	0.00034	0.97364	0.00081	0.00656
1.00000	0.93374	0.00129	0.02242	0.00663	0.01262	0.00733	0.00513	0.00314	0.00501	0.00268
1.00000	0.00121	0.00009	0.00210	0.00035	0.00125	0.00263	0.99105	0.00015	0.00028	0.00089
1.00000	0.00303	0.00038	0.02816	0.00238	0.83501	0.01811	0.00220	0.01659	0.00461	0.08952
1.00000	0.00456	0.02742	0.00302	0.16708	0.01226	0.00645	0.00037	0.73418	0.00639	0.03826
1.00000	0.03926	0.01283	0.25334	0.17907	0.02040	0.03101	0.00070	0.01390	0.38315	0.06635
1.00000	0.00264	0.93636	0.00295	0.00117	0.00427	0.01261	0.00264	0.01894	0.00411	0.01432
1.00000	0.00956	0.24238	0.05937	0.38935	0.00762	0.12837	0.00728	0.01954	0.05494	0.08158
1.00000	0.00240	0.00472	0.00875	0.72831	0.00436	0.01370	0.00099	0.01567	0.15856	0.06254
1.00000	0.00949	0.06503	0.78426	0.04433	0.01174	0.01637	0.03379	0.00202	0.02954	0.00341
1.00000	0.02408	0.01219	0.80167	0.02222	0.02739	0.00716	0.09248	0.00689	0.00132	0.00461
1.00000	0.13211	0.03733	0.32569	0.08970	0.00522	0.05961	0.01280	0.01811	0.31129	0.00814
1.00000	0.91319	0.00147	0.00305	0.00901	0.00093	0.01182	0.02226	0.00017	0.03757	0.00053
1.00000	0.00496	0.00102	0.79383	0.00763	0.08996	0.00907	0.01604	0.01867	0.00936	0.04946
1.00000	0.00442	0.00247	0.01012	0.88260	0.00061	0.04916	0.00829	0.03954	0.00215	0.00065
1.00000	0.02036	0.00293	0.02144	0.11861	0.00620	0.15946	0.03771	0.00956	0.60727	0.01644
1.00000	0.05587	0.00198	0.06612	0.00115	0.00279	0.02437	0.84264	0.00064	0.00241	0.00203
1.00000	0.00219	0.00725	0.00491	0.00599	0.02493	0.06066	0.00069	0.01813	0.05537	0.81988
0.00000	0.02529	0.14173	0.01403	0.17850	0.01884	0.13350	0.00194	0.27253	0.02212	0.19152
1.00000	0.00064	0.00453	0.04733	0.04089	0.13158	0.04479	0.63644	0.02211	0.01733	0.05436
1.00000	0.00506	0.00165	0.02089	0.04212	0.00310	0.08499	0.00107	0.00994	0.81634	0.01485
1.00000	0.00616	0.00032	0.00309	0.02998	0.00022	0.93247	0.01178	0.00078	0.01502	0.00019
1.00000	0.02005	0.04314	0.13949	0.01911	0.25644	0.02558	0.24429	0.00484	0.16412	0.08294
1.00000	0.00328	0.00076	0.01108	0.00562	0.15183	0.01002	0.00597	0.00273	0.01517	0.79354
1.00000	0.00153	0.00657	0.00312	0.00402	0.03284	0.03327	0.00057	0.76736	0.00101	0.14971
1.00000	0.00804	0.27244	0.55168	0.04336	0.00096	0.03721	0.03404	0.02064	0.02261	0.00902
1.00000	0.00031	0.00023	0.00178	0.00203	0.00438	0.00100	0.00036	0.98380	0.00025	0.00587
1.00000	0.02012	0.00119	0.02558	0.03265	0.00244	0.03208	0.00089	0.00225	0.82199	0.06080
1.00000	0.00554	0.01712	0.01457	0.33414	0.00588	0.14968	0.00153	0.07930	0.23460	0.15763
1.00000	0.07154	0.00474	0.00680	0.05555	0.02417	0.74966	0.02139	0.00224	0.04727	0.01664
1.00000	0.57275	0.00318	0.08743	0.01440	0.01646	0.04642	0.13390	0.01194	0.06013	0.05339
1.00000	0.01755	0.14250	0.20463	0.12644	0.00437	0.00332	0.00738	0.34225	0.11843	0.03312
1.00000	0.00038	0.00045	0.00302	0.00198	0.83556	0.01733	0.00115	0.00815	0.00282	0.12916
1.00000	0.00346	0.00040	0.00440	0.00516	0.07634	0.00177	0.00558	0.01747	0.00357	0.88185
1.00000	0.00244	0.01899	0.05623	0.69103	0.01778	0.16867	0.00618	0.01537	0.01683	0.00648
1.00000	0.01445	0.00118	0.00077	0.17426	0.00375	0.74698	0.00059	0.00145	0.04774	0.00883
1.00000	0.00283	0.00018	0.00344	0.00232	0.86660	0.01040	0.00107	0.09206	0.01276	0.00834
1.00000	0.01881	0.01869	0.18741	0.54119	0.00460	0.03503	0.06770	0.01623	0.10109	0.00925
1.00000	0.90004	0.00017	0.03458	0.02865	0.00081	0.02051	0.01354	0.00053	0.00072	0.00045
1.00000	0.00303	0.01633	0.77393	0.15580	0.00064	0.00723	0.00468	0.02903	0.00558	0.00375
1.00000	0.02003	0.01296	0.21555	0.00430	0.15511	0.00774	0.05710	0.04444	0.01291	0.46985
1.00000	0.17650	0.00702	0.00456	0.66203	0.00351	0.07015	0.01356	0.02733	0.03213	0.00321
1.00000	0.00052	0.98524	0.00103	0.00484	0.00033	0.00118	0.00080	0.00495	0.00039	0.00071
1.00000	0.02474	0.00207	0.00925	0.00538	0.00160	0.17358	0.77728	0.00046	0.00406	0.00157
1.00000	0.00142	0.00010	0.00007	0.00326	0.03323	0.01175	0.00084	0.03546	0.00158	0.91229
1.00000	0.00073	0.93785	0.00237	0.00250	0.00268	0.00321	0.00071	0.03678	0.00054	0.01265
1.00000	0.00071	0.00048	0.00003	0.01090	0.04679	0.01295	0.00161	0.10244	0.01608	0.80801
1.00000	0.02067	0.00348	0.01987	0.91109	0.00124	0.02471	0.00603	0.00117	0.00196	0.00978
0.00000	0.49151	0.01333	0.19528	0.07662	0.01608	0.07452	0.02464	0.08989	0.00915	0.00899
1.00000	0.00142	0.00332	0.04009	0.00564	0.62719	0.01582	0.10263	0.04493	0.00543	0.15353
1.00000	0.00093	0.00025	0.00045	0.00172	0.62848	0.06065	0.00271	0.03070	0.01741	0.25669
1.00000	0.00682	0.01396	0.04737	0.77957	0.00086	0.06158	0.00253	0.06826	0.01161	0.00744
1.00000	0.89688	0.00203	0.01402	0.00512	0.00387	0.05769	0.00836	0.00232	0.00096	0.00876
1.00000	0.00977	0.01077	0.00941	0.00644	0.76456	0.00333	0.10739	0.05224	0.00546	0.03063
1.00000	0.01847	0.00062	0.04475	0.02634	0.76537	0.04392	0.04837	0.01394	0.01176	0.02645
1.00000	0.00312	0.77415	0.00462	0.00848	0.00764	0.11418	0.00569	0.04751	0.02439	0.01024
1.00000	0.07312	0.00458	0.00586	0.49186	0.00270	0.15907	0.02205	0.02959	0.14522	0.06596
1.00000	0.62920	0.00815	0.07836	0.03373	0.02220	0.06219	0.08334	0.00557	0.03927	0.03799
1.00000	0.00074	0.00083	0.00042	0.00116	0.11973	0.02570	0.00106	0.01695	0.01174	0.82168
1.00000	0.00086	0.00011	0.00021	0.00106	0.11508	0.00691	0.00330	0.00354	0.01688	0.85206
1.00000	0.01098	0.18392	0.04272	0.00855	0.02061	0.17882	0.52264	0.00219	0.00942	0.02015
1.00000	0.01637	0.00999	0.08140	0.05005	0.00167	0.01085	0.00283	0.00036	0.82493	0.00156
1.00000	0.00355	0.07207	0.50817	0.21098	0.01815	0.02179	0.01454	0.09905	0.04112	0.01059
1.00000	0.01129	0.01246	0.00229	0.20611	0.05862	0.29840	0.02159	0.07147	0.01194	0.30581
1.00000	0.00372	0.13781	0.01331	0.01397	0.17499	0.03961	0.00241	0.43321	0.00453	0.17644
1.00000	0.01573	0.00428	0.01095	0.13695	0.00206	0.74899	0.05218	0.00106	0.02615	0.00164
0.00000	0.00531	0.00414	0.13120	0.24253	0.18250	0.07381	0.03389	0.19661	0.03804	0.09196
1.00000	0.01746	0.03336	0.02424	0.00566	0.01007	0.10214	0.00484	0.00337	0.72879	0.07005
1.00000	0.01151	0.00744	0.01340	0.01741	0.04308	0.03786	0.00587	0.11424	0.20006	0.54914
1.00000	0.01909	0.00262	0.78181	0.03221	0.05494	0.01586	0.03024	0.00691	0.04688	0.00944
1.00000	0.09611	0.02920	0.00398	0.00401	0.04489	0.76635	0.02490	0.00501	0.00996	0.01559
1.00000	0.01030	0.00014	0.90903	0.02916	0.01688	0.00540	0.01167	0.00766	0.00182	0.00794
1.00000	0.08305	0.00520	0.01859	0.52645	0.00225	0.12952	0.04473	0.07446	0.10363	0.01213
1.00000	0.05994	0.01807	0.04362	0.00877	0.00900	0.25542	0.03656	0.00369	0.53798	0.02695
1.00000	0.06004	0.02315	0.36390	0.10951	0.01398	0.07659	0.00388	0.00379	0.32395	0.02121
1.00000	0.00987	0.00223	0.01080	0.88781	0.00033	0.01966	0.00097	0.00390	0.06287	0.00155
1.00000	0.00166	0.00081	0.00121	0.01089	0.07638	0.02887	0.00178	0.01225	0.03207	0.83408
1.00000	0.00003	0.00021	0.00419	0.00010	0.00054	0.00547	0.98863	0.00006	0.00051	0.00026
1.00000	0.00921	0.07378	0.00436	0.01636	0.00758	0.01183	0.00022	0.74231	0.00184	0.13252
1.00000	0.95298	0.00020	0.00286	0.00080	0.00042	0.00156	0.04018	0.00018	0.00069	0.00011
1.00000	0.87301	0.00081	0.04213	0.01066	0.01717	0.04359	0.00650	0.00254	0.00219	0.00140
1.00000	0.00208	0.00103	0.00616	0.00505	0.03928	0.91776	0.01365	0.00579	0.00648	0.00270
1.00000	0.01531	0.00973	0.75976	0.05599	0.00090	0.00118	0.12643	0.01716	0.00680	0.00673
1.00000	0.00368	0.00442	0.05812	0.87426	0.00337	0.01251	0.00506	0.01091	0.02658	0.00110
1.00000	0.00859	0.00835	0.62173	0.07722	0.04443	0.01861	0.02230	0.05351	0.13181	0.01344
1.00000	0.00792	0.00644	0.00254	0.00420	0.00581	0.92071	0.00292	0.00127	0.04376	0.00443
1.00000	0.00330	0.94807	0.00239	0.01427	0.00976	0.00924	0.00372	0.00529	0.00160	0.00235
1.00000	0.76123	0.00868	0.07478	0.00161	0.01449	0.01588	0.10472	0.00930	0.00385	0.00546
1.00000	0.06099	0.01420	0.30335	0.15138	0.01269	0.01490	0.01517	0.38613	0.03233	0.00886
1.00000	0.00886	0.00347	0.04861	0.00493	0.01422	0.02424	0.00234	0.00055	0.88428	0.00850
0.00000	0.00059	0.01358	0.00215	0.01610	0.19686	0.02059	0.01396	0.01705	0.00404	0.71508
1.00000	0.04816	0.00013	0.03309	0.00343	0.64638	0.02010	0.01846	0.02249	0.00705	0.20070
1.00000	0.01188	0.07412	0.42875	0.06647	0.01489	0.02348	0.01434	0.01158	0.34796	0.00653
1.00000	0.00152	0.05715	0.84729	0.01422	0.01220	0.00767	0.01860	0.00409	0.03704	0.00023
0.00000	0.00234	0.02585	0.04472	0.35153	0.05933	0.06347	0.01326	0.01638	0.33683	0.08628
