1.00000	0.01047	0.93646	0.00820	0.00867	0.00804	0.00669	0.00420	0.01084	0.00034	0.00609
1.00000	0.00069	0.00105	0.00347	0.00450	0.00176	0.00108	0.00017	0.98321	0.00019	0.00388
1.00000	0.86557	0.00117	0.00507	0.00378	0.00138	0.01632	0.01564	0.00139	0.02350	0.06618
1.00000	0.01674	0.01385	0.00609	0.07535	0.00860	0.78905	0.00459	0.00778	0.06211	0.01583
1.00000	0.00224	0.01321	0.00189	0.01150	0.89505	0.01749	0.00215	0.03417	0.00554	0.01676
1.00000	0.00523	0.04912	0.03382	0.01658	0.16303	0.02466	0.00373	0.46939	0.01276	0.22167
1.00000	0.01407	0.00067	0.00038	0.03556	0.00073	0.93401	0.00063	0.00115	0.00894	0.00386
1.00000	0.06566	0.00519	0.55796	0.03309	0.07806	0.02319	0.20282	0.00840	0.00691	0.01871
0.00000	0.00462	0.01483	0.05404	0.00876	0.16176	0.04100	0.00679	0.16062	0.01128	0.53631
0.00000	0.05884	0.03565	0.02624	0.01874	0.37794	0.04622	0.04966	0.04638	0.08510	0.25524
1.00000	0.01077	0.89039	0.00808	0.00926	0.00473	0.00791	0.00152	0.04276	0.00049	0.02408
1.00000	0.01663	0.00183	0.93259	0.00532	0.00332	0.00095	0.03758	0.00055	0.00047	0.00077
1.00000	0.00164	0.04449	0.00827	0.00313	0.63684	0.08055	0.02279	0.03527	0.01847	0.14856
1.00000	0.00248	0.91770	0.00356	0.00608	0.01160	0.01951	0.00419	0.01781	0.00061	0.01647
1.00000	0.00473	0.75025	0.00806	0.07721	0.00628	0.01010	0.00127	0.10312	0.03691	0.00208
1.00000	0.02835	0.01953	0.08563	0.25238	0.06661	0.18586	0.12599	0.10163	0.05487	0.07916
1.00000	0.00138	0.94476	0.01255	0.00285	0.00709	0.00244	0.00627	0.01175	0.00020	0.01071
1.00000	0.00762	0.00170	0.00658	0.01815	0.00188	0.13959	0.81366	0.00104	0.00746	0.00232
1.00000	0.00003	0.00443	0.00137	0.00129	0.96328	0.00229	0.00094	0.00246	0.00059	0.02333
1.00000	0.00126	0.00364	0.01667	0.00686	0.21732	0.00990	0.00398	0.05177	0.01629	0.67231
1.00000	0.01883	0.01056	0.00457	0.82138	0.00098	0.09664	0.00105	0.00097	0.04446	0.00056
1.00000	0.00068	0.00123	0.00132	0.00967	0.75981	0.00848	0.00946	0.01152	0.03877	0.15906
1.00000	0.00004	0.00012	0.00013	0.00043	0.03002	0.00089	0.00021	0.04460	0.00178	0.92177
1.00000	0.15376	0.00470	0.03044	0.19151	0.00685	0.02026	0.02614	0.00951	0.50285	0.05399
1.00000	0.00045	0.00105	0.00165	0.00381	0.01276	0.00547	0.00168	0.01569	0.07810	0.87934
1.00000	0.73900	0.00125	0.08738	0.04852	0.00619	0.02522	0.05172	0.00466	0.02484	0.01122
1.00000	0.00600	0.00143	0.00291	0.02858	0.00255	0.00939	0.00091	0.78788	0.01542	0.14493
1.00000	0.08802	0.00032	0.05490	0.00100	0.00085	0.00535	0.82305	0.00301	0.02092	0.00258
1.00000	0.02669	0.02114	0.05927	0.02785	0.13334	0.23284	0.05220	0.01629	0.34487	0.08551
1.00000	0.00170	0.00016	0.00898	0.00023	0.00082	0.00108	0.98320	0.00057	0.00061	0.00265
1.00000	0.02745	0.67090	0.01903	0.04379	0.02169	0.02030	0.00753	0.08870	0.09109	0.00953
1.00000	0.05114	0.00110	0.00312	0.87127	0.00018	0.06524	0.00059	0.00146	0.00568	0.00021
1.00000	0.00553	0.90290	0.02204	0.00513	0.00044	0.03146	0.00320	0.02244	0.00558	0.00128
1.00000	0.07795	0.00579	0.09009	0.01584	0.58462	0.02744	0.04287	0.01622	0.05727	0.08190
1.00000	0.00584	0.00012	0.00985	0.00132	0.00219	0.00065	0.97888	0.00056	0.00024	0.00035
1.00000	0.01450	0.12456	0.64805	0.02822	0.00350	0.01041	0.12366	0.02516	0.01113	0.01081
1.00000	0.00792	0.01009	0.01266	0.01609	0.23408	0.17935	0.03618	0.04895	0.41356	0.04112
1.00000	0.89615	0.00200	0.02453	0.00324	0.00244	0.04232	0.00822	0.01117	0.00223	0.00770
1.00000	0.00747	0.13000	0.03555	0.02195	0.42116	0.08903	0.01570	0.07877	0.00449	0.19589
1.00000	0.04041	0.00437	0.34059	0.05000	0.02311	0.01446	0.01417	0.10088	0.25283	0.15918
1.00000	0.21591	0.00609	0.03152	0.45459	0.00516	0.17937	0.00934	0.00122	0.09142	0.00538
1.00000	0.00183	0.00286	0.96725	0.00387	0.00252	0.00207	0.00351	0.01283	0.00176	0.00148
1.00000	0.99593	0.00013	0.00051	0.00011	0.00017	0.00121	0.00025	0.00009	0.00073	0.00087
1.00000	0.00963	0.00260	0.03045	0.01985	0.25487	0.02488	0.04206	0.04019	0.00875	0.56672
1.00000	0.05332	0.00624	0.50964	0.22364	0.02270	0.02145	0.02585	0.00426	0.12867	0.00423
1.00000	0.00400	0.93251	0.01355	0.01289	0.00271	0.01817	0.00043	0.00708	0.00033	0.00833
1.00000	0.03397	0.00678	0.04331	0.73898	0.01628	0.08762	0.01541	0.01082	0.04139	0.00545
1.00000	0.00354	0.00628	0.03943	0.80458	0.00888	0.05717	0.00235	0.02498	0.03359	0.01920
0.00000	0.01115	0.00735	0.00369	0.47302	0.00309	0.08480	0.00028	0.00474	0.35806	0.05383
1.00000	0.03823	0.00062	0.01131	0.18384	0.03552	0.66040	0.04492	0.00266	0.01885	0.00364
1.00000	0.02261	0.01341	0.13973	0.01092	0.27163	0.06132	0.08568	0.04893	0.19301	0.15276
1.00000	0.01581	0.00283	0.00075	0.02642	0.00511	0.08684	0.85907	0.00024	0.00196	0.00097
1.00000	0.00903	0.02804	0.03343	0.04057	0.00257	0.01342	0.00040	0.68860	0.00551	0.17844
1.00000	0.07449	0.02350	0.01582	0.04917	0.07446	0.06154	0.01000	0.56830	0.02182	0.10090
1.00000	0.02888	0.00328	0.00239	0.12059	0.00033	0.79661	0.00165	0.01497	0.02959	0.00172
1.00000	0.02552	0.02390	0.08025	0.00456	0.21814	0.03104	0.01137	0.07061	0.01671	0.51790
1.00000	0.00981	0.01019	0.02068	0.00143	0.82082	0.02008	0.02441	0.00916	0.00862	0.07479
1.00000	0.02071	0.01436	0.02779	0.01466	0.67635	0.03013	0.05585	0.04973	0.02567	0.08476
1.00000	0.79730	0.00281	0.01748	0.01083	0.03356	0.00621	0.03294	0.03015	0.04605	0.02267
1.00000	0.00717	0.00261	0.00837	0.02964	0.06754	0.06161	0.03967	0.02383	0.50925	0.25030
1.00000	0.03599	0.00630	0.00247	0.06478	0.02620	0.62609	0.10330	0.00672	0.03973	0.08842
1.00000	0.57204	0.01180	0.02619	0.07407	0.03873	0.10488	0.00584	0.06341	0.00515	0.09787
1.00000	0.04320	0.00073	0.00087	0.00672	0.60870	0.06997	0.03358	0.02848	0.01728	0.19045
1.00000	0.00040	0.00281	0.00234	0.00237	0.08357	0.01624	0.00244	0.05132	0.00325	0.83524
1.00000	0.00217	0.00984	0.02734	0.03975	0.00503	0.00539	0.00402	0.86974	0.00191	0.03480
1.00000	0.00306	0.00301	0.00210	0.01777	0.06698	0.01509	0.00861	0.85869	0.00702	0.01766
1.00000	0.07304	0.00482	0.01504	0.06675	0.03536	0.05786	0.08718	0.17811	0.00522	0.47662
1.00000	0.00773	0.01343	0.00228	0.04196	0.00593	0.01649	0.00113	0.84344	0.02727	0.04033
1.00000	0.00207	0.00246	0.00213	0.00853	0.08764	0.00871	0.00244	0.08915	0.00479	0.79209
1.00000	0.06529	0.00779	0.10190	0.04697	0.12897	0.01787	0.54237	0.04313	0.03612	0.00958
1.00000	0.82425	0.00048	0.03895	0.00707	0.00087	0.05527	0.02894	0.00693	0.01049	0.02674
1.00000	0.08563	0.00110	0.00186	0.20803	0.01443	0.58215	0.03151	0.01899	0.02343	0.03286
1.00000	0.00621	0.04013	0.00126	0.00279	0.00211	0.88096	0.00169	0.00969	0.01720	0.03796
1.00000	0.02762	0.00339	0.04542	0.06035	0.05731	0.01420	0.66223	0.06830	0.03207	0.02911
1.00000	0.00783	0.00513	0.05721	0.00366	0.01114	0.16292	0.72680	0.00418	0.01961	0.00152
1.00000	0.02475	0.04153	0.06274	0.00909	0.05229	0.71750	0.00968	0.03060	0.04700	0.00481
1.00000	0.03556	0.02222	0.01641	0.06147	0.01688	0.01762	0.00357	0.41247	0.08008	0.33370
1.00000	0.41625	0.03073	0.01774	0.06635	0.04651	0.17682	0.01043	0.19348	0.01758	0.02413
1.00000	0.00153	0.00032	0.00085	0.00358	0.00593	0.00230	0.00079	0.97566	0.00106	0.00798
1.00000	0.01182	0.02091	0.00182	0.00517	0.01246	0.85094	0.00109	0.03302	0.04030	0.02247
1.00000	0.00199	0.00333	0.01998	0.01515	0.12693	0.02491	0.00409	0.01867	0.01105	0.77391
1.00000	0.00465	0.02735	0.01403	0.02407	0.58057	0.05425	0.08338	0.02528	0.07430	0.11212
1.00000	0.00338	0.00490	0.02672	0.02253	0.81577	0.01459	0.04453	0.03967	0.00218	0.02573
1.00000	0.00071	0.00024	0.00738	0.00516	0.16745	0.00261	0.00185	0.05418	0.00383	0.75658
1.00000	0.00099	0.00068	0.98319	0.01158	0.00030	0.00045	0.00082	0.00138	0.00036	0.00027
1.00000	0.98049	0.00242	0.00104	0.00298	0.00030	0.00317	0.00215	0.00099	0.00223	0.00424
1.00000	0.07161	0.00822	0.44649	0.03073	0.02624	0.04180	0.24491	0.03231	0.04828	0.04942
0.00000	0.00933	0.00321	0.00035	0.00264	0.01660	0.01388	0.00103	0.40623	0.00078	0.54595
1.00000	0.00085	0.89259	0.01384	0.01056	0.00177	0.00472	0.00650	0.04664	0.00015	0.02238
1.00000	0.01774	0.02053	0.02457	0.63233	0.00283	0.20152	0.01907	0.02638	0.03336	0.02167
1.00000	0.01164	0.00240	0.85658	0.00275	0.03407	0.01070	0.03158	0.01225	0.00194	0.03608
1.00000	0.84214	0.00799	0.04149	0.00375	0.00534	0.02920	0.01577	0.04341	0.00203	0.00889
1.00000	0.00306	0.00092	0.04652	0.00062	0.00112	0.03661	0.90851	0.00078	0.00174	0.00011
1.00000	0.00332	0.89280	0.04675	0.00839	0.00240	0.00680	0.00057	0.02048	0.00386	0.01462
1.00000	0.00866	0.00056	0.00089	0.01856	0.02717	0.00237	0.00056	0.91820	0.00653	0.01648
1.00000	0.00640	0.04848	0.03580	0.02454	0.18191	0.04769	0.00510	0.55627	0.03067	0.06312
0.00000	0.15526	0.00394	0.02049	0.02008	0.30084	0.04321	0.02078	0.19557	0.02922	0.21060
0.00000	0.00217	0.00032	0.00190	0.00641	0.18520	0.00398	0.00482	0.02801	0.07765	0.68954
1.00000	0.01085	0.00277	0.01789	0.00750	0.73909	0.01357	0.07337	0.06828	0.01200	0.05470
1.00000	0.00761	0.00030	0.00173	0.00430	0.00126	0.00322	0.00076	0.94568	0.00094	0.03420
1.00000	0.00514	0.14048	0.14659	0.01682	0.04723	0.06178	0.00771	0.43596	0.08934	0.04897
1.00000	0.00487	0.01403	0.07872	0.00719	0.25041	0.01394	0.56537	0.03613	0.00167	0.02768
1.00000	0.00281	0.00034	0.00967	0.00881	0.00012	0.00346	0.00008	0.00071	0.97125	0.00274
0.00000	0.07570	0.01061	0.04197	0.01161	0.40480	0.02541	0.17151	0.14121	0.04071	0.07647
1.00000	0.12106	0.01543	0.33808	0.20568	0.00525	0.05666	0.10859	0.00213	0.14406	0.00306
1.00000	0.01785	0.00179	0.00457	0.01473	0.00089	0.88206	0.00195	0.00189	0.07392	0.00035
1.00000	0.02664	0.00121	0.05136	0.00180	0.65902	0.05786	0.07318	0.06346	0.03356	0.03191
1.00000	0.14471	0.01424	0.05218	0.67872	0.01392	0.03641	0.01065	0.01554	0.03022	0.00341
1.00000	0.00170	0.00886	0.00129	0.00086	0.68979	0.01467	0.00789	0.01866	0.01547	0.24083
1.00000	0.00027	0.00044	0.00016	0.00650	0.00138	0.00059	0.00009	0.98652	0.00026	0.00379
0.00000	0.19594	0.01450	0.09844	0.18071	0.05228	0.10963	0.04836	0.05737	0.07997	0.16281
1.00000	0.02322	0.00023	0.00085	0.00377	0.00095	0.00324	0.00032	0.00137	0.93242	0.03364
1.00000	0.00239	0.00191	0.00276	0.04430	0.01893	0.02606	0.00275	0.00721	0.84527	0.04843
1.00000	0.00131	0.07156	0.00143	0.01146	0.00456	0.00867	0.01431	0.79845	0.00891	0.07933
1.00000	0.00643	0.79327	0.00342	0.06052	0.02038	0.05180	0.00360	0.03701	0.00623	0.01734
1.00000	0.06846	0.00266	0.03815	0.74188	0.00053	0.12995	0.00189	0.00474	0.00927	0.00247
1.00000	0.00777	0.00083	0.01750	0.00038	0.01418	0.00570	0.94831	0.00375	0.00074	0.00084
1.00000	0.00052	0.00027	0.00230	0.00236	0.16271	0.01193	0.00112	0.05835	0.04055	0.71989
1.00000	0.00127	0.91346	0.01285	0.00089	0.00404	0.00645	0.00294	0.02856	0.00054	0.02900
1.00000	0.00152	0.02856	0.01183	0.00580	0.01373	0.01595	0.00200	0.88656	0.00231	0.03174
1.00000	0.00296	0.00247	0.01583	0.00539	0.79812	0.01093	0.03805	0.02132	0.00819	0.09673
0.00000	0.01365	0.03426	0.11730	0.09839	0.27061	0.04253	0.24120	0.15562	0.00515	0.02128
1.00000	0.06043	0.00800	0.21748	0.52430	0.00117	0.04816	0.07156	0.03462	0.02649	0.00780
1.00000	0.78637	0.00446	0.03923	0.01724	0.00387	0.10792	0.00550	0.00643	0.02276	0.00622
1.00000	0.01785	0.12568	0.00325	0.08414	0.01739	0.45840	0.00249	0.12798	0.04514	0.11768
1.00000	0.03561	0.00219	0.02018	0.74142	0.00232	0.15514	0.02138	0.00581	0.00978	0.00616
1.00000	0.02242	0.00238	0.61331	0.04149	0.04612	0.01557	0.21922	0.01803	0.01041	0.01104
1.00000	0.02303	0.02656	0.09791	0.59945	0.02007	0.02742	0.01771	0.01156	0.14818	0.02812
1.00000	0.12376	0.00146	0.01582	0.10848	0.00229	0.71683	0.01382	0.00429	0.01065	0.00260
1.00000	0.04591	0.00130	0.00232	0.06312	0.00066	0.78200	0.00259	0.00354	0.09782	0.00075
1.00000	0.00014	0.00008	0.00008	0.00162	0.04590	0.00069	0.00011	0.00776	0.00397	0.93966
1.00000	0.06056	0.00336	0.07309	0.21184	0.06586	0.28967	0.03016	0.03386	0.08186	0.14975
1.00000	0.00495	0.00089	0.00883	0.00745	0.01141	0.00933	0.95342	0.00083	0.00211	0.00078
1.00000	0.00067	0.00242	0.00015	0.00407	0.93051	0.00474	0.00209	0.02038	0.00146	0.03351
1.00000	0.88991	0.00040	0.00489	0.01137	0.00043	0.04667	0.01074	0.01129	0.00230	0.02199
1.00000	0.00255	0.00651	0.00582	0.01561	0.03539	0.03236	0.00214	0.05482	0.67893	0.16585
1.00000	0.97164	0.00039	0.00158	0.00209	0.00129	0.00970	0.00139	0.00052	0.00100	0.01040
1.00000	0.01893	0.01104	0.03186	0.09371	0.00675	0.06144	0.02374	0.70011	0.01061	0.04181
1.00000	0.23113	0.04583	0.41854	0.12610	0.00604	0.05881	0.05735	0.01024	0.04102	0.00495
1.00000	0.01919	0.01398	0.02254	0.03851	0.07613	0.09227	0.02086	0.22715	0.31497	0.17441
1.00000	0.09535	0.00631	0.03606	0.27538	0.00718	0.11947	0.03188	0.01644	0.38922	0.02270
1.00000	0.15344	0.00304	0.02214	0.12440	0.00188	0.27241	0.01352	0.00173	0.40466	0.00280
1.00000	0.00095	0.00110	0.00077	0.00187	0.00062	0.00038	0.00010	0.96810	0.00015	0.02596
1.00000	0.03949	0.04302	0.32226	0.27962	0.00232	0.01607	0.00279	0.05709	0.19658	0.04077
1.00000	0.02225	0.00412	0.09769	0.04593	0.01059	0.06275	0.69165	0.01977	0.03258	0.01266
1.00000	0.87430	0.00828	0.01186	0.00515	0.00720	0.05773	0.00537	0.01634	0.00256	0.01122
1.00000	0.01751	0.00889	0.00355	0.02605	0.02601	0.79772	0.01579	0.00582	0.01055	0.08810
1.00000	0.05831	0.01346	0.01249	0.16867	0.00263	0.59125	0.00426	0.01257	0.11716	0.01922
1.00000	0.06431	0.00630	0.77437	0.04109	0.00440	0.01122	0.02494	0.04645	0.01924	0.00768
1.00000	0.00466	0.01648	0.01443	0.03852	0.00334	0.89639	0.00505	0.00139	0.01913	0.00061
1.00000	0.00980	0.68079	0.01695	0.07924	0.01479	0.03688	0.00338	0.05791	0.02282	0.07742
1.00000	0.00666	0.00161	0.05109	0.89339	0.00083	0.01484	0.00066	0.00069	0.02965	0.00059
1.00000	0.02994	0.00871	0.12374	0.04344	0.04695	0.00775	0.64082	0.03022	0.04233	0.02609
1.00000	0.05789	0.00415	0.06208	0.02999	0.59882	0.06910	0.11834	0.01462	0.01621	0.02880
1.00000	0.01218	0.07940	0.01646	0.10158	0.00530	0.00269	0.00119	0.61716	0.01078	0.15325
1.00000	0.00157	0.00282	0.01972	0.00109	0.92569	0.00465	0.00551	0.02538	0.00071	0.01284
1.00000	0.97354	0.00025	0.00112	0.00191	0.00094	0.00930	0.00501	0.00297	0.00107	0.00389
0.00000	0.04595	0.06869	0.21153	0.17465	0.00246	0.04637	0.00250	0.00308	0.44044	0.00432
1.00000	0.29338	0.01269	0.14104	0.05115	0.04379	0.02767	0.23819	0.13561	0.01717	0.03931
0.00000	0.11038	0.00294	0.23002	0.29569	0.00556	0.01480	0.00831	0.24614	0.04906	0.03710
1.00000	0.00113	0.00039	0.00090	0.00319	0.01469	0.06913	0.02733	0.01466	0.00499	0.86360
1.00000	0.03230	0.00668	0.83494	0.06983	0.00423	0.01569	0.00452	0.01449	0.01410	0.00321
1.00000	0.01074	0.00270	0.00018	0.09905	0.00173	0.84601	0.00279	0.00224	0.02709	0.00746
0.00000	0.37542	0.00888	0.25739	0.01356	0.00480	0.02291	0.12064	0.01570	0.13882	0.04188
0.00000	0.01064	0.02049	0.03586	0.01527	0.30785	0.12822	0.13300	0.02968	0.13055	0.18843
1.00000	0.00113	0.00760	0.00872	0.02604	0.08993	0.05855	0.01046	0.02044	0.15429	0.62284
1.00000	0.00034	0.00082	0.00040	0.00118	0.05390	0.00909	0.00049	0.02362	0.00090	0.90926
1.00000	0.02122	0.00240	0.19509	0.02540	0.05525	0.00849	0.61012	0.02905	0.04105	0.01193
1.00000	0.01588	0.00233	0.01586	0.05785	0.00741	0.00815	0.00406	0.01312	0.83571	0.03964
1.00000	0.17309	0.00322	0.66079	0.04531	0.01577	0.00469	0.01578	0.00845	0.06804	0.00485
1.00000	0.67330	0.00209	0.05667	0.02306	0.00539	0.04593	0.04093	0.02552	0.05770	0.06941
1.00000	0.01214	0.03012	0.00723	0.11064	0.00928	0.03924	0.00087	0.01400	0.73326	0.04321
1.00000	0.00847	0.02407	0.00063	0.00869	0.00039	0.90301	0.01462	0.00041	0.03907	0.00063
1.00000	0.00148	0.00310	0.00047	0.00733	0.80474	0.00348	0.01471	0.01502	0.00833	0.14133
1.00000	0.01623	0.00091	0.01329	0.00096	0.00693	0.00299	0.95687	0.00149	0.00020	0.00012
1.00000	0.05580	0.00394	0.08899	0.00272	0.51271	0.02320	0.04021	0.00477	0.02454	0.24313
1.00000	0.00949	0.00430	0.00075	0.02257	0.00039	0.00332	0.00021	0.94885	0.00149	0.00863
1.00000	0.06463	0.01119	0.01967	0.61721	0.03405	0.04895	0.00508	0.06395	0.09485	0.04042
1.00000	0.00269	0.00075	0.01208	0.00509	0.00224	0.03082	0.00342	0.01505	0.91996	0.00791
0.00000	0.06618	0.02026	0.22197	0.08714	0.00156	0.01656	0.00321	0.02667	0.54591	0.01054
1.00000	0.32271	0.00785	0.05864	0.01182	0.06946	0.02335	0.19959	0.16684	0.02657	0.11317
1.00000	0.01248	0.01782	0.01602	0.57584	0.06572	0.12467	0.03390	0.01913	0.08243	0.05199
1.00000	0.00759	0.00482	0.00277	0.00095	0.00244	0.08482	0.88862	0.00067	0.00634	0.00098
1.00000	0.00239	0.96309	0.01254	0.00301	0.00165	0.00114	0.00030	0.01232	0.00142	0.00213
1.00000	0.02344	0.00528	0.00456	0.68146	0.00082	0.10705	0.00076	0.00283	0.12834	0.04546
1.00000	0.16498	0.00935	0.02873	0.17330	0.01206	0.04650	0.00527	0.00574	0.48068	0.07339
1.00000	0.04758	0.00287	0.00946	0.05992	0.00643	0.02968	0.02402	0.00511	0.72216	0.09276
1.00000	0.00726	0.00349	0.00070	0.00146	0.00368	0.94078	0.02505	0.00079	0.00471	0.01207
0.00000	0.21144	0.02195	0.10524	0.28970	0.01929	0.04955	0.04090	0.04447	0.10624	0.11122
1.00000	0.08170	0.00404	0.07479	0.62414	0.01243	0.03103	0.01295	0.00727	0.14334	0.00831
0.00000	0.42481	0.01905	0.04222	0.36951	0.00069	0.07944	0.00456	0.01827	0.03971	0.00176
1.00000	0.01108	0.00153	0.00404	0.00698	0.51861	0.05497	0.05820	0.03577	0.04419	0.26463
1.00000	0.01468	0.01085	0.14169	0.53623	0.00193	0.06551	0.00334	0.06231	0.15914	0.00431
0.00000	0.02289	0.01292	0.49951	0.10920	0.04071	0.05236	0.14285	0.07894	0.02428	0.01635
1.00000	0.07855	0.01570	0.02416	0.16417	0.03216	0.09080	0.04438	0.03513	0.37338	0.14157
1.00000	0.02846	0.00503	0.07350	0.16453	0.01863	0.06979	0.01431	0.08915	0.48841	0.04820
1.00000	0.96395	0.00009	0.00061	0.00120	0.00012	0.01292	0.00104	0.00044	0.00067	0.01895
1.00000	0.00437	0.00055	0.00050	0.09556	0.00249	0.88959	0.00057	0.00107	0.00487	0.00042
1.00000	0.00686	0.00094	0.03999	0.92307	0.00023	0.02212	0.00010	0.00089	0.00517	0.00063
1.00000	0.04914	0.00087	0.06075	0.00216	0.55914	0.05107	0.09742	0.07393	0.05048	0.05504
1.00000	0.00677	0.05992	0.04914	0.02507	0.58813	0.06083	0.08866	0.04827	0.02606	0.04717
1.00000	0.00032	0.00035	0.00134	0.01241	0.00896	0.00071	0.00028	0.01631	0.01212	0.94721
1.00000	0.02681	0.00829	0.00340	0.01933	0.14855	0.15902	0.01131	0.29695	0.01850	0.30784
1.00000	0.01122	0.00321	0.13719	0.75252	0.00089	0.02699	0.00139	0.00242	0.06295	0.00122
1.00000	0.00322	0.00179	0.03272	0.04277	0.04832	0.01945	0.00925	0.08334	0.04331	0.71583
1.00000	0.02100	0.01404	0.03172	0.01801	0.01228	0.26396	0.00969	0.00114	0.47895	0.14921
1.00000	0.00017	0.00055	0.00017	0.00270	0.02859	0.00606	0.00049	0.04336	0.01541	0.90250
1.00000	0.01344	0.00620	0.00440	0.13009	0.00953	0.11018	0.01226	0.00824	0.58195	0.12370
1.00000	0.92229	0.00836	0.01185	0.00069	0.00066	0.00687	0.00894	0.00213	0.01394	0.02426
1.00000	0.00163	0.85724	0.09357	0.00544	0.00327	0.01070	0.00176	0.00842	0.01044	0.00752
1.00000	0.00269	0.00071	0.00338	0.45517	0.00322	0.03690	0.00067	0.00505	0.36506	0.12716
1.00000	0.92779	0.00120	0.00978	0.00854	0.00045	0.03676	0.00366	0.00092	0.00734	0.00355
1.00000	0.03726	0.01139	0.69523	0.03409	0.11755	0.01598	0.01158	0.02257	0.00205	0.05230
1.00000	0.00422	0.00262	0.00097	0.00949	0.08888	0.01683	0.00045	0.09086	0.07145	0.71424
1.00000	0.00041	0.00410	0.00051	0.00264	0.01437	0.00093	0.00014	0.93796	0.00121	0.03774
1.00000	0.01702	0.00257	0.02241	0.02428	0.01041	0.10088	0.07532	0.00319	0.72813	0.01578
1.00000	0.14558	0.00153	0.04002	0.01252	0.02711	0.08621	0.02676	0.54327	0.05031	0.06668
1.00000	0.98721	0.00044	0.00111	0.00042	0.00014	0.00164	0.00125	0.00088	0.00211	0.00481
1.00000	0.00117	0.00811	0.00039	0.00930	0.03564	0.00803	0.00409	0.11984	0.02895	0.78449
1.00000	0.04505	0.00300	0.20134	0.00569	0.01327	0.00282	0.70039	0.00271	0.00811	0.01761
1.00000	0.00375	0.02088	0.00378	0.00701	0.00229	0.00064	0.00036	0.88952	0.00337	0.06840
1.00000	0.01901	0.00024	0.00515	0.00237	0.81830	0.04924	0.01087	0.03221	0.00208	0.06053
1.00000	0.01069	0.00046	0.00185	0.01367	0.00307	0.00397	0.00095	0.90287	0.00125	0.06122
1.00000	0.03109	0.56981	0.08652	0.08741	0.02606	0.01009	0.00789	0.05238	0.12542	0.00331
1.00000	0.00109	0.00119	0.00084	0.00278	0.05937	0.01413	0.00099	0.02246	0.04725	0.84989
1.00000	0.02233	0.00467	0.58935	0.19391	0.00220	0.03716	0.04518	0.08730	0.01146	0.00644
1.00000	0.26990	0.02485	0.28256	0.10851	0.04303	0.05619	0.09982	0.02443	0.04815	0.04256
1.00000	0.01389	0.02966	0.65009	0.20823	0.00247	0.01030	0.02269	0.00416	0.03316	0.02537
1.00000	0.00509	0.93687	0.01091	0.00747	0.00312	0.01543	0.00115	0.00372	0.00061	0.01564
1.00000	0.00153	0.00231	0.04935	0.02900	0.00622	0.04120	0.00329	0.00173	0.83359	0.03179
1.00000	0.00720	0.00338	0.00281	0.89840	0.00332	0.01143	0.00011	0.00222	0.06280	0.00834
1.00000	0.00728	0.00334	0.00169	0.83258	0.00503	0.03321	0.00106	0.00081	0.10706	0.00793
1.00000	0.00190	0.00042	0.00772	0.84377	0.00046	0.05985	0.00022	0.00167	0.07793	0.00606
1.00000	0.03260	0.00253	0.00464	0.02722	0.00431	0.02218	0.00180	0.86660	0.00186	0.03625
1.00000	0.56335	0.00404	0.10074	0.11269	0.00679	0.05575	0.05131	0.07069	0.00710	0.02753
1.00000	0.19888	0.00931	0.01666	0.00585	0.08911	0.06944	0.04076	0.06690	0.15669	0.34639
1.00000	0.43841	0.00896	0.05325	0.00256	0.04800	0.02095	0.09173	0.21220	0.02593	0.09803
0.00000	0.00839	0.00118	0.01039	0.42265	0.00856	0.05156	0.00234	0.00463	0.45165	0.03865
1.00000	0.00338	0.96375	0.01059	0.00129	0.00117	0.00252	0.00170	0.00973	0.00028	0.00558
1.00000	0.05260	0.01599	0.00278	0.61113	0.00099	0.25110	0.01550	0.00408	0.04329	0.00254
1.00000	0.00787	0.02692	0.00277	0.03153	0.03066	0.05158	0.01594	0.80316	0.00171	0.02786
1.00000	0.02664	0.00040	0.00027	0.03146	0.00301	0.89592	0.02516	0.00095	0.00538	0.01081
1.00000	0.02619	0.29819	0.00920	0.05521	0.00256	0.45292	0.09350	0.01221	0.04583	0.00419
1.00000	0.01850	0.00671	0.00981	0.03288	0.02238	0.03335	0.00507	0.03207	0.76616	0.07309
1.00000	0.01374	0.02272	0.00718	0.03838	0.03351	0.01259	0.00152	0.71230	0.00308	0.15498
1.00000	0.01704	0.00200	0.01174	0.03358	0.00496	0.05999	0.00724	0.04675	0.75358	0.06313
1.00000	0.00256	0.13168	0.01246	0.01005	0.57257	0.01169	0.03318	0.03289	0.01299	0.17991
1.00000	0.00931	0.01180	0.00129	0.07981	0.00060	0.79552	0.00606	0.00153	0.08857	0.00551
1.00000	0.03786	0.00459	0.09082	0.01283	0.74029	0.01239	0.03450	0.01091	0.03651	0.01930
1.00000	0.00695	0.00396	0.79208	0.04539	0.01233	0.00331	0.08732	0.02941	0.01150	0.00775
1.00000	0.00339	0.02676	0.00102	0.00594	0.02048	0.00540	0.01015	0.04538	0.18556	0.69592
1.00000	0.00245	0.96059	0.00529	0.00126	0.00251	0.00717	0.00142	0.01001	0.00064	0.00866
1.00000	0.00147	0.02828	0.00490	0.00096	0.70511	0.09269	0.01369	0.02403	0.00236	0.12651
1.00000	0.01003	0.00635	0.02466	0.09517	0.00341	0.07344	0.00568	0.00887	0.74403	0.02838
1.00000	0.00015	0.00049	0.00040	0.00166	0.03334	0.00597	0.00031	0.09215	0.00312	0.86242
1.00000	0.03873	0.01167	0.00111	0.06518	0.00736	0.66390	0.00107	0.03775	0.13894	0.03428
0.00000	0.01764	0.04634	0.01814	0.28102	0.09856	0.25256	0.02662	0.09713	0.01155	0.15043
1.00000	0.00053	0.00154	0.00149	0.00143	0.00047	0.01205	0.00022	0.00800	0.96441	0.00986
1.00000	0.01962	0.00864	0.13660	0.30691	0.00473	0.05245	0.01078	0.00418	0.44628	0.00979
1.00000	0.87187	0.00088	0.01887	0.01231	0.00343	0.01334	0.04083	0.00356	0.03131	0.00359
1.00000	0.02568	0.00648	0.01022	0.17903	0.03733	0.46412	0.20072	0.00243	0.06664	0.00735
1.00000	0.21570	0.01245	0.40394	0.09620	0.05388	0.08614	0.03892	0.00758	0.07267	0.01252
1.00000	0.03435	0.00109	0.00066	0.01841	0.01294	0.28166	0.59887	0.00069	0.04969	0.00164
1.00000	0.06743	0.00411	0.08339	0.09514	0.00668	0.02409	0.00731	0.60693	0.08093	0.02398
1.00000	0.01443	0.01567	0.01675	0.72285	0.00773	0.06531	0.02125	0.06071	0.03272	0.04259
1.00000	0.00026	0.00055	0.00014	0.00194	0.07706	0.00115	0.00167	0.00966	0.00577	0.90180
1.00000	0.02284	0.01121	0.78863	0.08668	0.00221	0.01954	0.00805	0.00354	0.05263	0.00467
1.00000	0.01681	0.01787	0.00878	0.03395	0.00240	0.05028	0.00217	0.00844	0.85398	0.00531
1.00000	0.01018	0.00686	0.00267	0.01706	0.02557	0.81640	0.06135	0.01215	0.00895	0.03881
0.00000	0.02994	0.00482	0.13850	0.15764	0.09094	0.04886	0.09842	0.23023	0.12156	0.07909
1.00000	0.00178	0.00741	0.00174	0.00370	0.05809	0.01833	0.00161	0.09037	0.00412	0.81285
1.00000	0.02755	0.00101	0.86400	0.00975	0.00222	0.00158	0.01394	0.06647	0.01134	0.00214
1.00000	0.01300	0.00348	0.06269	0.01314	0.02148	0.00296	0.86516	0.00366	0.01011	0.00432
1.00000	0.00032	0.00100	0.00242	0.00176	0.09193	0.00386	0.00051	0.04923	0.00199	0.84697
1.00000	0.00228	0.02652	0.67780	0.07749	0.01391	0.01729	0.06153	0.07670	0.01462	0.03186
1.00000	0.92393	0.00103	0.00641	0.00911	0.00047	0.02966	0.00199	0.00719	0.00914	0.01108
1.00000	0.01442	0.13324	0.03274	0.01910	0.02589	0.15821	0.59555	0.00604	0.00597	0.00884
0.00000	0.00894	0.00097	0.02181	0.06971	0.00580	0.01867	0.00677	0.00178	0.82743	0.03812
1.00000	0.94640	0.00316	0.00129	0.01142	0.00100	0.02353	0.00494	0.00018	0.00255	0.00553
1.00000	0.18081	0.00658	0.05408	0.00819	0.01566	0.27318	0.44055	0.00459	0.01067	0.00568
1.00000	0.51537	0.00285	0.00949	0.04037	0.00769	0.27548	0.01060	0.09592	0.00768	0.03453
1.00000	0.01973	0.00598	0.01904	0.63281	0.00116	0.20956	0.06257	0.00707	0.03848	0.00361
1.00000	0.01010	0.00443	0.81242	0.06180	0.00233	0.01488	0.00312	0.04258	0.00869	0.03967
1.00000	0.00231	0.00149	0.01375	0.00102	0.00693	0.00144	0.95867	0.00199	0.01011	0.00230
1.00000	0.05836	0.06797	0.05049	0.08423	0.01952	0.09696	0.01603	0.13728	0.04719	0.42199
1.00000	0.00290	0.00483	0.00171	0.01403	0.00056	0.00258	0.00015	0.89624	0.00338	0.07362
1.00000	0.00144	0.00049	0.00316	0.00372	0.10354	0.00251	0.01704	0.03966	0.00893	0.81951
1.00000	0.74370	0.00058	0.00844	0.01539	0.00057	0.12916	0.00195	0.00585	0.04020	0.05415
1.00000	0.00911	0.00200	0.00349	0.04942	0.03562	0.04492	0.00283	0.17063	0.02056	0.66142
0.00000	0.24317	0.00360	0.03485	0.41913	0.00772	0.03427	0.00334	0.00233	0.24002	0.01157
1.00000	0.02609	0.00453	0.02148	0.01805	0.07559	0.02842	0.01242	0.00482	0.62613	0.18248
1.00000	0.01088	0.00050	0.11533	0.00099	0.17371	0.00326	0.67463	0.00353	0.00739	0.00979
1.00000	0.00984	0.00230	0.00588	0.01450	0.00972	0.01008	0.00330	0.84975	0.02791	0.06672
1.00000	0.10428	0.00093	0.00099	0.09344	0.00485	0.70118	0.00962	0.00126	0.07573	0.00771
1.00000	0.91614	0.00082	0.00995	0.00275	0.00069	0.03250	0.00666	0.00134	0.01674	0.01242
1.00000	0.00646	0.96124	0.01110	0.00336	0.00073	0.00779	0.00160	0.00427	0.00198	0.00147
0.00000	0.37363	0.00207	0.02578	0.20791	0.00365	0.25431	0.02158	0.03303	0.06799	0.01006
1.00000	0.07178	0.00611	0.62460	0.00829	0.08214	0.01040	0.05840	0.02829	0.01040	0.09957
1.00000	0.05416	0.00032	0.00321	0.00183	0.00043	0.85405	0.00107	0.00019	0.08438	0.00035
1.00000	0.01088	0.02457	0.01814	0.01419	0.58900	0.00853	0.06313	0.07319	0.06176	0.13661
1.00000	0.00260	0.04973	0.03514	0.01435	0.06241	0.00475	0.01304	0.78856	0.00278	0.02662
1.00000	0.05063	0.01407	0.32913	0.25955	0.00946	0.03069	0.02853	0.13195	0.12975	0.01624
1.00000	0.02318	0.00049	0.02407	0.04940	0.01165	0.02536	0.00297	0.00088	0.80473	0.05727
1.00000	0.00171	0.00041	0.00414	0.00028	0.00100	0.00681	0.98300	0.00014	0.00233	0.00017
1.00000	0.08311	0.00045	0.07552	0.01031	0.12164	0.00588	0.48585	0.01278	0.12449	0.07997
1.00000	0.00416	0.95513	0.01356	0.00248	0.00082	0.00232	0.00430	0.00974	0.00008	0.00742
0.00000	0.62265	0.00788	0.15080	0.07060	0.00160	0.04243	0.00248	0.03298	0.04466	0.02390
1.00000	0.00027	0.00074	0.00064	0.00526	0.00315	0.00083	0.00113	0.97177	0.00125	0.01497
1.00000	0.01805	0.05334	0.65236	0.01248	0.06413	0.04281	0.06216	0.05801	0.01155	0.02511
0.00000	0.24998	0.00103	0.16016	0.20067	0.00982	0.02636	0.03326	0.01322	0.29113	0.01435
1.00000	0.15659	0.00254	0.00713	0.07020	0.02237	0.60287	0.05721	0.00597	0.04596	0.02916
1.00000	0.00150	0.00050	0.00049	0.01561	0.00289	0.00663	0.00026	0.93800	0.02309	0.01103
1.00000	0.13419	0.00104	0.01444	0.04908	0.01115	0.11989	0.63702	0.00519	0.01044	0.01757
1.00000	0.87336	0.00278	0.04013	0.00223	0.00303	0.00459	0.02883	0.00265	0.01757	0.02483
1.00000	0.02227	0.00178	0.00881	0.56071	0.02907	0.22400	0.00592	0.00232	0.09510	0.05003
1.00000	0.00015	0.00503	0.00028	0.00706	0.82725	0.00132	0.00237	0.00763	0.04174	0.10717
1.00000	0.01185	0.00944	0.87763	0.02837	0.00369	0.00105	0.06214	0.00326	0.00181	0.00078
1.00000	0.02226	0.00256	0.00353	0.01894	0.43493	0.04202	0.10634	0.07518	0.14339	0.15086
1.00000	0.11829	0.00439	0.00549	0.17608	0.00367	0.60887	0.00360	0.00555	0.06641	0.00766
1.00000	0.00556	0.80723	0.02622	0.00488	0.02430	0.04724	0.05342	0.02545	0.00127	0.00443
1.00000	0.00377	0.04188	0.09777	0.01182	0.06179	0.03409	0.01018	0.60447	0.00739	0.12683
1.00000	0.00603	0.00605	0.04132	0.07263	0.04162	0.06278	0.05898	0.02840	0.57115	0.11105
1.00000	0.72121	0.00321	0.08587	0.01710	0.00983	0.00907	0.11355	0.01091	0.01459	0.01467
1.00000	0.00397	0.91107	0.00655	0.02887	0.00319	0.02548	0.00131	0.00572	0.00103	0.01281
1.00000	0.00793	0.00822	0.06215	0.01086	0.78741	0.01047	0.03995	0.02353	0.01308	0.03638
1.00000	0.00268	0.00145	0.00240	0.00826	0.77780	0.01577	0.01269	0.13050	0.01156	0.03687
1.00000	0.03934	0.01005	0.00110	0.01430	0.00703	0.86131	0.00103	0.00290	0.04435	0.01859
1.00000	0.02041	0.00568	0.00672	0.06949	0.03687	0.52713	0.00341	0.15702	0.14677	0.02651
1.00000	0.00098	0.00027	0.00812	0.00358	0.13118	0.00570	0.00767	0.02070	0.02433	0.79747
1.00000	0.81652	0.00127	0.04051	0.03313	0.00377	0.03288	0.01862	0.00615	0.03113	0.01603
1.00000	0.00221	0.00018	0.98083	0.00156	0.00092	0.00014	0.01027	0.00055	0.00261	0.00073
1.00000	0.01025	0.84042	0.00850	0.03990	0.00341	0.04715	0.00262	0.02863	0.00542	0.01369
1.00000	0.01919	0.00089	0.01944	0.01224	0.71429	0.03975	0.05681	0.11387	0.00929	0.01423
1.00000	0.82962	0.00301	0.02175	0.00561	0.04179	0.05121	0.00320	0.02203	0.01312	0.00867
1.00000	0.00429	0.00040	0.00076	0.01035	0.00131	0.00090	0.00052	0.94133	0.00065	0.03949
1.00000	0.02258	0.04834	0.09370	0.09217	0.09211	0.03819	0.20248	0.05736	0.28656	0.06650
1.00000	0.04370	0.00376	0.00040	0.22820	0.05150	0.31474	0.00926	0.03217	0.10950	0.20677
0.00000	0.02526	0.28641	0.01508	0.03718	0.03293	0.21168	0.00460	0.13338	0.08245	0.17102
1.00000	0.00677	0.00934	0.09025	0.00295	0.11008	0.07199	0.01331	0.02477	0.06120	0.60933
1.00000	0.11466	0.00290	0.00339	0.21615	0.00876	0.40361	0.00686	0.01091	0.22409	0.00866
0.00000	0.02155	0.04689	0.01344	0.25072	0.02798	0.17738	0.03933	0.01034	0.32037	0.09200
1.00000	0.00589	0.00055	0.00177	0.00246	0.93915	0.01191	0.01695	0.00414	0.00210	0.01507
1.00000	0.00348	0.01049	0.01349	0.05937	0.05509	0.00725	0.00287	0.69967	0.00262	0.14568
1.00000	0.00531	0.89246	0.02206	0.01152	0.00675	0.00408	0.00137	0.03512	0.00024	0.02110
1.00000	0.00970	0.00163	0.00438	0.02958	0.01666	0.03252	0.00197	0.86764	0.00856	0.02736
1.00000	0.00749	0.04559	0.00994	0.02544	0.00351	0.00439	0.00086	0.75976	0.01900	0.12403
1.00000	0.05470	0.02191	0.60890	0.19144	0.00438	0.01738	0.02680	0.03736	0.01433	0.02279
1.00000	0.00124	0.00084	0.94356	0.02481	0.00093	0.00012	0.00207	0.02575	0.00032	0.00036
1.00000	0.00169	0.95159	0.00418	0.00600	0.00160	0.00257	0.00427	0.01190	0.00010	0.01610
1.00000	0.00182	0.95400	0.01171	0.00143	0.00238	0.00253	0.00139	0.00914	0.00023	0.01537
1.00000	0.01323	0.00059	0.00060	0.00378	0.08397	0.02465	0.01073	0.00685	0.01808	0.83751
1.00000	0.00221	0.90933	0.04653	0.00674	0.00285	0.00362	0.00649	0.01313	0.00037	0.00873
1.00000	0.64012	0.00830	0.02768	0.00247	0.01487	0.05379	0.05913	0.10200	0.01392	0.07771
1.00000	0.00029	0.00120	0.00325	0.00254	0.00023	0.00275	0.00025	0.00039	0.98569	0.00342
1.00000	0.87240	0.00161	0.02157	0.00296	0.00145	0.04116	0.03063	0.00353	0.01135	0.01333
1.00000	0.00116	0.00458	0.00239	0.00040	0.98182	0.00297	0.00098	0.00390	0.00042	0.00138
1.00000	0.00503	0.05344	0.04006	0.01401	0.60794	0.04357	0.01971	0.01577	0.02038	0.18009
1.00000	0.11474	0.00101	0.77323	0.01746	0.00679	0.01694	0.06001	0.00229	0.00483	0.00268
1.00000	0.06108	0.00819	0.02282	0.74682	0.00335	0.02348	0.00276	0.00647	0.12104	0.00399
1.00000	0.00259	0.00026	0.00214	0.00644	0.00135	0.00106	0.00152	0.97637	0.00035	0.00792
1.00000	0.89646	0.00916	0.02185	0.01322	0.00482	0.02761	0.00638	0.01245	0.00463	0.00341
1.00000	0.00097	0.00125	0.00604	0.00104	0.00155	0.01053	0.97620	0.00022	0.00208	0.00012
1.00000	0.00169	0.00765	0.00441	0.00524	0.82363	0.00981	0.01003	0.01813	0.01792	0.10148
1.00000	0.00378	0.01348	0.00860	0.09988	0.01251	0.00441	0.00060	0.70496	0.00734	0.14444
1.00000	0.03636	0.00721	0.23069	0.16079	0.01516	0.02084	0.00355	0.00477	0.45225	0.06838
1.00000	0.00127	0.92629	0.00428	0.00973	0.00812	0.00853	0.00857	0.01503	0.00032	0.01785
1.00000	0.00953	0.17338	0.03346	0.40766	0.01798	0.11931	0.00435	0.01685	0.12620	0.09129
1.00000	0.01333	0.00855	0.01601	0.45309	0.00187	0.05123	0.00116	0.04326	0.35116	0.06037
1.00000	0.00335	0.00553	0.86213	0.08548	0.00437	0.00565	0.02382	0.00301	0.00488	0.00178
1.00000	0.01126	0.00653	0.76993	0.01171	0.00046	0.00397	0.17449	0.00520	0.01196	0.00450
0.00000	0.07058	0.00406	0.24614	0.14566	0.00212	0.00760	0.00235	0.06139	0.45278	0.00731
1.00000	0.93280	0.00158	0.00328	0.00968	0.00061	0.02508	0.01084	0.00047	0.00970	0.00597
1.00000	0.01237	0.00343	0.82940	0.01096	0.01920	0.00462	0.03899	0.00749	0.04102	0.03251
1.00000	0.03578	0.00178	0.00568	0.88747	0.00020	0.05460	0.00661	0.00527	0.00206	0.00055
1.00000	0.02688	0.00291	0.00945	0.08141	0.01079	0.25522	0.01354	0.00604	0.57206	0.02170
1.00000	0.07656	0.00064	0.06160	0.00195	0.00121	0.00236	0.85162	0.00122	0.00134	0.00150
1.00000	0.00065	0.01102	0.00399	0.00192	0.05184	0.02625	0.00410	0.02806	0.04260	0.82956
0.00000	0.00792	0.23332	0.01318	0.15773	0.01372	0.15469	0.00632	0.21607	0.07931	0.11773
1.00000	0.00879	0.01703	0.10690	0.09091	0.09084	0.04371	0.60117	0.00668	0.01632	0.01766
1.00000	0.01199	0.00107	0.00404	0.08848	0.00748	0.10821	0.00558	0.00511	0.73432	0.03373
1.00000	0.00197	0.00028	0.00167	0.01783	0.00049	0.97291	0.00163	0.00021	0.00285	0.00017
0.00000	0.07198	0.02914	0.16506	0.01979	0.14456	0.07619	0.27118	0.01391	0.16869	0.03949
1.00000	0.02393	0.00033	0.01279	0.00221	0.07873	0.02549	0.01226	0.02019	0.01241	0.81167
1.00000	0.01429	0.07448	0.00244	0.00843	0.02264	0.03220	0.00706	0.74653	0.00395	0.08798
1.00000	0.02613	0.16351	0.64121	0.10453	0.00072	0.00592	0.03766	0.00548	0.00705	0.00779
1.00000	0.00527	0.00582	0.00168	0.00276	0.00739	0.00178	0.00029	0.96790	0.00105	0.00605
1.00000	0.08062	0.00065	0.01295	0.00263	0.00331	0.00612	0.00082	0.01106	0.84769	0.03413
0.00000	0.00240	0.01054	0.01320	0.30607	0.03975	0.05538	0.00349	0.02313	0.47826	0.06779
1.00000	0.09248	0.00456	0.01108	0.05090	0.01610	0.67410	0.02351	0.00339	0.12216	0.00172
1.00000	0.49828	0.01035	0.04933	0.03460	0.00680	0.06677	0.19936	0.01933	0.08874	0.02644
1.00000	0.02034	0.06020	0.23514	0.17675	0.00686	0.00390	0.00124	0.34837	0.08614	0.06105
1.00000	0.00014	0.00176	0.00095	0.00141	0.92102	0.00534	0.00126	0.00359	0.00311	0.06143
1.00000	0.01486	0.00040	0.01530	0.03414	0.03018	0.00189	0.00516	0.05291	0.05965	0.78552
1.00000	0.03153	0.02940	0.08829	0.61406	0.00960	0.12502	0.02098	0.02163	0.05564	0.00387
1.00000	0.10524	0.00518	0.00820	0.15204	0.01577	0.52095	0.00489	0.00368	0.17424	0.00980
1.00000	0.00257	0.01255	0.01251	0.02193	0.86023	0.00833	0.00305	0.06478	0.00410	0.00996
1.00000	0.03066	0.00763	0.33383	0.37222	0.00186	0.05031	0.08249	0.02197	0.09216	0.00687
1.00000	0.88266	0.00046	0.00784	0.03155	0.00069	0.03487	0.00360	0.00201	0.02582	0.01050
1.00000	0.01711	0.00888	0.59912	0.33691	0.00168	0.01651	0.00548	0.00578	0.00690	0.00163
1.00000	0.06937	0.03616	0.13679	0.02028	0.17980	0.02679	0.14856	0.03299	0.02585	0.32341
1.00000	0.18691	0.00343	0.01209	0.59237	0.00202	0.16155	0.01193	0.00413	0.02218	0.00340
1.00000	0.00098	0.95938	0.01816	0.00208	0.00101	0.00112	0.00344	0.00737	0.00005	0.00642
1.00000	0.09977	0.00075	0.00872	0.00177	0.00052	0.15764	0.72438	0.00056	0.00298	0.00291
1.00000	0.00122	0.00044	0.00050	0.00208	0.02648	0.00697	0.00040	0.07637	0.00216	0.88337
1.00000	0.00306	0.85405	0.00512	0.03168	0.01778	0.00158	0.00455	0.02112	0.00056	0.06049
1.00000	0.00135	0.00159	0.00040	0.00981	0.03924	0.00536	0.00059	0.10783	0.00572	0.82810
1.00000	0.07517	0.00548	0.01177	0.80866	0.00060	0.08598	0.00172	0.00271	0.00689	0.00103
0.00000	0.51124	0.02417	0.21446	0.11072	0.00216	0.04341	0.01029	0.05038	0.02855	0.00462
1.00000	0.01271	0.00544	0.02992	0.00485	0.69671	0.00493	0.09947	0.02458	0.00361	0.11778
1.00000	0.00166	0.01072	0.00046	0.00719	0.56868	0.02279	0.00443	0.07442	0.00231	0.30734
1.00000	0.01152	0.01446	0.01226	0.80116	0.00124	0.09636	0.00033	0.03532	0.02314	0.00421
1.00000	0.79152	0.00031	0.00829	0.03244	0.00163	0.09657	0.00324	0.02531	0.01406	0.02664
1.00000	0.00430	0.00483	0.02394	0.00554	0.65108	0.01052	0.11075	0.00761	0.06748	0.11395
1.00000	0.03058	0.00015	0.00821	0.00206	0.69290	0.11479	0.04059	0.01064	0.00162	0.09845
1.00000	0.00616	0.85687	0.01179	0.01955	0.00423	0.03249	0.00677	0.04080	0.00664	0.01470
1.00000	0.08863	0.00508	0.00413	0.30537	0.01190	0.22840	0.00638	0.02277	0.20963	0.11773
1.00000	0.53028	0.00579	0.04482	0.02131	0.00737	0.08969	0.07557	0.04502	0.10546	0.07469
1.00000	0.00146	0.00105	0.00054	0.00184	0.06969	0.05149	0.00187	0.00767	0.01003	0.85435
1.00000	0.00146	0.00040	0.00089	0.00730	0.04084	0.00283	0.00062	0.00898	0.00653	0.93016
1.00000	0.01350	0.12570	0.10247	0.00364	0.01750	0.12215	0.60064	0.00567	0.00333	0.00541
1.00000	0.00299	0.00123	0.04224	0.03885	0.00184	0.01055	0.00860	0.00023	0.89034	0.00315
1.00000	0.01743	0.05040	0.43925	0.26797	0.00335	0.03538	0.01875	0.10271	0.01584	0.04892
0.00000	0.03847	0.01481	0.00236	0.20207	0.06077	0.31925	0.01609	0.04864	0.02674	0.27080
1.00000	0.00449	0.19757	0.00679	0.02863	0.17361	0.02389	0.01849	0.41872	0.00684	0.12098
1.00000	0.05707	0.00260	0.02516	0.10909	0.00135	0.71880	0.02276	0.00056	0.06029	0.00232
1.00000	0.01090	0.00794	0.10906	0.16257	0.06499	0.01740	0.05459	0.38758	0.07969	0.10527
1.00000	0.01082	0.02247	0.00761	0.01836	0.00404	0.06812	0.00598	0.00296	0.79093	0.06871
1.00000	0.01344	0.00713	0.00628	0.04131	0.07487	0.00689	0.00907	0.02400	0.28473	0.53227
1.00000	0.03679	0.00207	0.65587	0.02880	0.04793	0.03303	0.03878	0.00844	0.09163	0.05667
1.00000	0.09870	0.01078	0.00888	0.00096	0.01483	0.82916	0.01002	0.00565	0.01512	0.00591
1.00000	0.00893	0.00113	0.90075	0.04505	0.00679	0.00632	0.01142	0.00517	0.00901	0.00543
1.00000	0.19627	0.00609	0.00856	0.51165	0.00744	0.17528	0.00276	0.00751	0.07391	0.01052
1.00000	0.05136	0.00626	0.03808	0.02111	0.04328	0.17057	0.05417	0.02433	0.54293	0.04791
0.00000	0.02084	0.00352	0.22232	0.09710	0.02344	0.01334	0.00530	0.00392	0.59529	0.01494
1.00000	0.01024	0.00568	0.02484	0.65550	0.00051	0.01570	0.00077	0.01194	0.25438	0.02045
1.00000	0.00241	0.00101	0.00386	0.00570	0.07488	0.00920	0.00540	0.03195	0.04230	0.82330
1.00000	0.00151	0.00017	0.00794	0.00016	0.00126	0.00274	0.98543	0.00030	0.00013	0.00036
1.00000	0.00320	0.04905	0.00803	0.03291	0.01427	0.02844	0.00153	0.78426	0.00841	0.06991
1.00000	0.96099	0.00080	0.00624	0.00060	0.00041	0.00502	0.00301	0.00140	0.00204	0.01949
1.00000	0.95180	0.00080	0.02746	0.00160	0.00119	0.00536	0.00186	0.00852	0.00035	0.00107
1.00000	0.00753	0.00354	0.03745	0.00400	0.05819	0.82175	0.04068	0.00792	0.01600	0.00294
1.00000	0.03286	0.02222	0.68650	0.09504	0.00119	0.00512	0.12979	0.00312	0.01213	0.01203
1.00000	0.04161	0.00593	0.09796	0.75236	0.00146	0.03307	0.00421	0.01069	0.04960	0.00311
1.00000	0.02245	0.04513	0.51425	0.05627	0.01463	0.02050	0.01042	0.06332	0.14582	0.10721
1.00000	0.01816	0.00218	0.00107	0.00085	0.00600	0.89781	0.00143	0.00121	0.06352	0.00777
1.00000	0.00565	0.89424	0.00415	0.03170	0.01043	0.03412	0.00246	0.00527	0.00383	0.00814
1.00000	0.64789	0.00593	0.02179	0.00807	0.02475	0.03465	0.10638	0.03743	0.04083	0.07229
1.00000	0.06224	0.00169	0.22800	0.22792	0.00642	0.00704	0.00626	0.36166	0.08892	0.00985
1.00000	0.01067	0.00343	0.01351	0.01793	0.00861	0.04482	0.02882	0.00092	0.86499	0.00630
0.00000	0.00304	0.00281	0.00818	0.00309	0.30332	0.00661	0.00914	0.05153	0.00984	0.60243
1.00000	0.07687	0.00069	0.00589	0.00815	0.44112	0.02849	0.08237	0.03473	0.01664	0.30504
0.00000	0.00661	0.01083	0.32063	0.16366	0.00229	0.04718	0.00924	0.01151	0.42691	0.00113
1.00000	0.00799	0.03102	0.89458	0.02054	0.00319	0.00398	0.02138	0.00531	0.00994	0.00207
0.00000	0.00470	0.01384	0.03887	0.39878	0.03002	0.09366	0.01964	0.01127	0.34152	0.04768
