1.00000	0.00189	0.91081	0.01278	0.00207	0.01063	0.00415	0.02906	0.00865	0.00048	0.01949
1.00000	0.00200	0.00231	0.00091	0.00523	0.01388	0.00421	0.00060	0.93699	0.00034	0.03353
1.00000	0.78968	0.00032	0.02222	0.00644	0.00199	0.09308	0.04887	0.00740	0.01547	0.01453
1.00000	0.00894	0.01991	0.00940	0.00647	0.01495	0.80610	0.03036	0.00504	0.06351	0.03531
1.00000	0.00141	0.01171	0.00168	0.02433	0.79521	0.05531	0.00872	0.05274	0.00539	0.04351
1.00000	0.01030	0.13212	0.01039	0.01162	0.22020	0.09173	0.00951	0.34773	0.00465	0.16175
1.00000	0.01602	0.00463	0.00179	0.05533	0.00419	0.89221	0.01392	0.00118	0.00630	0.00442
1.00000	0.17132	0.01470	0.42593	0.00980	0.12303	0.03506	0.19745	0.01653	0.00097	0.00522
0.00000	0.00089	0.01332	0.02508	0.00968	0.15077	0.08496	0.01264	0.16920	0.00834	0.52512
0.00000	0.02796	0.00208	0.00560	0.01028	0.38975	0.10579	0.03438	0.03672	0.07546	0.31197
1.00000	0.00619	0.87210	0.02051	0.01279	0.00907	0.00886	0.00891	0.03751	0.00453	0.01952
1.00000	0.00450	0.00486	0.88066	0.00067	0.03084	0.00060	0.05466	0.01736	0.00239	0.00347
1.00000	0.00601	0.06357	0.00641	0.00863	0.72232	0.05041	0.00806	0.02148	0.00380	0.10930
1.00000	0.00495	0.88331	0.00665	0.00562	0.00537	0.01131	0.02411	0.02399	0.00335	0.03133
1.00000	0.02643	0.67854	0.05995	0.04357	0.01469	0.04159	0.00144	0.10933	0.01756	0.00690
1.00000	0.00938	0.02643	0.04000	0.27953	0.09554	0.17756	0.10251	0.09310	0.02626	0.14969
1.00000	0.00377	0.92471	0.00621	0.00199	0.00553	0.00358	0.01354	0.02789	0.00135	0.01146
1.00000	0.00531	0.00849	0.01356	0.01295	0.00604	0.24350	0.66646	0.00108	0.01587	0.02674
1.00000	0.00022	0.00705	0.00257	0.00162	0.91871	0.02161	0.00543	0.00840	0.00317	0.03123
1.00000	0.00156	0.01324	0.02197	0.01682	0.24013	0.05051	0.01496	0.07246	0.02031	0.54804
1.00000	0.00832	0.00352	0.01086	0.79241	0.00257	0.12222	0.00783	0.00102	0.04798	0.00326
1.00000	0.00153	0.00277	0.00534	0.01741	0.72262	0.01608	0.01688	0.06709	0.01695	0.13333
1.00000	0.00091	0.00119	0.00122	0.00234	0.11742	0.01526	0.00217	0.06962	0.01665	0.77322
1.00000	0.10546	0.00502	0.02284	0.23724	0.01363	0.02668	0.01167	0.01224	0.51456	0.05066
1.00000	0.00114	0.00156	0.00266	0.01030	0.12014	0.04675	0.00580	0.02795	0.11149	0.67221
1.00000	0.65943	0.00718	0.09865	0.03354	0.00454	0.07367	0.06758	0.01203	0.02480	0.01858
1.00000	0.00688	0.00191	0.00181	0.00617	0.03224	0.04412	0.00128	0.62443	0.00509	0.27609
1.00000	0.06038	0.00171	0.06516	0.00302	0.00507	0.03296	0.74493	0.00374	0.05819	0.02485
0.00000	0.01284	0.04815	0.01728	0.00539	0.11268	0.42789	0.11265	0.01050	0.20619	0.04642
1.00000	0.00828	0.00043	0.01377	0.00094	0.01029	0.00971	0.95069	0.00060	0.00305	0.00224
1.00000	0.03015	0.50443	0.07744	0.05270	0.03500	0.04223	0.01484	0.05898	0.12027	0.06396
1.00000	0.02981	0.00745	0.02478	0.76382	0.00578	0.11424	0.00259	0.00228	0.04451	0.00474
1.00000	0.02060	0.85862	0.01449	0.01153	0.00192	0.03579	0.00872	0.00691	0.01735	0.02407
1.00000	0.03114	0.00679	0.01751	0.01482	0.46676	0.11124	0.10702	0.04176	0.05985	0.14310
1.00000	0.00217	0.00049	0.04944	0.00041	0.00445	0.01170	0.92461	0.00187	0.00218	0.00268
1.00000	0.00514	0.16955	0.63478	0.02621	0.00600	0.03457	0.07217	0.00689	0.02039	0.02430
0.00000	0.00169	0.00923	0.01784	0.00792	0.11550	0.37237	0.04889	0.01398	0.35035	0.06223
1.00000	0.77364	0.00359	0.03724	0.00442	0.02127	0.04009	0.06578	0.03762	0.00309	0.01327
1.00000	0.00090	0.18003	0.01139	0.00467	0.44562	0.11062	0.01233	0.06806	0.00143	0.16495
1.00000	0.01443	0.00366	0.37038	0.06406	0.01202	0.06763	0.04118	0.06841	0.23895	0.11928
1.00000	0.08957	0.00203	0.03140	0.47917	0.00285	0.18268	0.01736	0.00253	0.18148	0.01092
1.00000	0.00202	0.01130	0.92365	0.01576	0.00575	0.00552	0.00523	0.00454	0.02345	0.00279
1.00000	0.89344	0.00175	0.00122	0.00287	0.00157	0.04002	0.05100	0.00352	0.00262	0.00199
1.00000	0.00198	0.04113	0.05124	0.01069	0.17463	0.06526	0.04357	0.05180	0.02345	0.53626
1.00000	0.01859	0.01211	0.64923	0.15305	0.00184	0.04959	0.01975	0.00257	0.09219	0.00107
1.00000	0.00170	0.89089	0.01467	0.00740	0.01491	0.00390	0.02081	0.00934	0.00230	0.03409
1.00000	0.00919	0.00410	0.08322	0.79292	0.00211	0.04362	0.00862	0.03546	0.01635	0.00441
1.00000	0.00314	0.01073	0.07558	0.73855	0.01848	0.04909	0.01009	0.04935	0.02590	0.01908
0.00000	0.00194	0.00600	0.00821	0.57083	0.00423	0.09327	0.00057	0.00620	0.24453	0.06422
1.00000	0.03635	0.01209	0.01211	0.16176	0.01102	0.56831	0.10034	0.00633	0.06208	0.02961
1.00000	0.01646	0.00448	0.02019	0.00255	0.33172	0.09960	0.06741	0.03924	0.19640	0.22194
1.00000	0.01313	0.00806	0.01767	0.03022	0.01344	0.14917	0.74462	0.00117	0.01032	0.01219
1.00000	0.02396	0.11437	0.05630	0.06360	0.00546	0.00928	0.00215	0.62298	0.01120	0.09070
1.00000	0.03025	0.00373	0.00174	0.01198	0.01593	0.04708	0.00208	0.77265	0.00116	0.11339
1.00000	0.03048	0.00492	0.00612	0.12479	0.01233	0.75463	0.01236	0.00436	0.04483	0.00518
1.00000	0.00200	0.07159	0.05152	0.00534	0.23533	0.07625	0.00937	0.05410	0.02495	0.46956
1.00000	0.00318	0.01405	0.01709	0.00137	0.82641	0.03019	0.02763	0.02305	0.00981	0.04722
1.00000	0.00141	0.00523	0.01019	0.00850	0.70112	0.00969	0.02147	0.12634	0.00227	0.11379
1.00000	0.73466	0.00269	0.05597	0.01068	0.00525	0.03674	0.03706	0.01902	0.06116	0.03676
1.00000	0.00812	0.00101	0.00454	0.02148	0.13761	0.07399	0.02233	0.01964	0.45830	0.25296
1.00000	0.00436	0.00983	0.01131	0.06032	0.04257	0.63422	0.12139	0.00570	0.01640	0.09391
1.00000	0.69509	0.00704	0.02411	0.01545	0.00341	0.11158	0.00556	0.04763	0.00488	0.08526
1.00000	0.00790	0.00215	0.00151	0.00277	0.61584	0.13739	0.03535	0.03109	0.01527	0.15073
1.00000	0.00049	0.00447	0.00365	0.00637	0.09524	0.05137	0.00347	0.05417	0.00552	0.77525
1.00000	0.00551	0.00509	0.00459	0.05217	0.00689	0.01829	0.00162	0.88752	0.00055	0.01777
1.00000	0.00304	0.00454	0.00200	0.00097	0.03214	0.02273	0.00217	0.85268	0.00063	0.07909
1.00000	0.08503	0.00281	0.03710	0.01067	0.08282	0.04849	0.02590	0.20677	0.01267	0.48775
1.00000	0.00210	0.02015	0.01047	0.10018	0.02094	0.01442	0.00120	0.72346	0.03284	0.07426
1.00000	0.00182	0.00754	0.00169	0.02602	0.16735	0.05377	0.00678	0.15242	0.00419	0.57843
1.00000	0.04789	0.00563	0.13155	0.04652	0.05721	0.05106	0.52506	0.07043	0.03955	0.02510
1.00000	0.67292	0.00293	0.06192	0.01075	0.00240	0.10669	0.09883	0.01093	0.02528	0.00735
1.00000	0.08444	0.01239	0.00904	0.19971	0.01855	0.49683	0.10716	0.02367	0.01110	0.03711
1.00000	0.00940	0.05065	0.00043	0.01640	0.00630	0.84741	0.00185	0.01184	0.03320	0.02252
1.00000	0.01953	0.00681	0.13566	0.03520	0.06736	0.03931	0.47449	0.10924	0.04757	0.06484
1.00000	0.00469	0.00319	0.05930	0.00067	0.03115	0.20886	0.67816	0.00173	0.00677	0.00550
1.00000	0.00794	0.11997	0.05241	0.00224	0.05580	0.63476	0.07007	0.02362	0.01806	0.01514
1.00000	0.01452	0.05063	0.01333	0.05505	0.03680	0.02145	0.00124	0.43838	0.07563	0.29297
1.00000	0.40795	0.05495	0.07437	0.06122	0.03214	0.13723	0.01592	0.18837	0.00228	0.02556
1.00000	0.00396	0.00069	0.00098	0.00318	0.01400	0.02032	0.00109	0.90493	0.00028	0.05055
1.00000	0.01381	0.02806	0.00243	0.01513	0.02577	0.76381	0.00389	0.08508	0.04980	0.01224
1.00000	0.00034	0.01158	0.00177	0.02444	0.13102	0.05822	0.00465	0.08633	0.00437	0.67729
1.00000	0.00696	0.03794	0.01806	0.03224	0.43363	0.08844	0.18933	0.04976	0.01526	0.12836
1.00000	0.00282	0.00378	0.03521	0.01118	0.84483	0.00639	0.00816	0.03024	0.00070	0.05668
1.00000	0.00298	0.00362	0.01804	0.00911	0.26328	0.03380	0.01273	0.04804	0.01873	0.58966
1.00000	0.00073	0.00336	0.97255	0.00813	0.00086	0.00055	0.00787	0.00377	0.00170	0.00050
1.00000	0.79213	0.00099	0.03456	0.01388	0.00057	0.06849	0.05959	0.00691	0.01413	0.00875
1.00000	0.02437	0.00525	0.58529	0.01844	0.01147	0.03621	0.20820	0.00878	0.07074	0.03125
0.00000	0.00838	0.00953	0.00120	0.00565	0.16647	0.05215	0.00329	0.31001	0.00143	0.44189
1.00000	0.00264	0.92316	0.00748	0.00157	0.00275	0.00447	0.00561	0.04745	0.00037	0.00450
1.00000	0.00712	0.06795	0.03454	0.40025	0.00913	0.31073	0.08823	0.01668	0.02989	0.03548
1.00000	0.00870	0.00873	0.84695	0.00153	0.03704	0.00537	0.02324	0.00925	0.04007	0.01913
1.00000	0.73917	0.00248	0.02386	0.00544	0.01858	0.06772	0.07030	0.04877	0.00501	0.01866
1.00000	0.08196	0.00127	0.05914	0.00060	0.00218	0.06453	0.78599	0.00076	0.00205	0.00152
1.00000	0.00729	0.82776	0.05401	0.01514	0.01276	0.01041	0.00466	0.01562	0.01457	0.03778
1.00000	0.01756	0.00073	0.00209	0.01233	0.02126	0.01992	0.00162	0.85717	0.00723	0.06010
1.00000	0.00897	0.00650	0.00198	0.00255	0.22473	0.04499	0.01079	0.55775	0.00833	0.13341
0.00000	0.11897	0.00357	0.00147	0.01024	0.52762	0.07489	0.01203	0.11121	0.00497	0.13503
0.00000	0.00149	0.00136	0.00088	0.00563	0.22773	0.01725	0.01444	0.05790	0.10012	0.57319
1.00000	0.01759	0.00190	0.00729	0.00865	0.67849	0.02166	0.13642	0.06596	0.01602	0.04602
1.00000	0.01373	0.00060	0.00039	0.00267	0.01529	0.02007	0.00066	0.87330	0.00059	0.07269
1.00000	0.00680	0.10206	0.05654	0.01468	0.07458	0.15546	0.03783	0.40620	0.03072	0.11513
1.00000	0.00174	0.00421	0.06210	0.00131	0.36638	0.00823	0.51510	0.01278	0.00117	0.02698
1.00000	0.00237	0.00523	0.01860	0.03275	0.00405	0.01058	0.00404	0.00703	0.84669	0.06867
0.00000	0.00688	0.00553	0.00310	0.00276	0.61687	0.00743	0.09223	0.16732	0.00287	0.09503
1.00000	0.04642	0.02046	0.27108	0.23989	0.03235	0.06144	0.14125	0.00786	0.16622	0.01302
1.00000	0.00734	0.00290	0.00301	0.01188	0.00254	0.87511	0.00386	0.00107	0.08853	0.00377
1.00000	0.06712	0.00359	0.00988	0.00082	0.68209	0.05481	0.06042	0.04732	0.00362	0.07033
1.00000	0.02443	0.00184	0.01350	0.86239	0.00119	0.05643	0.00080	0.00465	0.03176	0.00301
1.00000	0.00079	0.00142	0.00380	0.00785	0.64386	0.03873	0.02412	0.03923	0.00201	0.23821
1.00000	0.00808	0.00042	0.00074	0.00369	0.00566	0.01675	0.00035	0.92112	0.00031	0.04289
0.00000	0.21427	0.00698	0.11602	0.09802	0.09493	0.09220	0.09905	0.10492	0.02629	0.14730
1.00000	0.00832	0.00230	0.02529	0.01403	0.00465	0.02429	0.02221	0.01143	0.79999	0.08750
1.00000	0.00136	0.00389	0.01420	0.02385	0.01409	0.02622	0.00834	0.02219	0.79833	0.08752
1.00000	0.00470	0.08167	0.01760	0.01334	0.02279	0.03806	0.00380	0.72927	0.00648	0.08230
1.00000	0.01469	0.79203	0.01203	0.01135	0.00558	0.03558	0.02586	0.04009	0.00462	0.05816
1.00000	0.05745	0.00685	0.03979	0.65034	0.00163	0.21660	0.00742	0.00360	0.01386	0.00246
1.00000	0.00567	0.00274	0.03313	0.00040	0.01351	0.05827	0.87530	0.00138	0.00216	0.00743
1.00000	0.00116	0.00091	0.00182	0.00183	0.25054	0.01075	0.00313	0.08618	0.01990	0.62379
1.00000	0.01305	0.84311	0.01539	0.00524	0.01220	0.01246	0.02763	0.01314	0.01298	0.04479
1.00000	0.00242	0.03331	0.00189	0.00901	0.01593	0.03692	0.00229	0.82103	0.00097	0.07624
1.00000	0.00191	0.01358	0.03088	0.01169	0.62002	0.03272	0.08293	0.03711	0.01193	0.15724
0.00000	0.01501	0.08279	0.05903	0.03108	0.33958	0.08243	0.19007	0.15212	0.00337	0.04453
1.00000	0.04673	0.04919	0.22484	0.46952	0.00445	0.08702	0.05963	0.03503	0.01334	0.01025
1.00000	0.80458	0.00243	0.01029	0.00708	0.03318	0.07004	0.04429	0.00897	0.00551	0.01364
1.00000	0.01896	0.11806	0.01309	0.06501	0.03907	0.44054	0.02745	0.12200	0.01325	0.14257
1.00000	0.03367	0.00277	0.01983	0.76947	0.00136	0.12112	0.01860	0.00722	0.01729	0.00866
1.00000	0.02478	0.00307	0.52529	0.02276	0.14341	0.00396	0.18482	0.04235	0.02322	0.02635
1.00000	0.00139	0.00113	0.09929	0.58360	0.00128	0.13262	0.00281	0.00088	0.17382	0.00318
1.00000	0.08643	0.01043	0.01597	0.20806	0.00369	0.62533	0.01810	0.00507	0.02179	0.00512
1.00000	0.00594	0.00116	0.00328	0.08352	0.00133	0.83802	0.00267	0.00099	0.05039	0.01270
1.00000	0.00181	0.00133	0.00071	0.00726	0.14996	0.01057	0.00354	0.03346	0.01699	0.77436
1.00000	0.04679	0.01293	0.04198	0.20660	0.04008	0.24176	0.14400	0.05225	0.11331	0.10032
1.00000	0.00023	0.00124	0.00872	0.00408	0.01761	0.01788	0.94086	0.00032	0.00229	0.00678
1.00000	0.00064	0.00073	0.00488	0.00634	0.84411	0.01510	0.00941	0.06399	0.00224	0.05255
1.00000	0.77447	0.00107	0.03762	0.01096	0.00117	0.10018	0.05226	0.00338	0.01446	0.00442
1.00000	0.01846	0.01943	0.01124	0.05160	0.03359	0.10903	0.01853	0.04233	0.53000	0.16579
1.00000	0.82630	0.00151	0.00640	0.01267	0.00568	0.08920	0.04105	0.01305	0.00127	0.00288
1.00000	0.00270	0.00405	0.01879	0.10707	0.01359	0.04779	0.00507	0.73703	0.00285	0.06108
1.00000	0.18612	0.02132	0.36548	0.10060	0.00347	0.17513	0.03751	0.05768	0.04645	0.00622
1.00000	0.01643	0.01019	0.00638	0.01408	0.07974	0.11530	0.02751	0.22501	0.37375	0.13163
1.00000	0.00566	0.00813	0.06665	0.19648	0.01298	0.19041	0.10419	0.00749	0.35976	0.04825
0.00000	0.07062	0.00321	0.05059	0.16224	0.02050	0.38884	0.08893	0.00137	0.19714	0.01655
1.00000	0.00184	0.00093	0.00053	0.00220	0.00208	0.00349	0.00028	0.97272	0.00010	0.01582
1.00000	0.01651	0.10500	0.26679	0.21022	0.00284	0.08004	0.02230	0.08244	0.18178	0.03207
1.00000	0.00205	0.00525	0.07854	0.00842	0.02447	0.05174	0.76524	0.02051	0.01911	0.02466
1.00000	0.85596	0.00358	0.00651	0.00239	0.01106	0.04633	0.06108	0.00902	0.00094	0.00313
1.00000	0.02542	0.07906	0.01059	0.02067	0.03364	0.59674	0.07015	0.00579	0.02674	0.13122
1.00000	0.01429	0.00394	0.01078	0.11738	0.00554	0.72250	0.01639	0.01538	0.06809	0.02572
1.00000	0.01740	0.00392	0.87381	0.00753	0.00390	0.00538	0.03062	0.00362	0.04648	0.00735
1.00000	0.00588	0.00607	0.00870	0.00759	0.01617	0.91292	0.01778	0.00739	0.01077	0.00673
1.00000	0.00559	0.52538	0.05914	0.09734	0.04153	0.04542	0.04270	0.03692	0.03131	0.11467
1.00000	0.00188	0.00176	0.01813	0.87993	0.00063	0.03743	0.00339	0.00572	0.04656	0.00458
1.00000	0.01275	0.00387	0.09255	0.00962	0.06883	0.01692	0.72380	0.02810	0.03506	0.00850
1.00000	0.12449	0.00250	0.05146	0.00272	0.55559	0.09438	0.08666	0.02047	0.01722	0.04452
1.00000	0.01657	0.10235	0.01980	0.04685	0.02490	0.01408	0.00532	0.67826	0.00561	0.08624
1.00000	0.00178	0.00746	0.00954	0.00074	0.85847	0.03886	0.01469	0.03221	0.00240	0.03385
1.00000	0.88054	0.00056	0.04880	0.00549	0.00078	0.04031	0.01001	0.00185	0.00719	0.00446
0.00000	0.04126	0.11717	0.25451	0.16265	0.00439	0.01817	0.00533	0.00908	0.37747	0.00997
1.00000	0.35878	0.00382	0.09956	0.00600	0.02833	0.05408	0.16841	0.13459	0.01374	0.13270
0.00000	0.03057	0.00716	0.36301	0.23921	0.00229	0.02753	0.00817	0.16150	0.14314	0.01743
1.00000	0.00163	0.00190	0.01051	0.00536	0.10435	0.06161	0.01676	0.03089	0.01121	0.75578
1.00000	0.01995	0.02419	0.77117	0.03525	0.00930	0.01333	0.01257	0.06079	0.04781	0.00565
1.00000	0.01164	0.00590	0.00393	0.09878	0.01388	0.76202	0.03180	0.00446	0.04559	0.02201
0.00000	0.38609	0.00128	0.21145	0.00260	0.00700	0.03355	0.14681	0.04094	0.11986	0.05041
0.00000	0.00776	0.00504	0.00605	0.00296	0.38024	0.10770	0.29718	0.02064	0.02601	0.14642
1.00000	0.00072	0.00929	0.01213	0.08071	0.16434	0.10330	0.01425	0.03490	0.07777	0.50259
1.00000	0.00170	0.00357	0.00113	0.01085	0.12002	0.04205	0.00303	0.07133	0.00383	0.74248
1.00000	0.01800	0.00383	0.15763	0.02187	0.04608	0.02043	0.57937	0.09265	0.02512	0.03500
1.00000	0.00408	0.00506	0.13934	0.04530	0.01993	0.06971	0.02927	0.01809	0.62766	0.04156
1.00000	0.18217	0.00709	0.61377	0.00999	0.01484	0.01659	0.02531	0.03476	0.07559	0.01989
1.00000	0.55373	0.00156	0.04457	0.02258	0.01263	0.12708	0.13070	0.02579	0.04263	0.03875
1.00000	0.00564	0.05188	0.02656	0.18075	0.00464	0.03022	0.00925	0.04436	0.53624	0.11046
1.00000	0.00858	0.01101	0.00287	0.04132	0.00145	0.87472	0.03897	0.00032	0.01995	0.00082
1.00000	0.00203	0.00062	0.00792	0.00807	0.68638	0.01275	0.02288	0.08972	0.00899	0.16064
1.00000	0.01381	0.00206	0.02125	0.00035	0.00614	0.03267	0.91995	0.00123	0.00085	0.00169
1.00000	0.01404	0.00536	0.00837	0.00297	0.61957	0.08534	0.03764	0.01643	0.04245	0.16784
1.00000	0.00674	0.00083	0.00181	0.00536	0.00347	0.01550	0.00055	0.94589	0.00126	0.01860
1.00000	0.03414	0.01450	0.03314	0.54641	0.01101	0.16100	0.00962	0.04794	0.09278	0.04946
1.00000	0.00951	0.00399	0.00779	0.01126	0.00395	0.04930	0.00584	0.00524	0.87377	0.02936
0.00000	0.01183	0.01654	0.26862	0.13168	0.01115	0.02298	0.00356	0.07486	0.41818	0.04059
1.00000	0.37231	0.00306	0.04175	0.00778	0.12555	0.05261	0.15637	0.12466	0.01899	0.09692
1.00000	0.00451	0.00637	0.01598	0.47850	0.05972	0.22871	0.07294	0.02065	0.04465	0.06797
1.00000	0.00958	0.01100	0.01948	0.00265	0.01271	0.25384	0.66502	0.00175	0.01869	0.00529
1.00000	0.00910	0.89025	0.01994	0.00767	0.01764	0.01246	0.00467	0.01570	0.00447	0.01809
1.00000	0.00766	0.00467	0.02358	0.75550	0.00048	0.13238	0.00566	0.01509	0.04661	0.00837
1.00000	0.13692	0.00092	0.06704	0.12980	0.01313	0.06651	0.05922	0.00407	0.47037	0.05204
1.00000	0.00970	0.01235	0.06749	0.05193	0.03612	0.16607	0.07702	0.01738	0.42469	0.13724
1.00000	0.01331	0.00852	0.00233	0.01901	0.02511	0.86630	0.03232	0.00409	0.01498	0.01403
0.00000	0.12980	0.01415	0.11065	0.15260	0.04712	0.14983	0.05973	0.05889	0.19874	0.07850
1.00000	0.02806	0.00516	0.06915	0.64519	0.01305	0.06714	0.00812	0.00420	0.13858	0.02134
1.00000	0.29385	0.02331	0.16981	0.29999	0.00101	0.07853	0.02322	0.03016	0.07230	0.00782
1.00000	0.01214	0.00375	0.00350	0.00482	0.65314	0.03202	0.08721	0.05698	0.01368	0.13274
1.00000	0.02518	0.03390	0.16983	0.40845	0.00206	0.07639	0.01297	0.01454	0.22019	0.03648
0.00000	0.00845	0.01726	0.44999	0.17326	0.07597	0.05033	0.07792	0.09502	0.03752	0.01427
1.00000	0.04015	0.00182	0.07848	0.04817	0.03749	0.16700	0.05364	0.01904	0.43818	0.11602
1.00000	0.01175	0.00482	0.12336	0.15288	0.03710	0.19292	0.00498	0.05637	0.39260	0.02323
1.00000	0.87539	0.00055	0.00899	0.00470	0.00646	0.05362	0.04022	0.00520	0.00230	0.00257
1.00000	0.01455	0.00190	0.00349	0.08056	0.00908	0.87299	0.00597	0.00206	0.00712	0.00227
1.00000	0.00688	0.01428	0.08261	0.85130	0.00034	0.01788	0.00221	0.00554	0.01407	0.00488
1.00000	0.02642	0.00345	0.01589	0.00103	0.63310	0.11554	0.06193	0.05906	0.02864	0.05493
1.00000	0.00479	0.05413	0.05031	0.00674	0.60167	0.14552	0.04906	0.03250	0.01194	0.04333
1.00000	0.00337	0.00319	0.00299	0.00477	0.08583	0.01104	0.00195	0.08208	0.04359	0.76118
0.00000	0.01742	0.00086	0.00167	0.00937	0.37505	0.20685	0.03189	0.08813	0.01853	0.25023
1.00000	0.02365	0.00661	0.21024	0.65553	0.00139	0.02861	0.01515	0.00752	0.04088	0.01043
1.00000	0.00364	0.00381	0.04618	0.03776	0.12772	0.02965	0.02578	0.12491	0.04450	0.55605
0.00000	0.00581	0.00887	0.01568	0.01997	0.02311	0.37552	0.08356	0.00780	0.32804	0.13163
1.00000	0.00143	0.00218	0.00161	0.00788	0.18636	0.02821	0.01036	0.03821	0.01214	0.71162
1.00000	0.00722	0.00919	0.01667	0.06130	0.02852	0.13833	0.08912	0.00598	0.50764	0.13602
1.00000	0.83284	0.00261	0.02428	0.00642	0.00443	0.04778	0.06542	0.00815	0.00178	0.00631
1.00000	0.00812	0.78656	0.07129	0.01309	0.01219	0.03933	0.01083	0.00889	0.01594	0.03376
1.00000	0.00416	0.00249	0.00550	0.38584	0.03092	0.05211	0.01749	0.02684	0.27647	0.19817
1.00000	0.76244	0.00113	0.04959	0.03915	0.00071	0.07717	0.05923	0.00134	0.00784	0.00139
1.00000	0.02936	0.01629	0.53292	0.00614	0.20818	0.02040	0.03332	0.07532	0.00279	0.07528
1.00000	0.00351	0.01076	0.00318	0.01341	0.09706	0.01438	0.00733	0.18873	0.10479	0.55686
1.00000	0.00483	0.00240	0.00094	0.00142	0.01650	0.04393	0.00039	0.82501	0.00031	0.10427
1.00000	0.00186	0.00941	0.02407	0.03265	0.00866	0.19266	0.14194	0.00075	0.52436	0.06365
1.00000	0.08729	0.00154	0.00337	0.00851	0.05783	0.15678	0.01827	0.59866	0.00439	0.06336
1.00000	0.93821	0.00032	0.01111	0.00158	0.00104	0.00729	0.01815	0.00784	0.01165	0.00280
1.00000	0.00311	0.02865	0.00445	0.03464	0.12689	0.02938	0.00779	0.15078	0.05504	0.55927
1.00000	0.02760	0.00168	0.10658	0.00822	0.04703	0.04437	0.69245	0.00797	0.03166	0.03244
1.00000	0.00716	0.09212	0.01633	0.02242	0.00663	0.01118	0.00061	0.76306	0.00676	0.07372
1.00000	0.00385	0.00140	0.00428	0.00069	0.85047	0.04571	0.01987	0.02175	0.00786	0.04411
1.00000	0.00547	0.00384	0.00564	0.00688	0.05155	0.02628	0.00238	0.81446	0.00067	0.08284
1.00000	0.00968	0.50027	0.15562	0.07403	0.03579	0.04344	0.00794	0.02561	0.12064	0.02697
1.00000	0.00087	0.00465	0.00161	0.02202	0.14768	0.06413	0.00213	0.04928	0.06042	0.64721
1.00000	0.05873	0.03115	0.57133	0.18103	0.00550	0.02606	0.02744	0.08797	0.00618	0.00461
1.00000	0.16407	0.00410	0.35176	0.16061	0.01752	0.09150	0.05007	0.03718	0.09085	0.03234
1.00000	0.00365	0.00769	0.75311	0.11682	0.00308	0.02176	0.05268	0.00450	0.03459	0.00211
1.00000	0.00360	0.84066	0.01704	0.01193	0.01377	0.01005	0.04178	0.01126	0.00365	0.04626
1.00000	0.00133	0.01184	0.08452	0.04359	0.02212	0.05861	0.01202	0.00665	0.68632	0.07301
1.00000	0.00525	0.00267	0.02501	0.76426	0.00670	0.07249	0.00225	0.01759	0.08184	0.02193
1.00000	0.00399	0.00296	0.02625	0.79279	0.00177	0.09248	0.00172	0.00245	0.07458	0.00102
1.00000	0.00142	0.00588	0.01491	0.91643	0.00077	0.03002	0.00036	0.00295	0.02478	0.00249
1.00000	0.01847	0.00080	0.00170	0.00208	0.03609	0.04684	0.00117	0.82955	0.00066	0.06266
1.00000	0.57131	0.00720	0.08597	0.12133	0.00388	0.06354	0.06410	0.07101	0.00503	0.00664
1.00000	0.21898	0.00170	0.01216	0.00716	0.10170	0.10172	0.08787	0.02401	0.17205	0.27264
1.00000	0.46197	0.00332	0.01934	0.00450	0.10244	0.04086	0.13330	0.12051	0.02000	0.09377
1.00000	0.01190	0.00242	0.02166	0.47611	0.02019	0.11356	0.01036	0.00982	0.23826	0.09572
1.00000	0.01751	0.90907	0.00607	0.00637	0.00280	0.01113	0.01823	0.00650	0.00658	0.01573
1.00000	0.03355	0.04240	0.00386	0.56869	0.00199	0.27521	0.01160	0.00858	0.03866	0.01546
1.00000	0.02627	0.03550	0.00588	0.00944	0.07895	0.09698	0.02159	0.67256	0.00079	0.05205
1.00000	0.02276	0.00297	0.00267	0.06570	0.00890	0.80584	0.04366	0.00087	0.02438	0.02225
0.00000	0.05405	0.43667	0.03825	0.01515	0.00166	0.38973	0.03552	0.00230	0.02253	0.00414
1.00000	0.01164	0.00607	0.02336	0.03641	0.01897	0.06877	0.00755	0.04179	0.72923	0.05622
1.00000	0.01485	0.08493	0.00939	0.02614	0.03254	0.03147	0.00394	0.65808	0.00283	0.13583
1.00000	0.00607	0.00272	0.00582	0.09502	0.01292	0.05188	0.00571	0.04916	0.66693	0.10378
1.00000	0.00292	0.13233	0.01496	0.01385	0.62489	0.03012	0.02020	0.02687	0.01739	0.11647
1.00000	0.02791	0.03367	0.01046	0.07035	0.00758	0.74096	0.02276	0.00175	0.07698	0.00759
1.00000	0.02301	0.00119	0.00912	0.00062	0.86630	0.04890	0.01830	0.00906	0.00783	0.01566
1.00000	0.01404	0.02104	0.70142	0.00925	0.11055	0.01211	0.06591	0.00592	0.04102	0.01874
1.00000	0.00503	0.04855	0.00589	0.04390	0.09325	0.03973	0.01664	0.10006	0.19160	0.45535
1.00000	0.00584	0.90199	0.00650	0.00687	0.00588	0.00904	0.01326	0.03298	0.00215	0.01551
1.00000	0.00045	0.02092	0.00587	0.00205	0.61712	0.09261	0.00922	0.02875	0.00301	0.22000
1.00000	0.00265	0.02321	0.02366	0.12816	0.00511	0.10274	0.01104	0.00774	0.59892	0.09677
1.00000	0.00138	0.00589	0.00211	0.00739	0.17226	0.02100	0.00389	0.07745	0.01012	0.69850
1.00000	0.05898	0.02054	0.00589	0.06315	0.00740	0.51837	0.01028	0.08621	0.17826	0.05091
0.00000	0.01465	0.15100	0.01922	0.07022	0.09348	0.32900	0.05880	0.16045	0.00416	0.09901
1.00000	0.00401	0.00376	0.00865	0.00559	0.00333	0.02980	0.00232	0.00573	0.87506	0.06175
1.00000	0.01658	0.00315	0.09633	0.26742	0.00260	0.08692	0.03087	0.00375	0.47495	0.01744
1.00000	0.78457	0.00150	0.05677	0.00556	0.00377	0.04260	0.04361	0.00429	0.03711	0.02022
1.00000	0.00540	0.01847	0.05306	0.07943	0.04678	0.43362	0.26295	0.00432	0.07028	0.02569
1.00000	0.13038	0.02908	0.46467	0.18174	0.02107	0.04046	0.03184	0.02656	0.06607	0.00812
1.00000	0.03384	0.00936	0.01262	0.02203	0.02431	0.42352	0.43077	0.00276	0.02448	0.01632
1.00000	0.02139	0.01556	0.10664	0.08203	0.00715	0.08015	0.00360	0.62481	0.03722	0.02146
1.00000	0.00703	0.00694	0.02210	0.57788	0.01684	0.14746	0.02559	0.05931	0.03132	0.10552
1.00000	0.00067	0.00065	0.00442	0.01241	0.18198	0.01067	0.00498	0.03532	0.02642	0.72248
1.00000	0.00127	0.00162	0.89256	0.05421	0.00248	0.01014	0.01147	0.00279	0.02190	0.00156
1.00000	0.00885	0.01135	0.01430	0.04949	0.00337	0.05649	0.01022	0.01131	0.75010	0.08451
1.00000	0.02070	0.04113	0.00453	0.00839	0.08198	0.67668	0.10379	0.00224	0.01247	0.04808
0.00000	0.02862	0.00529	0.18468	0.06843	0.09457	0.10226	0.05930	0.10117	0.15121	0.20446
1.00000	0.00167	0.04857	0.00268	0.00996	0.10570	0.09363	0.01644	0.07318	0.01038	0.63778
1.00000	0.03003	0.00442	0.79935	0.03594	0.00406	0.01426	0.01959	0.06802	0.01828	0.00605
1.00000	0.00768	0.00082	0.04562	0.01000	0.07404	0.02796	0.74725	0.02777	0.05006	0.00879
1.00000	0.00259	0.00256	0.00627	0.00179	0.26168	0.02104	0.00362	0.13337	0.00628	0.56079
1.00000	0.00317	0.03945	0.74462	0.02714	0.01480	0.03954	0.04087	0.06209	0.00222	0.02610
1.00000	0.87245	0.00030	0.03573	0.00949	0.00036	0.04622	0.01378	0.00509	0.01359	0.00300
1.00000	0.01110	0.20727	0.06313	0.00663	0.03774	0.25878	0.36766	0.00707	0.00964	0.03098
0.00000	0.00533	0.00273	0.04434	0.14373	0.02783	0.09793	0.01702	0.00915	0.55188	0.10006
1.00000	0.86828	0.00108	0.00409	0.00963	0.00283	0.05282	0.04667	0.00665	0.00520	0.00274
1.00000	0.24770	0.00348	0.03978	0.00427	0.00501	0.33931	0.35502	0.00183	0.00205	0.00154
1.00000	0.48093	0.03030	0.02412	0.04444	0.00773	0.26490	0.02667	0.08854	0.00285	0.02951
1.00000	0.00906	0.03883	0.02581	0.51811	0.00498	0.26670	0.08182	0.00822	0.03591	0.01055
1.00000	0.00206	0.02374	0.78270	0.04580	0.00538	0.06394	0.04305	0.02101	0.00796	0.00436
1.00000	0.00446	0.00054	0.01789	0.00075	0.00165	0.00441	0.93452	0.00061	0.01230	0.02288
1.00000	0.00271	0.05635	0.02012	0.04230	0.11723	0.19241	0.00998	0.17007	0.01039	0.37845
1.00000	0.00683	0.00708	0.00298	0.00862	0.00608	0.00894	0.00045	0.88672	0.00130	0.07101
1.00000	0.00199	0.00068	0.00393	0.00527	0.19230	0.01137	0.00687	0.13227	0.01269	0.63263
1.00000	0.77141	0.00363	0.01431	0.03943	0.00218	0.09299	0.01304	0.01535	0.02131	0.02635
1.00000	0.01194	0.00136	0.00251	0.01309	0.12000	0.01834	0.00385	0.22650	0.02329	0.57912
0.00000	0.10060	0.00470	0.04999	0.42629	0.03777	0.10393	0.02615	0.00325	0.22977	0.01755
1.00000	0.01180	0.00299	0.03767	0.01195	0.03723	0.09061	0.02728	0.02775	0.56702	0.18569
1.00000	0.00333	0.00660	0.11085	0.00106	0.17871	0.01402	0.63838	0.01084	0.00499	0.03122
1.00000	0.00300	0.00221	0.00201	0.01029	0.05039	0.02537	0.00304	0.77552	0.00183	0.12633
1.00000	0.11726	0.00405	0.00105	0.10552	0.02971	0.67718	0.02416	0.00103	0.03002	0.01001
1.00000	0.76427	0.00075	0.03031	0.00800	0.00120	0.08885	0.06844	0.00432	0.02650	0.00734
1.00000	0.01367	0.92685	0.02212	0.00590	0.00487	0.01334	0.00363	0.00340	0.00130	0.00491
0.00000	0.30267	0.00521	0.03566	0.22474	0.00300	0.26348	0.03202	0.02105	0.08907	0.02311
1.00000	0.07079	0.00508	0.58592	0.01533	0.11086	0.02413	0.02139	0.07775	0.02225	0.06651
1.00000	0.01647	0.00095	0.00474	0.01088	0.00725	0.87009	0.00677	0.00029	0.08059	0.00196
1.00000	0.00274	0.00331	0.03856	0.01269	0.68884	0.01326	0.03203	0.04169	0.00586	0.16103
1.00000	0.00223	0.05646	0.00667	0.03242	0.17656	0.04583	0.00881	0.62726	0.00095	0.04280
1.00000	0.01678	0.00450	0.33620	0.22741	0.00701	0.06384	0.02839	0.06881	0.23454	0.01250
1.00000	0.00254	0.00159	0.09386	0.06054	0.02711	0.08102	0.02375	0.00315	0.65033	0.05612
1.00000	0.00895	0.00056	0.00742	0.00111	0.00379	0.04227	0.91656	0.00022	0.01337	0.00574
1.00000	0.04165	0.00268	0.04773	0.01254	0.09255	0.02801	0.51391	0.01208	0.17580	0.07304
1.00000	0.00373	0.94420	0.00581	0.00090	0.00329	0.00262	0.01413	0.02193	0.00032	0.00306
0.00000	0.55001	0.00803	0.09630	0.06511	0.00570	0.12725	0.03811	0.03533	0.06078	0.01337
1.00000	0.00158	0.00256	0.00240	0.00565	0.00320	0.00803	0.00010	0.94776	0.00148	0.02724
1.00000	0.02282	0.00991	0.48717	0.03117	0.15015	0.01414	0.08402	0.06892	0.02111	0.11058
0.00000	0.13022	0.00716	0.17229	0.17982	0.01043	0.02989	0.08998	0.00782	0.35341	0.01896
1.00000	0.13029	0.00386	0.00996	0.04139	0.01109	0.57480	0.06571	0.00992	0.13869	0.01429
1.00000	0.01017	0.00088	0.00091	0.00228	0.00677	0.01598	0.00016	0.91897	0.00298	0.04091
1.00000	0.08822	0.00686	0.02740	0.06242	0.03542	0.21649	0.49322	0.01948	0.01917	0.03130
1.00000	0.85671	0.00106	0.05170	0.00739	0.00096	0.02893	0.02799	0.01131	0.01018	0.00377
1.00000	0.01148	0.00260	0.01215	0.53898	0.01934	0.25620	0.03728	0.00242	0.06691	0.05264
1.00000	0.00164	0.00206	0.00080	0.00195	0.81160	0.00360	0.00374	0.04837	0.00644	0.11981
1.00000	0.00144	0.00726	0.91746	0.00352	0.01279	0.00550	0.02460	0.00590	0.02028	0.00124
1.00000	0.03141	0.00197	0.00491	0.01065	0.50866	0.06342	0.08450	0.02930	0.14625	0.11892
1.00000	0.02819	0.01832	0.01179	0.15001	0.00628	0.65910	0.04484	0.01163	0.03583	0.03400
1.00000	0.00782	0.75729	0.02469	0.00751	0.00894	0.05072	0.08662	0.00291	0.01508	0.03842
1.00000	0.00100	0.08750	0.03578	0.06796	0.20657	0.10186	0.01017	0.37663	0.00324	0.10928
1.00000	0.01055	0.00885	0.20471	0.03957	0.02739	0.09690	0.06442	0.01778	0.47954	0.05028
1.00000	0.64003	0.00502	0.04157	0.00792	0.04446	0.10402	0.12604	0.01097	0.00599	0.01397
1.00000	0.00664	0.88011	0.01105	0.00862	0.00669	0.00590	0.03550	0.01231	0.00723	0.02595
1.00000	0.00616	0.00294	0.01941	0.00331	0.87760	0.00884	0.01175	0.02966	0.00150	0.03882
1.00000	0.00352	0.00167	0.00355	0.00541	0.80234	0.00707	0.01556	0.12717	0.00215	0.03156
1.00000	0.06119	0.01149	0.00301	0.03284	0.02963	0.68305	0.02107	0.02395	0.10425	0.02951
1.00000	0.00459	0.00423	0.00134	0.03760	0.05876	0.64522	0.00226	0.10056	0.09072	0.05472
1.00000	0.00165	0.00181	0.00611	0.01063	0.18134	0.01653	0.01020	0.04725	0.05053	0.67395
1.00000	0.64081	0.00488	0.05953	0.02066	0.03118	0.06219	0.09816	0.02588	0.03015	0.02655
1.00000	0.00362	0.00952	0.87062	0.00363	0.01048	0.00300	0.06296	0.00323	0.02678	0.00616
1.00000	0.01088	0.70444	0.02571	0.04862	0.01822	0.04093	0.02446	0.01737	0.03400	0.07538
1.00000	0.02015	0.00375	0.00826	0.00420	0.74532	0.01248	0.10719	0.06835	0.01039	0.01991
1.00000	0.79682	0.00077	0.01896	0.00551	0.02348	0.04369	0.03804	0.05050	0.01069	0.01155
1.00000	0.00675	0.00130	0.00116	0.00281	0.00442	0.00273	0.00058	0.94579	0.00036	0.03410
1.00000	0.01146	0.02293	0.09486	0.04544	0.13874	0.06046	0.17862	0.03393	0.27086	0.14270
1.00000	0.03599	0.00341	0.00156	0.19912	0.14309	0.30201	0.06455	0.03790	0.07678	0.13560
0.00000	0.02688	0.35101	0.04351	0.03359	0.02344	0.13811	0.00953	0.14139	0.09180	0.14075
1.00000	0.00228	0.03470	0.04294	0.01166	0.17193	0.09082	0.01517	0.01167	0.05294	0.56588
1.00000	0.08057	0.00580	0.00831	0.12486	0.03268	0.48686	0.03435	0.00583	0.16469	0.05606
1.00000	0.00859	0.06128	0.01092	0.23301	0.03323	0.27056	0.14454	0.01127	0.14104	0.08556
1.00000	0.00120	0.00256	0.00789	0.00109	0.80182	0.01326	0.05692	0.05965	0.00271	0.05292
1.00000	0.00320	0.00420	0.00958	0.06839	0.12765	0.02253	0.01019	0.57962	0.00239	0.17226
1.00000	0.00555	0.87368	0.01370	0.00883	0.01232	0.00372	0.00592	0.05154	0.00197	0.02277
1.00000	0.02592	0.00067	0.00093	0.00311	0.09175	0.07631	0.00230	0.70968	0.00626	0.08307
1.00000	0.01163	0.08123	0.05564	0.07602	0.00325	0.03049	0.00122	0.66679	0.01713	0.05660
1.00000	0.01851	0.10120	0.61599	0.10845	0.00569	0.02923	0.02828	0.03361	0.05273	0.00631
1.00000	0.00172	0.00264	0.97442	0.00697	0.00207	0.00030	0.00325	0.00610	0.00182	0.00070
1.00000	0.00301	0.94830	0.00577	0.00157	0.00176	0.00311	0.01430	0.01778	0.00023	0.00418
1.00000	0.00432	0.93803	0.00754	0.00392	0.00627	0.00613	0.00949	0.01269	0.00172	0.00991
1.00000	0.00163	0.00055	0.00214	0.00760	0.15810	0.05574	0.00748	0.03632	0.02518	0.70526
1.00000	0.00318	0.92285	0.00913	0.00112	0.00348	0.00560	0.01083	0.03104	0.00008	0.01268
1.00000	0.56186	0.00134	0.02012	0.00272	0.02335	0.07722	0.18934	0.04118	0.01569	0.06717
1.00000	0.00094	0.00247	0.00698	0.00910	0.00214	0.02242	0.00593	0.00156	0.90136	0.04711
1.00000	0.78566	0.00068	0.04194	0.00473	0.00648	0.07284	0.06523	0.00437	0.00986	0.00821
1.00000	0.00039	0.00110	0.00275	0.00055	0.95511	0.01654	0.00712	0.00595	0.00106	0.00944
1.00000	0.00624	0.11058	0.01493	0.03476	0.52315	0.09127	0.03022	0.02158	0.02034	0.14692
1.00000	0.13147	0.00645	0.59718	0.04725	0.05394	0.01186	0.09524	0.01100	0.03569	0.00991
1.00000	0.01154	0.00153	0.02577	0.69745	0.00304	0.13836	0.00261	0.00275	0.10870	0.00825
1.00000	0.00156	0.00689	0.01238	0.02002	0.00318	0.01696	0.00016	0.91873	0.00096	0.01918
1.00000	0.83970	0.00519	0.03652	0.00830	0.00398	0.05011	0.01828	0.02151	0.00633	0.01008
1.00000	0.00237	0.00050	0.01683	0.00016	0.00547	0.03396	0.93290	0.00021	0.00411	0.00349
1.00000	0.00071	0.00280	0.02478	0.01240	0.71258	0.05537	0.01595	0.03364	0.01563	0.12615
1.00000	0.00653	0.03957	0.00716	0.10806	0.01664	0.01384	0.00060	0.73581	0.01597	0.05581
1.00000	0.06140	0.03991	0.16408	0.14999	0.03606	0.02517	0.00371	0.08176	0.38115	0.05677
1.00000	0.00550	0.91105	0.00510	0.00239	0.00368	0.01324	0.02789	0.00952	0.00207	0.01956
1.00000	0.00696	0.23602	0.05621	0.31859	0.02024	0.11510	0.02917	0.02750	0.08010	0.11010
1.00000	0.00760	0.01476	0.01513	0.60631	0.00293	0.02200	0.00169	0.02002	0.24982	0.05974
1.00000	0.00287	0.04769	0.80019	0.03010	0.00763	0.02068	0.01099	0.00679	0.06362	0.00945
1.00000	0.00912	0.02227	0.70832	0.00544	0.00091	0.02852	0.21184	0.00104	0.00823	0.00430
0.00000	0.03286	0.00189	0.18917	0.16345	0.00231	0.06434	0.02569	0.03485	0.45045	0.03498
1.00000	0.77676	0.00087	0.04956	0.03730	0.00136	0.05038	0.07276	0.00306	0.00657	0.00139
1.00000	0.01199	0.00378	0.82751	0.00948	0.01853	0.00939	0.08922	0.00910	0.00586	0.01514
1.00000	0.00785	0.00859	0.01817	0.86823	0.00069	0.06824	0.00182	0.00152	0.02346	0.00143
1.00000	0.00572	0.00297	0.03076	0.05666	0.02017	0.36873	0.05382	0.00476	0.40269	0.05372
1.00000	0.05042	0.00163	0.07472	0.00083	0.00515	0.01181	0.85090	0.00164	0.00209	0.00081
1.00000	0.00054	0.01195	0.00546	0.00558	0.06530	0.08051	0.00158	0.07940	0.01384	0.73585
0.00000	0.01874	0.14486	0.02384	0.18561	0.02293	0.12248	0.00543	0.24620	0.04662	0.18329
1.00000	0.00110	0.02093	0.12732	0.01972	0.15855	0.03564	0.57810	0.00872	0.01708	0.03283
1.00000	0.01901	0.01944	0.03455	0.06276	0.00897	0.08732	0.01252	0.01334	0.64549	0.09660
1.00000	0.02458	0.00246	0.01418	0.05293	0.00153	0.81029	0.04619	0.00039	0.04525	0.00220
0.00000	0.01065	0.06386	0.11083	0.04457	0.18841	0.09732	0.24339	0.00555	0.17213	0.06327
1.00000	0.01088	0.00874	0.02196	0.01133	0.19507	0.04106	0.05904	0.03472	0.01834	0.59886
1.00000	0.00473	0.06091	0.00237	0.00294	0.01480	0.11465	0.00244	0.64683	0.00089	0.14945
1.00000	0.01252	0.33275	0.47971	0.04927	0.00218	0.02202	0.05906	0.01649	0.01661	0.00938
1.00000	0.00184	0.00196	0.00054	0.00188	0.00174	0.00524	0.00034	0.96900	0.00017	0.01729
1.00000	0.05892	0.00193	0.05092	0.01015	0.00803	0.02240	0.01316	0.02841	0.74290	0.06319
1.00000	0.00315	0.00682	0.00563	0.31850	0.02554	0.16675	0.00698	0.04066	0.27102	0.15495
1.00000	0.04875	0.00295	0.01081	0.11608	0.01165	0.61817	0.07128	0.00294	0.10833	0.00903
1.00000	0.43375	0.01913	0.04317	0.01315	0.04861	0.12636	0.17269	0.02913	0.07211	0.04190
0.00000	0.02253	0.14820	0.25612	0.17131	0.00746	0.01609	0.00264	0.21176	0.12323	0.04065
1.00000	0.00115	0.00559	0.00216	0.00493	0.82037	0.03139	0.00691	0.00969	0.00491	0.11289
1.00000	0.01401	0.00112	0.02729	0.01708	0.12738	0.02121	0.06131	0.06564	0.04607	0.61888
1.00000	0.01344	0.03683	0.05084	0.55768	0.04139	0.22026	0.00562	0.00711	0.05582	0.01100
1.00000	0.06903	0.00357	0.00491	0.13152	0.01193	0.67617	0.02053	0.00154	0.07420	0.00659
1.00000	0.00236	0.00167	0.00321	0.00414	0.78980	0.06398	0.01282	0.07489	0.00675	0.04037
0.00000	0.04186	0.01396	0.29294	0.18341	0.01016	0.08281	0.13523	0.01910	0.18727	0.03325
1.00000	0.74649	0.00157	0.02833	0.07552	0.00542	0.04176	0.04619	0.03785	0.01030	0.00657
1.00000	0.00628	0.02617	0.64626	0.18001	0.00145	0.07398	0.03202	0.00832	0.02440	0.00111
1.00000	0.04712	0.00745	0.22191	0.00890	0.17365	0.02605	0.08563	0.10365	0.01608	0.30957
1.00000	0.13298	0.01720	0.05859	0.57580	0.01397	0.11451	0.02914	0.00680	0.03919	0.01182
1.00000	0.00218	0.95127	0.00690	0.00100	0.00293	0.00347	0.01869	0.00963	0.00032	0.00361
1.00000	0.04553	0.00468	0.05913	0.00269	0.00304	0.27547	0.59082	0.00141	0.01120	0.00602
1.00000	0.00174	0.00221	0.00156	0.01046	0.18814	0.03384	0.01192	0.06927	0.01706	0.66381
1.00000	0.00339	0.81034	0.01334	0.01219	0.04173	0.00620	0.01885	0.03544	0.00582	0.05270
1.00000	0.00329	0.01017	0.00156	0.01756	0.13712	0.03736	0.00862	0.19796	0.02573	0.56062
1.00000	0.02822	0.01703	0.04955	0.73005	0.00187	0.10891	0.00885	0.00360	0.03741	0.01451
0.00000	0.44627	0.03152	0.21534	0.07735	0.00653	0.10705	0.04493	0.04152	0.01762	0.01188
1.00000	0.02169	0.00324	0.04220	0.00227	0.65088	0.01853	0.09150	0.04503	0.00922	0.11545
1.00000	0.00110	0.00312	0.00086	0.00581	0.66093	0.05963	0.01050	0.05029	0.00128	0.20648
1.00000	0.02427	0.03765	0.07310	0.70407	0.00074	0.04098	0.00607	0.06128	0.03668	0.01515
1.00000	0.76235	0.01061	0.00370	0.02021	0.03133	0.11146	0.01645	0.02962	0.00293	0.01133
1.00000	0.01094	0.00301	0.01669	0.00316	0.83442	0.00938	0.03159	0.02386	0.00454	0.06242
1.00000	0.04715	0.00107	0.00656	0.00091	0.69168	0.08084	0.06565	0.04440	0.00720	0.05454
1.00000	0.02316	0.79462	0.03169	0.01066	0.00679	0.07260	0.00389	0.02975	0.01046	0.01637
1.00000	0.01784	0.00381	0.00801	0.44493	0.01064	0.19805	0.03677	0.01618	0.14496	0.11881
1.00000	0.48100	0.00314	0.07545	0.02419	0.02315	0.09915	0.10892	0.04621	0.07902	0.05975
1.00000	0.00049	0.00202	0.00115	0.00935	0.14940	0.05743	0.00538	0.04954	0.00592	0.71932
1.00000	0.00228	0.00276	0.00269	0.01241	0.28654	0.01801	0.00806	0.03673	0.03275	0.59777
1.00000	0.00451	0.15406	0.07629	0.00348	0.01040	0.23096	0.46978	0.00228	0.01066	0.03757
1.00000	0.00422	0.01331	0.10053	0.04213	0.00278	0.11934	0.03027	0.00088	0.67943	0.00712
1.00000	0.01503	0.06914	0.52521	0.16870	0.01653	0.06552	0.02399	0.09437	0.00675	0.01477
0.00000	0.01065	0.02358	0.00315	0.13492	0.07099	0.37242	0.05215	0.06504	0.03067	0.23642
1.00000	0.00397	0.27856	0.00523	0.01322	0.17514	0.04991	0.00370	0.33473	0.00240	0.13315
1.00000	0.04415	0.01276	0.01489	0.10248	0.00368	0.65978	0.08851	0.00174	0.06969	0.00231
1.00000	0.00974	0.01120	0.11409	0.12031	0.14679	0.05723	0.04968	0.26257	0.08155	0.14685
1.00000	0.01040	0.05243	0.01233	0.02130	0.01405	0.05715	0.02523	0.00589	0.69491	0.10632
1.00000	0.01008	0.02155	0.02861	0.04311	0.13545	0.07518	0.02882	0.10640	0.23641	0.31440
1.00000	0.02661	0.00222	0.64798	0.00875	0.03678	0.02376	0.02877	0.00374	0.14195	0.07944
1.00000	0.03843	0.02075	0.01204	0.00246	0.01804	0.82801	0.06080	0.00111	0.01324	0.00511
1.00000	0.00812	0.00111	0.90572	0.02224	0.01833	0.00300	0.00878	0.02051	0.00353	0.00866
1.00000	0.04938	0.00967	0.02932	0.59819	0.00221	0.22292	0.00611	0.00485	0.05322	0.02413
1.00000	0.02643	0.00171	0.03208	0.00500	0.00858	0.27823	0.03689	0.01430	0.51137	0.08543
0.00000	0.00821	0.00284	0.24686	0.09761	0.00310	0.03454	0.00917	0.02029	0.56186	0.01553
1.00000	0.01865	0.00263	0.03920	0.66687	0.00153	0.05478	0.00401	0.01090	0.17339	0.02804
1.00000	0.00062	0.00595	0.00487	0.01316	0.16419	0.05309	0.00351	0.06077	0.04132	0.65254
1.00000	0.00046	0.00094	0.02570	0.00040	0.00469	0.00920	0.95439	0.00027	0.00122	0.00274
1.00000	0.00332	0.04094	0.00299	0.01252	0.01780	0.02187	0.00080	0.81394	0.00106	0.08476
1.00000	0.78696	0.00202	0.00866	0.01065	0.01252	0.09263	0.07688	0.00551	0.00160	0.00258
1.00000	0.88745	0.00094	0.02321	0.00832	0.00033	0.04663	0.02582	0.00435	0.00180	0.00114
1.00000	0.01377	0.01080	0.01506	0.00741	0.07476	0.77098	0.06433	0.00682	0.00793	0.02816
1.00000	0.01956	0.00852	0.72496	0.03084	0.00137	0.01911	0.16837	0.00585	0.01686	0.00456
1.00000	0.01071	0.00871	0.14514	0.71126	0.00058	0.04123	0.00333	0.00665	0.07057	0.00182
1.00000	0.02052	0.00797	0.54125	0.04552	0.02785	0.09033	0.04591	0.06139	0.07692	0.08233
1.00000	0.00807	0.00263	0.00353	0.00159	0.02603	0.77319	0.00529	0.00232	0.12946	0.04789
1.00000	0.00334	0.76558	0.04252	0.01301	0.01437	0.04634	0.03882	0.01043	0.00518	0.06040
1.00000	0.67291	0.00086	0.05460	0.01598	0.01582	0.01912	0.14232	0.01282	0.03800	0.02756
1.00000	0.02343	0.01251	0.15656	0.24008	0.00806	0.04713	0.00615	0.46218	0.03510	0.00881
1.00000	0.03386	0.00808	0.01705	0.01490	0.00452	0.02970	0.02563	0.00405	0.85108	0.01114
0.00000	0.00342	0.03076	0.01079	0.00621	0.32103	0.04727	0.02216	0.05562	0.00827	0.49447
1.00000	0.05869	0.00140	0.02239	0.00128	0.53459	0.05861	0.10678	0.03754	0.01250	0.16622
0.00000	0.00516	0.01590	0.36671	0.09736	0.00176	0.03230	0.00977	0.00627	0.46011	0.00465
1.00000	0.00340	0.07884	0.71271	0.03454	0.01161	0.00592	0.10186	0.00452	0.03976	0.00683
0.00000	0.00369	0.03960	0.07581	0.22246	0.09258	0.19374	0.03773	0.04386	0.19312	0.09742
