1.00000	0.00262	0.93892	0.00735	0.00127	0.01264	0.00648	0.02527	0.00149	0.00029	0.00368
1.00000	0.00029	0.00154	0.00014	0.00177	0.00454	0.00073	0.00011	0.98867	0.00021	0.00200
1.00000	0.89734	0.00137	0.01157	0.01654	0.00656	0.00924	0.00657	0.00328	0.03027	0.01725
1.00000	0.02460	0.02032	0.00301	0.01551	0.02088	0.86694	0.00480	0.00320	0.02929	0.01144
1.00000	0.00064	0.00073	0.00097	0.00453	0.91910	0.00800	0.00117	0.01423	0.00016	0.05046
1.00000	0.00206	0.03771	0.00874	0.00514	0.29150	0.07003	0.00997	0.42254	0.00353	0.14878
1.00000	0.00783	0.00052	0.00009	0.02346	0.00134	0.91369	0.00185	0.00072	0.00718	0.04332
1.00000	0.10326	0.00345	0.35136	0.02784	0.12138	0.03462	0.33061	0.00611	0.01923	0.00214
0.00000	0.00094	0.00397	0.03229	0.04040	0.24180	0.03576	0.00142	0.14392	0.00140	0.49811
0.00000	0.08982	0.01364	0.00581	0.05000	0.27789	0.14297	0.01358	0.10017	0.06425	0.24186
1.00000	0.00145	0.88178	0.01116	0.00737	0.04257	0.00354	0.00816	0.01953	0.01837	0.00608
1.00000	0.00472	0.00090	0.93186	0.00130	0.03551	0.00042	0.02196	0.00139	0.00026	0.00168
1.00000	0.00041	0.02374	0.00157	0.00125	0.87966	0.01831	0.00321	0.00626	0.00267	0.06293
1.00000	0.00104	0.91814	0.00762	0.00229	0.02615	0.00720	0.01488	0.01196	0.00370	0.00702
1.00000	0.00503	0.64282	0.04599	0.03139	0.01490	0.01009	0.00513	0.20508	0.03399	0.00558
1.00000	0.04816	0.02331	0.10681	0.28115	0.07928	0.11519	0.06169	0.07377	0.03896	0.17169
1.00000	0.00045	0.90869	0.00754	0.00141	0.01685	0.00236	0.02966	0.02605	0.00555	0.00143
1.00000	0.00584	0.00933	0.01518	0.00549	0.02364	0.04724	0.87773	0.00109	0.01393	0.00055
1.00000	0.00007	0.00070	0.00016	0.00010	0.94581	0.01085	0.00158	0.00077	0.00028	0.03969
1.00000	0.00048	0.00480	0.00350	0.04935	0.32573	0.00408	0.00370	0.03656	0.01050	0.56130
1.00000	0.04468	0.01557	0.01442	0.84891	0.00976	0.01238	0.00650	0.00546	0.03590	0.00643
1.00000	0.00048	0.00043	0.00042	0.00203	0.83517	0.00515	0.00098	0.01516	0.00681	0.13337
1.00000	0.00106	0.00280	0.00006	0.00087	0.12604	0.00282	0.00013	0.00550	0.00101	0.85971
1.00000	0.13937	0.03130	0.08655	0.16440	0.05544	0.05782	0.01777	0.00982	0.38798	0.04955
1.00000	0.00087	0.00083	0.00102	0.00113	0.14153	0.04502	0.00582	0.01241	0.05525	0.73613
1.00000	0.68427	0.00704	0.05943	0.03364	0.05289	0.02497	0.07648	0.02568	0.02155	0.01407
1.00000	0.00324	0.00061	0.00167	0.00525	0.00796	0.00251	0.00032	0.80620	0.00249	0.16973
1.00000	0.05899	0.00106	0.02866	0.01320	0.03312	0.00925	0.76426	0.00106	0.07759	0.01281
1.00000	0.01964	0.06445	0.04835	0.00320	0.14063	0.18210	0.09316	0.03766	0.34915	0.06166
1.00000	0.00863	0.00021	0.00815	0.00226	0.01336	0.01521	0.94519	0.00033	0.00076	0.00592
1.00000	0.01183	0.55403	0.03973	0.02318	0.04985	0.04069	0.00487	0.15663	0.07725	0.04193
1.00000	0.03563	0.00297	0.00591	0.82065	0.00078	0.11772	0.00121	0.00037	0.01401	0.00074
1.00000	0.00150	0.93462	0.03320	0.00230	0.00240	0.00448	0.00704	0.00452	0.00848	0.00146
1.00000	0.03412	0.02184	0.04390	0.00371	0.67457	0.07396	0.02505	0.01852	0.04134	0.06298
1.00000	0.00159	0.00010	0.00972	0.00024	0.00379	0.00426	0.96500	0.01391	0.00057	0.00083
1.00000	0.00265	0.10283	0.66121	0.01559	0.05934	0.01076	0.10833	0.00738	0.00993	0.02197
1.00000	0.00191	0.01004	0.00183	0.00308	0.11590	0.17984	0.02810	0.00903	0.59269	0.05759
1.00000	0.85697	0.00252	0.06086	0.00088	0.01419	0.00635	0.03343	0.00293	0.00047	0.02139
1.00000	0.02039	0.08175	0.02412	0.03964	0.52084	0.07446	0.02082	0.04484	0.00337	0.16977
1.00000	0.04453	0.01353	0.53417	0.03919	0.01863	0.04346	0.01359	0.04218	0.16740	0.08333
1.00000	0.19730	0.00943	0.04144	0.46731	0.03118	0.13798	0.00933	0.00127	0.10168	0.00307
1.00000	0.00113	0.00556	0.94406	0.00632	0.00597	0.00176	0.01200	0.01343	0.00606	0.00371
1.00000	0.98456	0.00030	0.00096	0.00537	0.00393	0.00177	0.00076	0.00013	0.00065	0.00158
1.00000	0.00126	0.00776	0.01541	0.01676	0.36650	0.00768	0.01812	0.03850	0.01509	0.51292
1.00000	0.07199	0.04625	0.65042	0.13537	0.00422	0.05008	0.01554	0.00655	0.01806	0.00151
1.00000	0.00064	0.94817	0.00532	0.00274	0.02083	0.00308	0.00776	0.00181	0.00306	0.00657
1.00000	0.00870	0.02888	0.01334	0.80682	0.00566	0.05246	0.00263	0.04412	0.03517	0.00221
1.00000	0.00285	0.02113	0.06221	0.77138	0.01062	0.04796	0.00222	0.03069	0.04335	0.00760
0.00000	0.00226	0.00719	0.00324	0.42125	0.00510	0.03796	0.00028	0.00853	0.50001	0.01417
1.00000	0.04197	0.00551	0.02232	0.13499	0.02909	0.61740	0.04640	0.01722	0.06239	0.02271
1.00000	0.02730	0.03169	0.05228	0.00323	0.47101	0.03902	0.06618	0.03103	0.14662	0.13165
1.00000	0.00968	0.00116	0.00463	0.02994	0.00576	0.05241	0.88477	0.00091	0.00991	0.00082
1.00000	0.00128	0.02072	0.02729	0.02344	0.00214	0.00170	0.00071	0.88715	0.02293	0.01263
1.00000	0.03954	0.00357	0.00510	0.00740	0.01780	0.06033	0.00893	0.74437	0.00809	0.10489
1.00000	0.01332	0.01345	0.03111	0.07574	0.00374	0.78012	0.01221	0.00414	0.06099	0.00517
1.00000	0.00094	0.03634	0.02439	0.01183	0.28809	0.02622	0.01724	0.04936	0.00971	0.53589
1.00000	0.00310	0.00434	0.01100	0.00033	0.92172	0.00262	0.00524	0.00254	0.00452	0.04459
1.00000	0.01513	0.01664	0.00143	0.01711	0.81449	0.00806	0.01456	0.08438	0.01258	0.01564
1.00000	0.82521	0.00785	0.01444	0.02618	0.02483	0.02463	0.00641	0.01150	0.01260	0.04636
1.00000	0.00528	0.00248	0.00342	0.00507	0.06834	0.07575	0.02467	0.00782	0.55061	0.25656
1.00000	0.00990	0.00882	0.00418	0.09445	0.09532	0.63878	0.05060	0.00499	0.01284	0.08013
1.00000	0.71972	0.01513	0.04530	0.04161	0.03292	0.01868	0.00364	0.06577	0.00716	0.05006
1.00000	0.01146	0.00478	0.00094	0.02165	0.63222	0.05850	0.05449	0.04395	0.03500	0.13701
1.00000	0.00095	0.00969	0.00221	0.00809	0.17956	0.02479	0.00112	0.03837	0.00116	0.73406
1.00000	0.00198	0.00208	0.01371	0.01781	0.00751	0.00081	0.00979	0.93874	0.00280	0.00476
1.00000	0.00081	0.00203	0.00572	0.00998	0.02397	0.01173	0.00609	0.85028	0.00096	0.08841
1.00000	0.11383	0.00656	0.03302	0.01052	0.09657	0.01133	0.03295	0.11959	0.00467	0.57096
1.00000	0.00113	0.00240	0.00893	0.05894	0.01559	0.00404	0.00045	0.83799	0.04220	0.02833
1.00000	0.00017	0.00218	0.00034	0.04539	0.13062	0.03370	0.00028	0.10669	0.00234	0.67829
1.00000	0.06285	0.07189	0.02877	0.01414	0.11912	0.02264	0.55887	0.05065	0.06650	0.00457
1.00000	0.89572	0.00232	0.01146	0.01852	0.01089	0.01687	0.02862	0.00245	0.00673	0.00640
1.00000	0.02193	0.00728	0.00112	0.24489	0.01331	0.60792	0.04555	0.01546	0.00607	0.03646
1.00000	0.00651	0.03499	0.00079	0.00289	0.01569	0.85843	0.00234	0.02842	0.02912	0.02082
1.00000	0.05918	0.00935	0.06372	0.05718	0.12255	0.00895	0.58020	0.03818	0.01828	0.04241
1.00000	0.00361	0.00181	0.01565	0.00143	0.04375	0.11292	0.80786	0.00043	0.00958	0.00297
1.00000	0.02307	0.03438	0.08083	0.00166	0.14278	0.62429	0.04617	0.01990	0.02073	0.00620
1.00000	0.00654	0.01435	0.00937	0.02179	0.06585	0.00855	0.00441	0.58702	0.08389	0.19823
1.00000	0.39312	0.04574	0.03211	0.08917	0.07757	0.15272	0.01632	0.18114	0.00306	0.00905
1.00000	0.00109	0.00013	0.00029	0.00187	0.00301	0.00202	0.00010	0.96328	0.00031	0.02790
1.00000	0.02005	0.01450	0.00503	0.00216	0.06731	0.77755	0.00335	0.07788	0.02655	0.00560
1.00000	0.00017	0.02461	0.00460	0.03807	0.17591	0.00636	0.00273	0.10711	0.00147	0.63897
1.00000	0.00159	0.00314	0.00567	0.01479	0.62946	0.01997	0.10804	0.05426	0.01227	0.15081
1.00000	0.01460	0.00147	0.00452	0.00213	0.93237	0.01351	0.01247	0.00895	0.00258	0.00741
1.00000	0.00078	0.00028	0.00346	0.00112	0.26693	0.01355	0.00170	0.01183	0.00390	0.69643
1.00000	0.00179	0.00066	0.99088	0.00133	0.00048	0.00017	0.00257	0.00144	0.00063	0.00006
1.00000	0.95243	0.00081	0.00680	0.00525	0.00183	0.00854	0.00350	0.00198	0.01532	0.00354
1.00000	0.05145	0.01119	0.57450	0.03704	0.12415	0.02838	0.13058	0.00545	0.01891	0.01836
0.00000	0.00118	0.00070	0.00122	0.03134	0.12132	0.00692	0.00056	0.34505	0.00055	0.49115
1.00000	0.00240	0.87445	0.02357	0.00657	0.00866	0.00562	0.03714	0.03888	0.00061	0.00210
1.00000	0.00880	0.12592	0.01056	0.48971	0.02715	0.21248	0.01225	0.02284	0.05052	0.03978
1.00000	0.01346	0.00575	0.89809	0.01222	0.03263	0.00498	0.02181	0.00209	0.00296	0.00601
1.00000	0.75634	0.00921	0.08740	0.00232	0.01959	0.02427	0.04339	0.00856	0.00144	0.04748
1.00000	0.02663	0.00061	0.03999	0.00419	0.01833	0.02423	0.88407	0.00047	0.00076	0.00072
1.00000	0.00084	0.87168	0.05926	0.00152	0.01189	0.00325	0.00459	0.03746	0.00818	0.00135
1.00000	0.00089	0.00023	0.00190	0.02907	0.00065	0.00086	0.00024	0.89257	0.00172	0.07188
1.00000	0.04717	0.01719	0.00540	0.00200	0.19062	0.06790	0.00373	0.49693	0.00754	0.16152
0.00000	0.18991	0.04211	0.00467	0.01155	0.31843	0.11957	0.00533	0.12868	0.01128	0.16849
0.00000	0.00425	0.00667	0.00102	0.00313	0.26209	0.01867	0.00539	0.00700	0.06125	0.63052
1.00000	0.01439	0.00144	0.01451	0.00697	0.79821	0.00517	0.04285	0.06027	0.00808	0.04812
1.00000	0.00135	0.00003	0.00008	0.00144	0.00410	0.00300	0.00019	0.92891	0.00054	0.06036
1.00000	0.00538	0.07896	0.04337	0.00372	0.14471	0.07837	0.00702	0.56665	0.04029	0.03152
1.00000	0.00121	0.00282	0.04138	0.00722	0.41823	0.01057	0.47028	0.03197	0.00452	0.01180
1.00000	0.00039	0.00142	0.00218	0.02378	0.00035	0.00229	0.00133	0.00041	0.96745	0.00042
0.00000	0.07673	0.00837	0.05795	0.01369	0.54045	0.01998	0.08989	0.12057	0.00975	0.06262
1.00000	0.14215	0.01567	0.24191	0.21244	0.01395	0.06188	0.13623	0.00921	0.15930	0.00725
1.00000	0.00490	0.00319	0.00408	0.00820	0.00711	0.88119	0.00389	0.00073	0.08460	0.00211
1.00000	0.07888	0.01060	0.05750	0.00629	0.55148	0.09744	0.06669	0.04451	0.00959	0.07703
1.00000	0.07678	0.01881	0.00518	0.69484	0.00531	0.10576	0.00145	0.01295	0.07583	0.00308
1.00000	0.00027	0.00290	0.00120	0.00138	0.70184	0.05434	0.00473	0.01059	0.00362	0.21912
1.00000	0.00174	0.00004	0.00006	0.00112	0.00115	0.00154	0.00005	0.98694	0.00015	0.00721
0.00000	0.36601	0.01543	0.06895	0.13576	0.08792	0.07474	0.03582	0.06811	0.07291	0.07435
1.00000	0.00104	0.00090	0.00721	0.01534	0.01305	0.01440	0.00223	0.00509	0.91829	0.02245
1.00000	0.00348	0.00687	0.00489	0.02107	0.01851	0.01198	0.00780	0.03864	0.83916	0.04760
1.00000	0.01894	0.05656	0.00739	0.00688	0.01793	0.00883	0.00099	0.86263	0.00715	0.01269
1.00000	0.00358	0.85319	0.00647	0.02110	0.00958	0.02918	0.02069	0.01492	0.00336	0.03794
1.00000	0.19372	0.00541	0.02778	0.51656	0.00201	0.24180	0.00333	0.00249	0.00606	0.00084
1.00000	0.00194	0.00008	0.00484	0.00011	0.03151	0.02039	0.93980	0.00046	0.00034	0.00053
1.00000	0.00057	0.00011	0.00054	0.00015	0.26848	0.00279	0.00219	0.00644	0.00335	0.71538
1.00000	0.00074	0.84860	0.01866	0.00097	0.06265	0.00365	0.03085	0.01476	0.01536	0.00377
1.00000	0.00127	0.00734	0.00103	0.00425	0.01381	0.01163	0.00019	0.94869	0.00214	0.00965
1.00000	0.00136	0.00202	0.02493	0.00099	0.83232	0.00414	0.05960	0.01300	0.00455	0.05707
0.00000	0.00748	0.02540	0.05413	0.05875	0.45319	0.03501	0.15919	0.16934	0.00351	0.03401
1.00000	0.08322	0.02930	0.24675	0.43025	0.01633	0.06171	0.06982	0.03507	0.02501	0.00254
1.00000	0.95205	0.00160	0.01261	0.00249	0.00728	0.00684	0.00478	0.00211	0.00707	0.00317
1.00000	0.01010	0.07016	0.00449	0.04332	0.06351	0.53244	0.00849	0.14491	0.02414	0.09844
1.00000	0.05932	0.00280	0.08560	0.69400	0.00130	0.11960	0.02340	0.00304	0.00814	0.00279
1.00000	0.00552	0.00534	0.70029	0.01322	0.13440	0.00445	0.09632	0.02420	0.01116	0.00512
1.00000	0.02500	0.00692	0.11256	0.64727	0.01876	0.09231	0.00610	0.00983	0.07374	0.00752
1.00000	0.04934	0.02213	0.01518	0.14735	0.01445	0.68756	0.00865	0.00187	0.01155	0.04191
1.00000	0.00759	0.00246	0.00311	0.10719	0.00288	0.78486	0.00142	0.00072	0.08453	0.00524
1.00000	0.00030	0.00031	0.00017	0.00126	0.10932	0.00886	0.00036	0.00716	0.00282	0.86944
1.00000	0.07503	0.03817	0.09467	0.17598	0.09413	0.23356	0.06356	0.03852	0.09256	0.09381
1.00000	0.00257	0.00023	0.00500	0.01710	0.03557	0.01750	0.91887	0.00062	0.00090	0.00163
1.00000	0.00045	0.00182	0.00025	0.00128	0.93919	0.02187	0.00289	0.01106	0.00028	0.02091
1.00000	0.95405	0.00057	0.00525	0.00367	0.00220	0.01468	0.01152	0.00316	0.00348	0.00143
1.00000	0.00545	0.00658	0.00696	0.02228	0.06803	0.02255	0.00984	0.04032	0.68108	0.13692
1.00000	0.95013	0.00025	0.00245	0.00445	0.01275	0.01925	0.00323	0.00058	0.00125	0.00565
1.00000	0.00493	0.02790	0.01309	0.08101	0.01112	0.01301	0.00626	0.74783	0.00550	0.08933
1.00000	0.20561	0.02346	0.36994	0.05413	0.02998	0.20415	0.04423	0.03548	0.02508	0.00796
0.00000	0.02598	0.05615	0.00311	0.03120	0.10198	0.07251	0.00952	0.31162	0.22801	0.15993
1.00000	0.00780	0.00199	0.02645	0.19793	0.00398	0.13469	0.03065	0.01179	0.55623	0.02849
1.00000	0.15273	0.00348	0.07037	0.11217	0.01238	0.25225	0.03479	0.00211	0.35090	0.00883
1.00000	0.00059	0.00267	0.00019	0.00067	0.00238	0.00114	0.00005	0.98909	0.00006	0.00316
1.00000	0.00306	0.11439	0.44186	0.12408	0.00510	0.02159	0.02077	0.10390	0.14659	0.01866
1.00000	0.00569	0.00848	0.04091	0.00722	0.04770	0.01815	0.82209	0.01238	0.01795	0.01945
1.00000	0.94946	0.00104	0.00501	0.00100	0.00757	0.01277	0.00937	0.00128	0.00805	0.00443
1.00000	0.00450	0.00821	0.00221	0.05502	0.04214	0.79357	0.00709	0.01572	0.03480	0.03673
1.00000	0.01888	0.01265	0.00838	0.15156	0.00845	0.63245	0.00194	0.03684	0.12646	0.00240
1.00000	0.03113	0.01199	0.84000	0.02458	0.01198	0.01444	0.01427	0.01069	0.03447	0.00645
1.00000	0.01170	0.00917	0.00315	0.00454	0.01025	0.93619	0.00675	0.00128	0.01609	0.00088
1.00000	0.00191	0.56839	0.02220	0.04471	0.10431	0.03548	0.01540	0.03531	0.05767	0.11462
1.00000	0.00602	0.00259	0.05196	0.90819	0.00031	0.00481	0.00074	0.01402	0.01051	0.00085
1.00000	0.04012	0.01518	0.06527	0.01132	0.07101	0.01939	0.73583	0.01893	0.01278	0.01017
1.00000	0.07933	0.00961	0.17154	0.01681	0.55542	0.06557	0.04543	0.00666	0.00771	0.04193
1.00000	0.00054	0.07074	0.00483	0.02824	0.02691	0.00212	0.00238	0.81871	0.00198	0.04355
1.00000	0.00229	0.00161	0.00546	0.00082	0.93980	0.01540	0.00462	0.00207	0.00623	0.02169
1.00000	0.96865	0.00067	0.00430	0.00344	0.00843	0.00604	0.00594	0.00075	0.00167	0.00011
0.00000	0.00979	0.08834	0.20978	0.15882	0.00849	0.01150	0.00377	0.00453	0.50426	0.00072
1.00000	0.45980	0.01189	0.08037	0.01235	0.09071	0.01288	0.08365	0.14777	0.00216	0.09843
0.00000	0.10425	0.04960	0.33144	0.32429	0.00988	0.00748	0.01571	0.10173	0.02546	0.03015
1.00000	0.00969	0.00024	0.00200	0.00201	0.10322	0.00666	0.02915	0.03524	0.00295	0.80884
1.00000	0.00778	0.00492	0.80112	0.03033	0.04325	0.01679	0.01598	0.06125	0.01783	0.00075
1.00000	0.00959	0.00328	0.00050	0.05696	0.01524	0.81388	0.01445	0.00795	0.02141	0.05675
0.00000	0.51953	0.00219	0.34171	0.00480	0.00509	0.01294	0.06898	0.00410	0.02370	0.01696
0.00000	0.00947	0.01959	0.00834	0.00168	0.60243	0.09165	0.09167	0.00559	0.07339	0.09618
1.00000	0.00042	0.00699	0.00302	0.08289	0.12817	0.02137	0.01312	0.01304	0.12480	0.60618
1.00000	0.00049	0.02211	0.00028	0.00772	0.12031	0.01846	0.00209	0.03760	0.00169	0.78925
1.00000	0.03624	0.00401	0.11050	0.01345	0.03647	0.02526	0.70301	0.02518	0.03393	0.01194
1.00000	0.00365	0.00790	0.06148	0.00820	0.01852	0.02901	0.00918	0.00956	0.83269	0.01981
1.00000	0.15367	0.00863	0.72211	0.05052	0.01256	0.01232	0.00907	0.00490	0.02517	0.00105
1.00000	0.72502	0.00277	0.01202	0.07054	0.04361	0.01245	0.05235	0.00468	0.02797	0.04860
1.00000	0.00270	0.01434	0.00519	0.07713	0.00644	0.02120	0.00274	0.07227	0.76200	0.03597
1.00000	0.00628	0.00866	0.00321	0.00238	0.00597	0.93565	0.01768	0.00013	0.01910	0.00093
1.00000	0.00236	0.00107	0.00042	0.01230	0.82376	0.00565	0.01435	0.00998	0.01521	0.11489
1.00000	0.00181	0.00019	0.00547	0.00043	0.01001	0.00398	0.97746	0.00017	0.00014	0.00033
1.00000	0.03156	0.00986	0.03751	0.00160	0.69449	0.01469	0.01018	0.00612	0.02110	0.17290
1.00000	0.01084	0.00025	0.00120	0.00206	0.00085	0.00117	0.00036	0.98051	0.00018	0.00258
1.00000	0.02178	0.04561	0.01535	0.55191	0.02059	0.07275	0.00407	0.09764	0.08247	0.08784
1.00000	0.00777	0.00065	0.00230	0.01273	0.01184	0.01711	0.00426	0.00382	0.91014	0.02938
0.00000	0.00364	0.01404	0.20860	0.09496	0.01953	0.03728	0.01061	0.05999	0.51919	0.03216
1.00000	0.36365	0.01389	0.10356	0.01928	0.18527	0.02375	0.06417	0.13589	0.00376	0.08678
1.00000	0.02526	0.02162	0.01892	0.58872	0.02638	0.09428	0.00653	0.05841	0.12273	0.03716
1.00000	0.00408	0.00239	0.01774	0.00196	0.01756	0.09415	0.84249	0.00521	0.01353	0.00088
1.00000	0.00048	0.90491	0.02892	0.00147	0.01130	0.00541	0.00438	0.03995	0.00203	0.00115
1.00000	0.04464	0.00599	0.01351	0.73385	0.00197	0.06654	0.00599	0.00515	0.10175	0.02062
1.00000	0.23926	0.01578	0.06527	0.20365	0.06007	0.03122	0.00936	0.00564	0.32491	0.04484
1.00000	0.02542	0.02481	0.01573	0.06887	0.02118	0.02037	0.04088	0.01164	0.64887	0.12224
1.00000	0.00440	0.00153	0.00038	0.00027	0.00481	0.93059	0.00926	0.00117	0.00686	0.04075
0.00000	0.07939	0.01075	0.13707	0.22283	0.05040	0.11038	0.01853	0.03985	0.18053	0.15027
1.00000	0.02558	0.03806	0.05723	0.79375	0.00718	0.04036	0.00783	0.00362	0.02177	0.00462
1.00000	0.30031	0.01178	0.07267	0.38749	0.00186	0.07883	0.06078	0.02329	0.05953	0.00348
1.00000	0.01095	0.00125	0.00051	0.00095	0.85774	0.00760	0.02323	0.01671	0.00614	0.07491
1.00000	0.05357	0.01404	0.10435	0.57857	0.01095	0.02544	0.00771	0.00752	0.18944	0.00841
0.00000	0.03093	0.06955	0.36752	0.09044	0.09207	0.03548	0.09125	0.18147	0.01073	0.03056
1.00000	0.04276	0.00831	0.09293	0.13875	0.02071	0.06309	0.02783	0.01678	0.51559	0.07326
1.00000	0.01403	0.01011	0.04576	0.15264	0.02729	0.12104	0.01227	0.02360	0.55296	0.04030
1.00000	0.97508	0.00023	0.00276	0.00118	0.00049	0.01622	0.00213	0.00048	0.00091	0.00053
1.00000	0.01442	0.00434	0.00058	0.07394	0.00308	0.87334	0.00124	0.00196	0.01113	0.01596
1.00000	0.00449	0.00609	0.03789	0.91388	0.00173	0.02326	0.00195	0.00459	0.00507	0.00106
1.00000	0.01902	0.00402	0.03510	0.00045	0.74726	0.02715	0.06373	0.02995	0.01161	0.06171
1.00000	0.00236	0.03833	0.02873	0.00992	0.79182	0.05371	0.01761	0.00552	0.01654	0.03545
1.00000	0.00021	0.00013	0.00035	0.00114	0.07315	0.00688	0.00035	0.02602	0.01175	0.88004
1.00000	0.04017	0.00873	0.00151	0.01913	0.12755	0.19577	0.00750	0.15167	0.10861	0.33937
1.00000	0.01149	0.00376	0.16259	0.75034	0.00217	0.02273	0.01334	0.00572	0.01979	0.00807
1.00000	0.00264	0.00500	0.01249	0.03363	0.13439	0.01803	0.00522	0.09865	0.04695	0.64299
0.00000	0.00278	0.00851	0.00339	0.01044	0.06456	0.41349	0.07845	0.00374	0.26612	0.14852
1.00000	0.00064	0.00139	0.00031	0.00824	0.14846	0.02384	0.00309	0.03432	0.00325	0.77646
1.00000	0.00350	0.01146	0.00596	0.04727	0.03320	0.08812	0.02148	0.00555	0.66943	0.11403
1.00000	0.94000	0.00481	0.00864	0.00139	0.00096	0.00241	0.03617	0.00072	0.00185	0.00305
1.00000	0.00278	0.79009	0.11653	0.00212	0.04883	0.00656	0.00475	0.01049	0.01447	0.00338
0.00000	0.00751	0.00837	0.00243	0.25987	0.05385	0.02814	0.00227	0.00890	0.45164	0.17700
1.00000	0.96145	0.00065	0.00525	0.00630	0.00298	0.00919	0.00570	0.00085	0.00706	0.00057
1.00000	0.02752	0.00956	0.50923	0.01841	0.29296	0.01288	0.05620	0.02960	0.00487	0.03876
1.00000	0.00179	0.00613	0.00158	0.00751	0.17018	0.01458	0.00356	0.13552	0.10605	0.55310
1.00000	0.00007	0.00105	0.00020	0.00125	0.01724	0.00118	0.00003	0.88044	0.00018	0.09837
1.00000	0.00650	0.00330	0.02070	0.00610	0.01218	0.13483	0.14710	0.00026	0.66063	0.00840
1.00000	0.14082	0.01226	0.01713	0.06302	0.06043	0.08132	0.02657	0.48692	0.01271	0.09882
1.00000	0.99295	0.00004	0.00175	0.00302	0.00013	0.00066	0.00051	0.00035	0.00042	0.00017
1.00000	0.00159	0.00623	0.00058	0.00480	0.09208	0.01254	0.00143	0.19278	0.01843	0.66954
1.00000	0.05038	0.00311	0.24033	0.02168	0.03824	0.01630	0.59358	0.00442	0.01469	0.01725
1.00000	0.00016	0.00752	0.00171	0.00911	0.00215	0.00973	0.00034	0.92897	0.02637	0.01395
1.00000	0.02006	0.00043	0.00096	0.00048	0.87521	0.04693	0.00639	0.02078	0.00103	0.02773
1.00000	0.00533	0.00132	0.00260	0.02211	0.02418	0.03553	0.00048	0.73787	0.00069	0.16989
1.00000	0.01192	0.60709	0.15600	0.01376	0.05374	0.02638	0.00574	0.03312	0.07459	0.01765
1.00000	0.00069	0.00265	0.00147	0.00426	0.12818	0.04790	0.00142	0.03618	0.04136	0.73590
1.00000	0.04133	0.01148	0.50034	0.17901	0.01283	0.02459	0.08883	0.12808	0.01022	0.00329
1.00000	0.17888	0.01339	0.45131	0.12381	0.05523	0.08098	0.00951	0.01943	0.02495	0.04250
1.00000	0.02256	0.00478	0.68871	0.18620	0.01012	0.00153	0.06097	0.00171	0.02202	0.00139
1.00000	0.00064	0.93617	0.00634	0.00461	0.01601	0.00380	0.00964	0.00358	0.00374	0.01547
1.00000	0.00023	0.00285	0.04186	0.00387	0.02262	0.00296	0.00136	0.00235	0.90989	0.01200
1.00000	0.00382	0.00322	0.01334	0.82252	0.00831	0.00426	0.00034	0.01593	0.11810	0.01015
1.00000	0.01620	0.00349	0.01895	0.92648	0.00209	0.01886	0.00056	0.00116	0.00673	0.00549
1.00000	0.00275	0.00819	0.00684	0.90195	0.00435	0.03119	0.00017	0.00387	0.03765	0.00305
1.00000	0.00263	0.00018	0.00070	0.00314	0.00947	0.01461	0.00080	0.92980	0.00034	0.03833
1.00000	0.67565	0.00301	0.04657	0.09246	0.06052	0.01639	0.04466	0.05400	0.00270	0.00404
1.00000	0.19698	0.00227	0.06031	0.00914	0.15723	0.05815	0.07389	0.04860	0.15758	0.23586
1.00000	0.50013	0.00407	0.06563	0.00183	0.17870	0.02789	0.03213	0.11491	0.02368	0.05103
1.00000	0.00780	0.00416	0.01608	0.47430	0.01983	0.10413	0.00340	0.00235	0.32661	0.04136
1.00000	0.00028	0.94143	0.00332	0.00106	0.00534	0.00411	0.03313	0.00470	0.00445	0.00217
1.00000	0.00845	0.01972	0.00086	0.61345	0.00061	0.30650	0.00740	0.00311	0.03760	0.00230
1.00000	0.01180	0.00609	0.00207	0.00997	0.01244	0.10693	0.03316	0.74140	0.00760	0.06853
1.00000	0.00976	0.00051	0.01234	0.01494	0.00949	0.91833	0.02363	0.00079	0.00545	0.00476
1.00000	0.04607	0.38061	0.05284	0.00971	0.01121	0.44993	0.01781	0.01041	0.01877	0.00264
1.00000	0.03312	0.00358	0.06334	0.02615	0.05528	0.02909	0.00559	0.05208	0.67491	0.05685
1.00000	0.00279	0.01360	0.00471	0.02673	0.03890	0.00445	0.00728	0.86813	0.00468	0.02871
1.00000	0.00353	0.00427	0.00209	0.10499	0.00158	0.03180	0.00080	0.03769	0.77452	0.03872
1.00000	0.00061	0.05190	0.02057	0.00423	0.79810	0.01431	0.00775	0.00902	0.02800	0.06550
1.00000	0.04154	0.01347	0.00157	0.05317	0.00378	0.80036	0.00302	0.00595	0.07296	0.00418
1.00000	0.02320	0.00508	0.01503	0.00525	0.85446	0.04513	0.02546	0.00317	0.01457	0.00864
1.00000	0.00428	0.00323	0.73296	0.04187	0.07748	0.00635	0.10239	0.00193	0.02474	0.00476
1.00000	0.00123	0.04102	0.00098	0.00380	0.09581	0.02447	0.00153	0.14827	0.08913	0.59376
1.00000	0.00053	0.92827	0.00434	0.00306	0.01726	0.00217	0.00694	0.02746	0.00541	0.00454
1.00000	0.00015	0.02314	0.00100	0.00256	0.70759	0.05352	0.00767	0.03561	0.00081	0.16796
1.00000	0.00230	0.00642	0.01300	0.05450	0.00333	0.04637	0.00278	0.02491	0.82888	0.01750
1.00000	0.00096	0.00041	0.00013	0.00082	0.11774	0.01224	0.00057	0.02419	0.00164	0.84129
1.00000	0.01672	0.02290	0.00366	0.01932	0.01669	0.63800	0.03762	0.04703	0.17737	0.02069
0.00000	0.04489	0.03058	0.02405	0.17228	0.21238	0.16428	0.04528	0.16126	0.01151	0.13349
1.00000	0.00112	0.00020	0.00224	0.00108	0.00195	0.00685	0.00237	0.00078	0.97090	0.01251
1.00000	0.01826	0.00971	0.08971	0.30980	0.00296	0.03219	0.02386	0.00178	0.50549	0.00624
1.00000	0.91745	0.00372	0.01373	0.00894	0.00664	0.01582	0.01894	0.00183	0.01106	0.00187
0.00000	0.00999	0.01150	0.00885	0.09325	0.09370	0.35014	0.36568	0.00416	0.05182	0.01092
1.00000	0.21604	0.02693	0.45577	0.08522	0.03791	0.05644	0.01854	0.01524	0.07505	0.01283
1.00000	0.05331	0.00159	0.00799	0.00929	0.01815	0.37989	0.46849	0.00264	0.03188	0.02676
1.00000	0.02590	0.01114	0.09873	0.11965	0.01489	0.00679	0.02317	0.64140	0.04524	0.01309
1.00000	0.01261	0.04462	0.02135	0.54671	0.02444	0.07436	0.02911	0.12386	0.04145	0.08150
1.00000	0.00135	0.00042	0.00087	0.00319	0.10521	0.00794	0.00153	0.01813	0.02459	0.83678
1.00000	0.03786	0.00712	0.89460	0.01444	0.00348	0.00213	0.00379	0.00782	0.02860	0.00018
1.00000	0.00615	0.00876	0.00869	0.01538	0.00496	0.01248	0.00427	0.01964	0.91110	0.00856
1.00000	0.00645	0.00661	0.00053	0.00841	0.12449	0.70571	0.05934	0.01439	0.03176	0.04232
0.00000	0.04120	0.02543	0.25738	0.05402	0.25706	0.02477	0.05990	0.11999	0.11852	0.04172
1.00000	0.00020	0.01530	0.00115	0.01823	0.08840	0.08789	0.00309	0.07101	0.00760	0.70713
1.00000	0.00144	0.00222	0.91477	0.01525	0.00625	0.00118	0.03882	0.01787	0.00193	0.00027
1.00000	0.01882	0.00402	0.00860	0.03456	0.03034	0.00291	0.86589	0.01240	0.01465	0.00781
1.00000	0.00089	0.00150	0.00093	0.00085	0.32239	0.00366	0.00375	0.05727	0.00105	0.60771
1.00000	0.00179	0.02691	0.72068	0.05268	0.01820	0.01381	0.05288	0.09709	0.01295	0.00301
1.00000	0.97227	0.00013	0.00954	0.00901	0.00038	0.00277	0.00244	0.00068	0.00113	0.00166
1.00000	0.01139	0.08273	0.07935	0.00746	0.09701	0.19561	0.50236	0.00349	0.01630	0.00429
0.00000	0.00425	0.00463	0.01520	0.06802	0.00912	0.02484	0.00277	0.00481	0.72558	0.14079
1.00000	0.96571	0.00024	0.00384	0.00348	0.00244	0.00930	0.00241	0.00072	0.01133	0.00052
1.00000	0.21680	0.00740	0.11241	0.01872	0.03794	0.15974	0.41348	0.00505	0.01626	0.01219
1.00000	0.67264	0.00484	0.02186	0.05700	0.01427	0.15956	0.00693	0.04475	0.00712	0.01104
1.00000	0.01215	0.04071	0.01115	0.57630	0.00358	0.27051	0.03598	0.00697	0.03727	0.00537
1.00000	0.00220	0.01722	0.79641	0.06703	0.00414	0.00315	0.06909	0.03520	0.00439	0.00117
1.00000	0.00468	0.00032	0.05210	0.03313	0.00472	0.00275	0.88465	0.00131	0.01181	0.00454
1.00000	0.00557	0.07966	0.05832	0.03028	0.08291	0.06130	0.01338	0.18469	0.01708	0.46681
1.00000	0.00030	0.00579	0.00028	0.00368	0.00120	0.00084	0.00011	0.97636	0.00041	0.01104
1.00000	0.00019	0.00020	0.00187	0.00073	0.13428	0.00182	0.00079	0.05247	0.00243	0.80521
1.00000	0.79472	0.00495	0.00984	0.01198	0.01663	0.10317	0.01084	0.00342	0.02846	0.01601
1.00000	0.02078	0.00049	0.00091	0.00222	0.05378	0.00248	0.00187	0.11282	0.00973	0.79493
0.00000	0.15818	0.01035	0.04884	0.39715	0.00530	0.05052	0.00721	0.00214	0.29393	0.02638
1.00000	0.02845	0.00311	0.03584	0.03868	0.03371	0.06607	0.02198	0.00978	0.55693	0.20544
1.00000	0.00720	0.00071	0.07285	0.00075	0.20614	0.00204	0.67461	0.01871	0.00068	0.01632
1.00000	0.00129	0.00051	0.00130	0.00731	0.02253	0.01238	0.00116	0.86045	0.01075	0.08232
1.00000	0.08341	0.00435	0.00041	0.01793	0.00495	0.83037	0.00266	0.00216	0.03198	0.02177
1.00000	0.91309	0.00052	0.00612	0.00299	0.01424	0.01072	0.00400	0.00056	0.04091	0.00684
1.00000	0.00079	0.95508	0.00916	0.00093	0.00391	0.01308	0.00712	0.00494	0.00447	0.00052
0.00000	0.44073	0.01416	0.01421	0.14467	0.01888	0.16252	0.03000	0.02224	0.14781	0.00477
1.00000	0.07310	0.01578	0.62598	0.02209	0.07943	0.01205	0.01290	0.06963	0.03252	0.05653
1.00000	0.00640	0.01011	0.00121	0.00409	0.00526	0.93792	0.00219	0.00017	0.02941	0.00325
1.00000	0.04308	0.01664	0.01259	0.02769	0.73457	0.01293	0.01516	0.03536	0.02527	0.07672
1.00000	0.00099	0.00830	0.02229	0.00509	0.14715	0.03842	0.01672	0.68695	0.00148	0.07261
1.00000	0.05737	0.01193	0.44964	0.14466	0.01911	0.01931	0.02803	0.10845	0.14344	0.01806
1.00000	0.00216	0.00094	0.02513	0.04628	0.01418	0.03329	0.00249	0.00127	0.86401	0.01024
1.00000	0.00204	0.00010	0.00336	0.02572	0.02820	0.00624	0.92354	0.00024	0.01001	0.00055
1.00000	0.04360	0.00117	0.05811	0.00596	0.08453	0.01069	0.53011	0.00522	0.10862	0.15199
1.00000	0.00061	0.91518	0.01910	0.00269	0.00469	0.00217	0.04498	0.00769	0.00037	0.00251
0.00000	0.50094	0.00765	0.22693	0.05769	0.01329	0.10432	0.00465	0.03345	0.03435	0.01673
1.00000	0.00081	0.00052	0.00109	0.00760	0.00052	0.00168	0.00015	0.98618	0.00018	0.00126
1.00000	0.02432	0.00975	0.61356	0.01971	0.11609	0.01620	0.05691	0.10995	0.00708	0.02644
0.00000	0.22486	0.00604	0.16981	0.16105	0.03004	0.02397	0.02357	0.00461	0.34647	0.00958
1.00000	0.14401	0.00601	0.03086	0.03527	0.04315	0.48061	0.04930	0.01306	0.14355	0.05416
1.00000	0.00068	0.00014	0.00054	0.00159	0.00175	0.00393	0.00041	0.95972	0.00361	0.02763
1.00000	0.13720	0.00165	0.00568	0.04450	0.01763	0.20483	0.51536	0.02562	0.02139	0.02613
1.00000	0.96209	0.00046	0.01419	0.01076	0.00327	0.00205	0.00462	0.00093	0.00085	0.00078
1.00000	0.02040	0.02220	0.01327	0.58497	0.02297	0.15350	0.01621	0.00560	0.12210	0.03878
1.00000	0.00018	0.00011	0.00004	0.00011	0.87763	0.00264	0.00030	0.01818	0.00083	0.09999
1.00000	0.00370	0.01083	0.95903	0.00594	0.00343	0.00439	0.00856	0.00135	0.00218	0.00060
1.00000	0.05091	0.00290	0.00617	0.00981	0.60708	0.05295	0.02665	0.01286	0.15208	0.07859
1.00000	0.02111	0.00868	0.00785	0.21532	0.00406	0.66366	0.00283	0.00317	0.06706	0.00626
1.00000	0.00351	0.76085	0.03652	0.00674	0.06450	0.01788	0.07195	0.01396	0.02067	0.00343
1.00000	0.00387	0.01543	0.02906	0.02335	0.18598	0.08810	0.00240	0.57154	0.00474	0.07553
1.00000	0.00447	0.01151	0.21746	0.02481	0.05004	0.05687	0.05188	0.07900	0.49536	0.00860
1.00000	0.78446	0.01115	0.06149	0.01829	0.04285	0.01801	0.04867	0.00633	0.00277	0.00599
1.00000	0.00056	0.95523	0.00646	0.00200	0.00940	0.00822	0.00435	0.00292	0.00447	0.00640
1.00000	0.01504	0.00683	0.00701	0.02835	0.83803	0.00708	0.03572	0.02262	0.00542	0.03388
1.00000	0.00105	0.00162	0.00061	0.00629	0.85025	0.01039	0.00447	0.10280	0.00179	0.02074
1.00000	0.01967	0.00757	0.00108	0.02956	0.05288	0.80595	0.00530	0.00853	0.04532	0.02414
1.00000	0.00824	0.03936	0.00314	0.04259	0.05160	0.59686	0.01132	0.07410	0.13114	0.04165
1.00000	0.00012	0.00032	0.00592	0.00795	0.22173	0.00933	0.00211	0.00745	0.00529	0.73978
1.00000	0.70111	0.00529	0.08193	0.03783	0.04438	0.02265	0.01301	0.01700	0.01589	0.06092
1.00000	0.00228	0.00196	0.94328	0.00074	0.00335	0.00915	0.02500	0.00627	0.00663	0.00135
1.00000	0.00526	0.72341	0.00843	0.01799	0.05541	0.02071	0.03037	0.01581	0.09416	0.02847
1.00000	0.00637	0.00156	0.00284	0.00400	0.78749	0.00825	0.05036	0.06900	0.05201	0.01812
1.00000	0.84712	0.00175	0.05808	0.00393	0.03802	0.02207	0.00244	0.00477	0.00174	0.02009
1.00000	0.00105	0.00013	0.00265	0.00275	0.00086	0.00353	0.00025	0.98587	0.00047	0.00244
1.00000	0.01193	0.04251	0.06832	0.04061	0.19131	0.04102	0.16864	0.03108	0.33375	0.07081
1.00000	0.13229	0.00491	0.00215	0.10808	0.06555	0.27686	0.01488	0.07300	0.12750	0.19478
0.00000	0.01528	0.22511	0.03164	0.05320	0.05790	0.06926	0.01500	0.32112	0.15222	0.05927
1.00000	0.00090	0.00513	0.01308	0.03197	0.23205	0.07152	0.01147	0.01064	0.04154	0.58169
1.00000	0.15019	0.00629	0.00810	0.06383	0.04222	0.38773	0.00720	0.01050	0.21912	0.10481
1.00000	0.02851	0.05572	0.01226	0.18705	0.05912	0.18737	0.07904	0.10378	0.17298	0.11418
1.00000	0.00105	0.00053	0.00146	0.00349	0.90548	0.01613	0.00374	0.00282	0.00739	0.05790
1.00000	0.00168	0.00083	0.00192	0.00522	0.05397	0.00545	0.00202	0.84550	0.00305	0.08036
1.00000	0.00146	0.88845	0.00614	0.00711	0.02725	0.00466	0.00534	0.04139	0.00988	0.00832
1.00000	0.00663	0.00128	0.00129	0.00169	0.04697	0.06517	0.00301	0.74783	0.01490	0.11124
1.00000	0.00888	0.01082	0.02421	0.04094	0.00402	0.00223	0.00017	0.88851	0.00908	0.01113
1.00000	0.01713	0.08004	0.60434	0.14090	0.00513	0.05671	0.02192	0.03147	0.04012	0.00224
1.00000	0.00033	0.00021	0.98153	0.00208	0.00491	0.00014	0.00850	0.00220	0.00008	0.00003
1.00000	0.00045	0.93377	0.00817	0.00596	0.00528	0.00282	0.03138	0.00817	0.00075	0.00326
1.00000	0.00032	0.94745	0.00289	0.00081	0.02306	0.00164	0.00820	0.01060	0.00277	0.00226
1.00000	0.01905	0.00115	0.00166	0.00190	0.15064	0.03880	0.00718	0.01853	0.00577	0.75533
1.00000	0.00276	0.88798	0.00946	0.00168	0.01829	0.00663	0.05118	0.01670	0.00024	0.00507
1.00000	0.72069	0.00379	0.05279	0.00315	0.03065	0.06678	0.02829	0.04842	0.00667	0.03876
1.00000	0.00011	0.00057	0.00238	0.00050	0.00116	0.00368	0.00265	0.00008	0.98702	0.00185
1.00000	0.94557	0.00010	0.00439	0.00049	0.00474	0.01395	0.00968	0.00175	0.01724	0.00209
1.00000	0.00046	0.00088	0.00172	0.00020	0.97838	0.00996	0.00468	0.00103	0.00008	0.00262
1.00000	0.00111	0.02992	0.01807	0.01668	0.69453	0.01379	0.02014	0.01826	0.00631	0.18120
1.00000	0.12919	0.00390	0.63535	0.03680	0.05246	0.01572	0.10222	0.00937	0.01111	0.00387
1.00000	0.01401	0.00251	0.00564	0.87639	0.00682	0.01372	0.00084	0.00876	0.06219	0.00911
1.00000	0.00122	0.00099	0.00412	0.00409	0.00344	0.00131	0.00005	0.97865	0.00193	0.00420
1.00000	0.84502	0.00215	0.00729	0.00533	0.01246	0.02438	0.05829	0.00576	0.00112	0.03819
1.00000	0.00160	0.00033	0.01138	0.00814	0.02691	0.00738	0.93863	0.00042	0.00326	0.00195
1.00000	0.00036	0.00082	0.00066	0.00208	0.81012	0.00956	0.00381	0.00458	0.01642	0.15158
1.00000	0.00115	0.00681	0.01098	0.05110	0.04725	0.00220	0.00150	0.81060	0.02172	0.04667
1.00000	0.03763	0.02163	0.21045	0.17182	0.03587	0.01823	0.00324	0.03293	0.43735	0.03085
1.00000	0.00086	0.89143	0.00545	0.00367	0.01299	0.00421	0.04999	0.02193	0.00541	0.00405
1.00000	0.01178	0.11781	0.02397	0.31837	0.04836	0.18250	0.02448	0.06453	0.12781	0.08039
0.00000	0.00199	0.02733	0.01616	0.40082	0.00342	0.03318	0.00618	0.02457	0.45626	0.03010
1.00000	0.00936	0.04789	0.80839	0.02269	0.00313	0.03388	0.02624	0.00120	0.04561	0.00161
1.00000	0.00640	0.01123	0.81214	0.00597	0.00547	0.00970	0.14308	0.00088	0.00322	0.00191
0.00000	0.07491	0.01159	0.26604	0.17620	0.01241	0.05253	0.01603	0.01731	0.36413	0.00885
1.00000	0.94978	0.00012	0.00881	0.02620	0.00167	0.00455	0.00310	0.00096	0.00410	0.00071
1.00000	0.00887	0.00374	0.83751	0.02065	0.08159	0.00721	0.01877	0.01079	0.00422	0.00665
1.00000	0.01135	0.00985	0.00591	0.83027	0.00270	0.12608	0.00133	0.00565	0.00525	0.00161
1.00000	0.02524	0.00679	0.05851	0.02619	0.01931	0.19429	0.02688	0.00765	0.59256	0.04256
1.00000	0.04742	0.00047	0.07685	0.00430	0.02001	0.02349	0.81534	0.00750	0.00281	0.00181
1.00000	0.00057	0.00346	0.00218	0.01331	0.14199	0.04104	0.00300	0.03633	0.00540	0.75272
0.00000	0.02664	0.14521	0.01518	0.13378	0.04260	0.14685	0.02363	0.29300	0.04265	0.13046
1.00000	0.00161	0.00391	0.02387	0.02444	0.11747	0.02206	0.73106	0.01184	0.01078	0.05296
1.00000	0.01050	0.00316	0.00763	0.04279	0.00748	0.08067	0.00467	0.00849	0.82045	0.01415
1.00000	0.00566	0.00164	0.01986	0.01170	0.00188	0.92141	0.00753	0.00015	0.02984	0.00032
1.00000	0.00584	0.01827	0.09698	0.00712	0.40786	0.01322	0.23903	0.00212	0.17478	0.03479
1.00000	0.00139	0.00325	0.02887	0.00207	0.21112	0.01651	0.05577	0.02881	0.01123	0.64098
1.00000	0.00381	0.02120	0.00305	0.01181	0.03595	0.05335	0.00086	0.78562	0.00403	0.08032
1.00000	0.00494	0.27913	0.46997	0.02585	0.01350	0.03199	0.13542	0.00468	0.03424	0.00029
1.00000	0.00184	0.00243	0.00034	0.00107	0.00420	0.00111	0.00006	0.98630	0.00010	0.00254
1.00000	0.03691	0.00119	0.05825	0.03435	0.00977	0.00242	0.00366	0.00445	0.83974	0.00924
0.00000	0.00489	0.00189	0.00746	0.21992	0.01047	0.05300	0.00313	0.02565	0.53848	0.13512
1.00000	0.08752	0.00570	0.03538	0.02883	0.00654	0.71132	0.02354	0.01489	0.07224	0.01403
1.00000	0.40995	0.03003	0.07217	0.01511	0.06237	0.06720	0.18224	0.02618	0.09662	0.03812
1.00000	0.00338	0.11331	0.13933	0.11292	0.03295	0.00727	0.00314	0.42050	0.14626	0.02094
1.00000	0.00014	0.00048	0.00024	0.00007	0.85419	0.02753	0.00133	0.00149	0.00132	0.11321
1.00000	0.01923	0.00144	0.01593	0.00238	0.10266	0.00090	0.03517	0.01371	0.01316	0.79542
1.00000	0.05529	0.05317	0.08245	0.40002	0.05446	0.18650	0.00427	0.03152	0.08960	0.04273
1.00000	0.02925	0.00566	0.02440	0.09083	0.00317	0.74227	0.00060	0.00133	0.09584	0.00665
1.00000	0.00774	0.00069	0.00996	0.00561	0.88389	0.03066	0.00208	0.03607	0.01306	0.01024
1.00000	0.06995	0.00898	0.22321	0.39965	0.03817	0.08265	0.06689	0.00205	0.09985	0.00860
1.00000	0.90757	0.00070	0.00626	0.05403	0.00267	0.00939	0.00293	0.01036	0.00433	0.00176
1.00000	0.00279	0.00225	0.79867	0.11794	0.00184	0.00142	0.05648	0.00423	0.01417	0.00020
1.00000	0.08014	0.00305	0.20663	0.01011	0.18997	0.02129	0.10150	0.02084	0.00441	0.36206
1.00000	0.14196	0.00309	0.01551	0.59885	0.00396	0.11227	0.04277	0.01157	0.05409	0.01594
1.00000	0.00026	0.93040	0.01438	0.00078	0.00710	0.00107	0.03696	0.00619	0.00024	0.00264
1.00000	0.05847	0.00084	0.01116	0.01342	0.01455	0.14023	0.73816	0.00090	0.02080	0.00146
1.00000	0.00035	0.00024	0.00009	0.00288	0.14297	0.01760	0.00099	0.01980	0.00351	0.81157
1.00000	0.00137	0.83469	0.00479	0.00829	0.06325	0.00692	0.00773	0.01937	0.00395	0.04966
1.00000	0.00602	0.00083	0.00119	0.00483	0.08707	0.01999	0.00385	0.08961	0.03382	0.75278
1.00000	0.02043	0.00349	0.00409	0.87932	0.00153	0.07150	0.00335	0.00208	0.01317	0.00104
0.00000	0.58924	0.01451	0.13512	0.13050	0.00446	0.07379	0.02665	0.01674	0.00677	0.00222
1.00000	0.01856	0.00901	0.00935	0.04087	0.69286	0.01795	0.10160	0.02906	0.01240	0.06834
1.00000	0.00075	0.00089	0.00016	0.00134	0.61306	0.05802	0.00475	0.07430	0.00064	0.24610
1.00000	0.01745	0.01636	0.01175	0.83570	0.00747	0.03389	0.00220	0.02850	0.04045	0.00624
1.00000	0.84938	0.00065	0.00466	0.01665	0.00947	0.07099	0.00147	0.02334	0.00741	0.01598
1.00000	0.01702	0.03292	0.00693	0.03250	0.68595	0.00734	0.04817	0.06239	0.02433	0.08245
1.00000	0.04885	0.00228	0.00390	0.00037	0.86063	0.01714	0.00627	0.00586	0.00288	0.05182
1.00000	0.00929	0.78565	0.03127	0.01817	0.01637	0.01818	0.01668	0.08306	0.01881	0.00252
0.00000	0.11888	0.00905	0.00641	0.24875	0.02615	0.12660	0.00248	0.03930	0.34038	0.08199
1.00000	0.64108	0.00622	0.03768	0.06026	0.03090	0.03029	0.03563	0.00977	0.07087	0.07732
1.00000	0.00101	0.02467	0.00200	0.01637	0.09150	0.06338	0.02083	0.04555	0.01214	0.72256
1.00000	0.00034	0.00096	0.00009	0.00063	0.20792	0.00467	0.00255	0.00510	0.00964	0.76811
1.00000	0.00429	0.11862	0.06710	0.00999	0.09862	0.12077	0.53335	0.00303	0.03959	0.00464
1.00000	0.00322	0.00373	0.09765	0.00313	0.00252	0.01837	0.00620	0.00007	0.86392	0.00119
1.00000	0.00816	0.01689	0.57429	0.16355	0.01811	0.01782	0.05493	0.12047	0.02346	0.00231
0.00000	0.00756	0.00306	0.00104	0.14604	0.05954	0.39777	0.03395	0.07859	0.02503	0.24742
1.00000	0.00514	0.13748	0.00420	0.02098	0.27281	0.03803	0.00737	0.41335	0.00528	0.09536
1.00000	0.04540	0.03010	0.04669	0.11199	0.00471	0.71112	0.02150	0.00097	0.02283	0.00469
1.00000	0.01968	0.03386	0.17860	0.05827	0.11213	0.05049	0.00897	0.37852	0.08979	0.06968
1.00000	0.00263	0.02881	0.01764	0.00829	0.01600	0.02917	0.02826	0.00422	0.85147	0.01350
1.00000	0.01053	0.00743	0.00598	0.02156	0.13311	0.02160	0.00363	0.15811	0.11509	0.52295
1.00000	0.02137	0.00815	0.68853	0.04174	0.09371	0.03563	0.03341	0.00178	0.06062	0.01506
1.00000	0.04844	0.00365	0.00747	0.00027	0.02674	0.84091	0.04868	0.00677	0.01266	0.00440
1.00000	0.01690	0.00025	0.85359	0.00839	0.04879	0.00076	0.03802	0.00354	0.00091	0.02885
1.00000	0.14413	0.01953	0.02915	0.47726	0.01602	0.18349	0.00890	0.04197	0.07351	0.00604
1.00000	0.07303	0.00342	0.05486	0.01642	0.01614	0.14726	0.05983	0.02519	0.54744	0.05640
1.00000	0.04545	0.02024	0.38836	0.10383	0.01774	0.05021	0.02242	0.00556	0.33152	0.01467
1.00000	0.00549	0.00708	0.01413	0.60802	0.00197	0.04752	0.00401	0.02281	0.24466	0.04431
1.00000	0.00018	0.00227	0.00182	0.00682	0.20762	0.01880	0.00539	0.00733	0.07525	0.67454
1.00000	0.00040	0.00006	0.00605	0.00091	0.02129	0.00287	0.96696	0.00044	0.00084	0.00017
1.00000	0.00113	0.02185	0.00070	0.00613	0.01073	0.01104	0.00021	0.91902	0.00119	0.02799
1.00000	0.93181	0.00065	0.00425	0.00791	0.01859	0.01302	0.01103	0.00025	0.00054	0.01195
1.00000	0.95191	0.02436	0.00514	0.00345	0.00066	0.00215	0.00418	0.00121	0.00061	0.00632
1.00000	0.00567	0.00393	0.01240	0.00165	0.10132	0.82693	0.02780	0.00451	0.00306	0.01272
1.00000	0.01044	0.01869	0.80609	0.04395	0.00220	0.01797	0.09387	0.00444	0.00141	0.00094
1.00000	0.00979	0.01104	0.04309	0.87467	0.02639	0.01875	0.00493	0.00313	0.00787	0.00034
1.00000	0.01854	0.02407	0.67209	0.02002	0.03995	0.03215	0.01409	0.01882	0.08894	0.07132
1.00000	0.00423	0.00258	0.00285	0.00146	0.03978	0.74772	0.00663	0.00329	0.17849	0.01298
1.00000	0.00113	0.81631	0.00636	0.02626	0.04900	0.01496	0.01669	0.01450	0.00735	0.04745
1.00000	0.74352	0.00115	0.05756	0.00917	0.04899	0.02779	0.01697	0.00679	0.01203	0.07604
1.00000	0.06611	0.01145	0.18143	0.20085	0.02336	0.00266	0.00091	0.47905	0.03249	0.00168
1.00000	0.00309	0.00987	0.01413	0.00571	0.00325	0.02049	0.00340	0.00192	0.91867	0.01946
0.00000	0.00039	0.00841	0.00290	0.00540	0.40670	0.02237	0.02182	0.01595	0.00956	0.50651
1.00000	0.09456	0.00253	0.00698	0.00345	0.59496	0.05074	0.02579	0.01191	0.01029	0.19878
1.00000	0.00855	0.03285	0.41444	0.08244	0.00501	0.02551	0.01349	0.00606	0.41085	0.00080
1.00000	0.00208	0.00978	0.81131	0.01078	0.01643	0.00557	0.09829	0.00083	0.04436	0.00058
1.00000	0.00770	0.03150	0.01650	0.25473	0.08325	0.07595	0.02154	0.05220	0.42677	0.02986
