1.00000	0.01767	0.95703	0.00154	0.00192	0.00070	0.00953	0.00194	0.00252	0.00121	0.00595
1.00000	0.00149	0.00055	0.00564	0.00160	0.00035	0.00014	0.00002	0.97206	0.00008	0.01807
1.00000	0.91415	0.00460	0.00388	0.00799	0.00049	0.01072	0.05335	0.00080	0.00284	0.00117
1.00000	0.03710	0.02425	0.00252	0.01150	0.01069	0.82139	0.00545	0.00566	0.03092	0.05052
1.00000	0.01437	0.00767	0.01354	0.00498	0.69242	0.05441	0.00207	0.04089	0.00688	0.16277
1.00000	0.04109	0.11191	0.03669	0.00240	0.11159	0.03093	0.00513	0.39098	0.00279	0.26649
1.00000	0.00762	0.00209	0.00049	0.01233	0.00020	0.95374	0.00160	0.00704	0.01076	0.00414
1.00000	0.22771	0.00656	0.45391	0.01308	0.10216	0.05066	0.09032	0.04822	0.00509	0.00230
0.00000	0.01070	0.00646	0.02318	0.02075	0.12143	0.01127	0.00217	0.13172	0.01538	0.65694
0.00000	0.07233	0.05912	0.01856	0.04538	0.30874	0.07662	0.00442	0.06142	0.05000	0.30341
1.00000	0.03015	0.93178	0.00251	0.01376	0.00116	0.00106	0.00183	0.00342	0.00129	0.01305
1.00000	0.00083	0.00070	0.95896	0.00061	0.02050	0.00043	0.01660	0.00097	0.00033	0.00008
1.00000	0.02921	0.09769	0.00794	0.00355	0.64082	0.01168	0.00550	0.00379	0.00428	0.19555
1.00000	0.02216	0.91811	0.00060	0.00308	0.00127	0.00284	0.00162	0.00200	0.00077	0.04755
1.00000	0.02534	0.83708	0.00911	0.01051	0.00263	0.00569	0.00204	0.07648	0.01417	0.01695
1.00000	0.05433	0.01100	0.08199	0.45509	0.02868	0.08351	0.06809	0.03369	0.07875	0.10488
1.00000	0.00797	0.94534	0.00058	0.00233	0.00106	0.00160	0.00196	0.00369	0.00254	0.03294
1.00000	0.04294	0.00564	0.00758	0.00250	0.02175	0.06219	0.83994	0.00044	0.01232	0.00471
1.00000	0.00121	0.00141	0.00340	0.00114	0.90002	0.00253	0.00096	0.00157	0.00119	0.08659
1.00000	0.00062	0.00270	0.00314	0.01248	0.11033	0.00842	0.00155	0.02176	0.00655	0.83244
1.00000	0.03181	0.00128	0.00207	0.88622	0.00089	0.05830	0.00397	0.00092	0.01187	0.00268
1.00000	0.00088	0.00089	0.00402	0.00259	0.61171	0.00238	0.00176	0.00734	0.01336	0.35509
1.00000	0.00018	0.00008	0.00079	0.00015	0.03421	0.00013	0.00212	0.00097	0.00114	0.96023
1.00000	0.12948	0.02679	0.08638	0.22313	0.02457	0.02749	0.00916	0.02620	0.33448	0.11232
1.00000	0.00233	0.00067	0.00244	0.00120	0.02270	0.00423	0.00087	0.00532	0.06999	0.89024
1.00000	0.63860	0.00458	0.08042	0.06916	0.00480	0.07369	0.05776	0.02124	0.04149	0.00825
1.00000	0.00278	0.00299	0.00081	0.00217	0.00159	0.01425	0.00024	0.80540	0.00094	0.16881
1.00000	0.04058	0.00064	0.06475	0.00409	0.00200	0.00487	0.82246	0.00159	0.04223	0.01679
1.00000	0.10986	0.02398	0.07989	0.01425	0.10540	0.18749	0.04236	0.01087	0.39277	0.03313
1.00000	0.00474	0.00014	0.03012	0.00108	0.00395	0.00054	0.95383	0.00067	0.00306	0.00189
1.00000	0.02800	0.82201	0.02269	0.04925	0.00744	0.00751	0.00208	0.00718	0.02456	0.02927
1.00000	0.05264	0.00101	0.00201	0.89795	0.00067	0.02958	0.00014	0.00093	0.01431	0.00076
1.00000	0.00541	0.97467	0.00610	0.00109	0.00041	0.00033	0.00103	0.00059	0.00197	0.00841
1.00000	0.08395	0.02944	0.12294	0.03056	0.49554	0.04645	0.04256	0.01060	0.08295	0.05501
1.00000	0.00341	0.00050	0.00883	0.00082	0.00047	0.00064	0.98201	0.00101	0.00130	0.00100
1.00000	0.00677	0.21798	0.65002	0.02888	0.03061	0.00871	0.02904	0.00369	0.01758	0.00673
1.00000	0.01161	0.02738	0.00755	0.01752	0.16119	0.23258	0.03648	0.01463	0.37509	0.11598
1.00000	0.81921	0.00463	0.06887	0.02220	0.00670	0.01503	0.02797	0.02737	0.00252	0.00551
0.00000	0.01493	0.12818	0.08884	0.03455	0.21316	0.04446	0.00685	0.07334	0.00934	0.38635
1.00000	0.02610	0.00352	0.54285	0.01584	0.00727	0.01946	0.01011	0.08104	0.18264	0.11116
1.00000	0.12972	0.01917	0.01494	0.52265	0.00630	0.17889	0.00887	0.00177	0.11583	0.00185
1.00000	0.01477	0.00690	0.95648	0.00436	0.00809	0.00146	0.00128	0.00162	0.00431	0.00075
1.00000	0.97453	0.00034	0.00750	0.00046	0.00021	0.00194	0.01344	0.00011	0.00076	0.00070
1.00000	0.00439	0.01262	0.08798	0.00771	0.09929	0.01248	0.01873	0.05903	0.03445	0.66332
1.00000	0.05245	0.05352	0.70140	0.08016	0.01706	0.03317	0.00683	0.01626	0.03859	0.00056
1.00000	0.04089	0.93403	0.00145	0.00251	0.00069	0.00827	0.00494	0.00055	0.00034	0.00633
1.00000	0.00725	0.01740	0.02950	0.77162	0.00132	0.12651	0.00151	0.02100	0.01442	0.00946
1.00000	0.00806	0.02629	0.03990	0.81389	0.00513	0.02782	0.00234	0.01198	0.03780	0.02680
0.00000	0.02212	0.01557	0.00139	0.71142	0.00054	0.04197	0.00006	0.00230	0.18405	0.02057
1.00000	0.01600	0.01982	0.00935	0.06036	0.00544	0.75021	0.00792	0.01378	0.04944	0.06766
1.00000	0.01997	0.00480	0.05904	0.01257	0.43054	0.04150	0.03226	0.03472	0.22206	0.14254
1.00000	0.05464	0.00177	0.00483	0.01043	0.02802	0.03601	0.85398	0.00048	0.00336	0.00650
1.00000	0.02004	0.11919	0.06299	0.02985	0.00093	0.00174	0.00137	0.64128	0.00586	0.11674
1.00000	0.10315	0.01162	0.00467	0.00707	0.04166	0.02271	0.01344	0.76247	0.00224	0.03098
1.00000	0.04134	0.00669	0.00190	0.03445	0.00333	0.87020	0.01391	0.00203	0.02538	0.00078
1.00000	0.00203	0.04228	0.07265	0.00325	0.08383	0.00696	0.00517	0.02576	0.03001	0.72805
1.00000	0.00436	0.03773	0.04880	0.00053	0.79394	0.00324	0.02084	0.01605	0.00397	0.07055
1.00000	0.00622	0.02290	0.06661	0.10957	0.49817	0.01666	0.04246	0.08521	0.01509	0.13710
1.00000	0.69381	0.01354	0.02835	0.07876	0.03593	0.02963	0.01197	0.07531	0.02879	0.00391
1.00000	0.00733	0.00395	0.01400	0.03063	0.01568	0.11459	0.00607	0.06253	0.40069	0.34453
1.00000	0.02154	0.00438	0.02923	0.04449	0.04592	0.64483	0.06949	0.00664	0.02429	0.10919
1.00000	0.72803	0.01289	0.00612	0.05041	0.00827	0.05833	0.01203	0.04526	0.00559	0.07307
1.00000	0.02210	0.00517	0.00120	0.00746	0.46606	0.07513	0.05353	0.01850	0.01948	0.33136
1.00000	0.00055	0.00030	0.00100	0.00041	0.06435	0.00030	0.00043	0.02807	0.00108	0.90349
1.00000	0.00414	0.00172	0.01595	0.03751	0.00035	0.00062	0.00032	0.93403	0.00014	0.00523
1.00000	0.00642	0.00346	0.00181	0.00531	0.01986	0.01060	0.00117	0.94184	0.00110	0.00844
1.00000	0.08861	0.00743	0.05842	0.01355	0.10006	0.05699	0.02271	0.16037	0.00468	0.48718
1.00000	0.00276	0.01398	0.00836	0.03608	0.00223	0.00367	0.00036	0.87693	0.00869	0.04694
1.00000	0.00139	0.00182	0.00065	0.00712	0.02828	0.00122	0.00056	0.08713	0.00644	0.86538
1.00000	0.07889	0.00572	0.12616	0.08235	0.02881	0.00299	0.63533	0.01671	0.01186	0.01117
1.00000	0.87638	0.00226	0.01549	0.00662	0.00187	0.03009	0.03142	0.00232	0.03074	0.00281
1.00000	0.10840	0.00840	0.00899	0.17594	0.01171	0.59336	0.03005	0.02339	0.01296	0.02681
1.00000	0.01578	0.04096	0.00116	0.01009	0.01803	0.86266	0.00081	0.02064	0.00728	0.02259
1.00000	0.12814	0.00299	0.08019	0.01153	0.03349	0.00596	0.68721	0.01782	0.02338	0.00928
1.00000	0.05557	0.00512	0.14040	0.00044	0.05173	0.09555	0.59812	0.00490	0.01978	0.02840
1.00000	0.04478	0.11005	0.09125	0.00341	0.06721	0.54049	0.05899	0.04257	0.02808	0.01317
0.00000	0.00505	0.02905	0.02458	0.03535	0.01646	0.01275	0.00080	0.39254	0.04743	0.43600
1.00000	0.48452	0.04507	0.08414	0.06922	0.00606	0.13375	0.01327	0.11362	0.00343	0.04693
1.00000	0.00095	0.00118	0.00223	0.00254	0.00075	0.00375	0.00015	0.98353	0.00022	0.00470
1.00000	0.02935	0.03807	0.00204	0.00770	0.06129	0.76605	0.00894	0.04356	0.01191	0.03110
1.00000	0.00119	0.00184	0.00485	0.01854	0.06526	0.00082	0.00050	0.05101	0.00213	0.85386
1.00000	0.00172	0.01480	0.01174	0.03513	0.48307	0.04913	0.13153	0.04795	0.04004	0.18489
1.00000	0.03964	0.00676	0.05259	0.02520	0.72272	0.01861	0.01358	0.06279	0.00349	0.05462
1.00000	0.00066	0.00017	0.00268	0.00031	0.09371	0.00120	0.00354	0.02112	0.00282	0.87379
1.00000	0.00084	0.00750	0.98300	0.00563	0.00030	0.00029	0.00165	0.00045	0.00025	0.00009
1.00000	0.95923	0.00499	0.00215	0.00365	0.00063	0.00297	0.02036	0.00173	0.00374	0.00055
1.00000	0.00606	0.01836	0.78623	0.01206	0.01102	0.01868	0.11684	0.00242	0.02515	0.00317
0.00000	0.00735	0.00415	0.00195	0.00092	0.04083	0.00561	0.00074	0.29225	0.00219	0.64401
1.00000	0.03884	0.91128	0.00154	0.00061	0.00034	0.00202	0.00140	0.00794	0.00025	0.03578
1.00000	0.01744	0.05579	0.04717	0.63637	0.00152	0.14812	0.01467	0.00227	0.04669	0.02996
1.00000	0.00727	0.00149	0.93295	0.00141	0.03403	0.00146	0.00260	0.00032	0.01661	0.00188
1.00000	0.80645	0.00270	0.08189	0.00992	0.00791	0.05397	0.00674	0.00727	0.00329	0.01987
1.00000	0.09260	0.00897	0.06925	0.00124	0.00197	0.00810	0.81457	0.00078	0.00193	0.00058
1.00000	0.00323	0.94480	0.02567	0.00081	0.00199	0.00024	0.00270	0.00177	0.00254	0.01624
1.00000	0.00180	0.00130	0.00200	0.01302	0.00221	0.00655	0.00032	0.93026	0.02739	0.01514
1.00000	0.01107	0.01902	0.00505	0.00830	0.15564	0.05763	0.00266	0.60901	0.02622	0.10540
0.00000	0.22757	0.00797	0.00370	0.01540	0.20150	0.12011	0.03162	0.16515	0.00573	0.22125
0.00000	0.00146	0.00048	0.00032	0.00040	0.05064	0.00214	0.00178	0.00483	0.03145	0.90649
1.00000	0.01417	0.00081	0.03724	0.00133	0.77055	0.01858	0.04791	0.03861	0.01927	0.05154
1.00000	0.00519	0.00189	0.00030	0.00077	0.00064	0.00245	0.00018	0.98650	0.00013	0.00196
0.00000	0.01355	0.28820	0.18423	0.00218	0.02637	0.03529	0.00630	0.21343	0.03985	0.19060
1.00000	0.01691	0.02472	0.10374	0.00192	0.31233	0.01123	0.48641	0.01852	0.00086	0.02337
1.00000	0.01125	0.00189	0.00498	0.00423	0.00052	0.00731	0.00030	0.00090	0.96395	0.00466
0.00000	0.02729	0.01747	0.13109	0.00969	0.32419	0.00429	0.11705	0.19113	0.03699	0.14081
1.00000	0.13224	0.05342	0.31046	0.24022	0.00312	0.04277	0.06896	0.00071	0.14550	0.00259
1.00000	0.00954	0.00031	0.00585	0.00647	0.00127	0.87949	0.00182	0.00171	0.09150	0.00204
1.00000	0.13015	0.01039	0.05766	0.00530	0.59186	0.10020	0.04033	0.02766	0.01375	0.02269
1.00000	0.02810	0.01553	0.00452	0.79071	0.00163	0.07533	0.00321	0.06262	0.01548	0.00287
1.00000	0.00333	0.00146	0.00312	0.00061	0.46572	0.05849	0.00394	0.02182	0.00308	0.43844
1.00000	0.00063	0.00217	0.00443	0.00050	0.00022	0.00044	0.00003	0.98874	0.00008	0.00277
0.00000	0.30313	0.01938	0.13312	0.13839	0.05261	0.09040	0.02641	0.06332	0.07911	0.09415
1.00000	0.01174	0.00292	0.02223	0.02805	0.00466	0.00785	0.00107	0.01086	0.89396	0.01667
1.00000	0.00487	0.00660	0.01268	0.02959	0.00758	0.01720	0.00585	0.05813	0.77441	0.08309
1.00000	0.00389	0.16752	0.01135	0.00453	0.00254	0.00347	0.00044	0.68081	0.00246	0.12301
1.00000	0.01624	0.85556	0.00624	0.01375	0.00089	0.02015	0.00431	0.00589	0.00549	0.07149
1.00000	0.12458	0.00446	0.04692	0.60607	0.00036	0.19469	0.00575	0.00448	0.01068	0.00200
1.00000	0.01717	0.00102	0.04355	0.00043	0.00571	0.00324	0.92223	0.00042	0.00081	0.00543
1.00000	0.00043	0.00012	0.00017	0.00026	0.06090	0.00331	0.00095	0.00243	0.00377	0.92767
1.00000	0.00675	0.93282	0.00153	0.00261	0.00179	0.00021	0.00300	0.00589	0.00239	0.04301
1.00000	0.02162	0.01912	0.01068	0.01474	0.00241	0.00261	0.00030	0.90081	0.00329	0.02443
1.00000	0.00577	0.00803	0.10264	0.00641	0.62663	0.03214	0.09347	0.01518	0.01873	0.09100
0.00000	0.11676	0.02610	0.27686	0.06615	0.16208	0.04291	0.15365	0.10153	0.00508	0.04887
1.00000	0.12576	0.02795	0.22929	0.48317	0.00097	0.04390	0.03799	0.02748	0.02039	0.00310
1.00000	0.73116	0.01007	0.08286	0.00658	0.02610	0.06373	0.02269	0.00686	0.04573	0.00423
1.00000	0.03452	0.26399	0.00823	0.06160	0.02390	0.33604	0.00787	0.06745	0.01827	0.17811
1.00000	0.08934	0.00423	0.04735	0.64374	0.00199	0.12537	0.03974	0.00464	0.02149	0.02212
1.00000	0.02267	0.00091	0.67442	0.01667	0.18016	0.00248	0.05863	0.00607	0.01153	0.02646
1.00000	0.02034	0.00774	0.12982	0.65024	0.00841	0.06594	0.00508	0.00447	0.09725	0.01070
1.00000	0.03860	0.00381	0.01051	0.17587	0.00213	0.73767	0.00251	0.00390	0.02381	0.00118
1.00000	0.00149	0.00057	0.00018	0.10061	0.00079	0.84623	0.00005	0.00169	0.04734	0.00103
1.00000	0.00038	0.00002	0.00014	0.00010	0.03383	0.00024	0.00119	0.00036	0.00128	0.96245
0.00000	0.07651	0.03680	0.05383	0.32082	0.01856	0.16925	0.05886	0.03841	0.10305	0.12391
1.00000	0.00240	0.00069	0.00914	0.00116	0.02081	0.02080	0.92799	0.00065	0.00614	0.01021
1.00000	0.00361	0.00026	0.00244	0.00419	0.79016	0.02046	0.00348	0.05001	0.00590	0.11951
1.00000	0.97764	0.00027	0.00323	0.00341	0.00097	0.00738	0.00222	0.00050	0.00338	0.00099
1.00000	0.05175	0.03298	0.03661	0.05096	0.03480	0.02839	0.00434	0.01901	0.48451	0.25666
1.00000	0.91291	0.00108	0.01073	0.00221	0.00159	0.00939	0.04361	0.00203	0.00907	0.00736
1.00000	0.00844	0.01093	0.02180	0.15479	0.01954	0.00521	0.00663	0.71710	0.00751	0.04804
0.00000	0.33130	0.02695	0.28033	0.13009	0.00407	0.16237	0.01895	0.00747	0.03642	0.00206
1.00000	0.02006	0.01498	0.04353	0.01481	0.06313	0.01723	0.03573	0.15468	0.45293	0.18291
1.00000	0.04709	0.00267	0.02889	0.21851	0.01909	0.07576	0.06328	0.00570	0.51682	0.02219
1.00000	0.08852	0.00442	0.08308	0.17093	0.03960	0.27629	0.01955	0.00166	0.31137	0.00458
1.00000	0.00016	0.00343	0.00030	0.00131	0.00045	0.00015	0.00005	0.99142	0.00007	0.00266
1.00000	0.04003	0.14761	0.37438	0.14863	0.00093	0.01930	0.00529	0.03230	0.15817	0.07336
1.00000	0.00388	0.00267	0.04748	0.01111	0.00613	0.04235	0.86944	0.00198	0.01240	0.00256
1.00000	0.86671	0.00530	0.06475	0.00251	0.00542	0.02483	0.01383	0.00674	0.00366	0.00623
1.00000	0.08241	0.04522	0.01459	0.06722	0.03705	0.59092	0.00930	0.00089	0.00659	0.14580
1.00000	0.05015	0.01389	0.01902	0.15578	0.00458	0.60399	0.01476	0.03652	0.09428	0.00703
1.00000	0.01128	0.00874	0.84343	0.01772	0.00970	0.01288	0.01018	0.03404	0.04869	0.00336
1.00000	0.01896	0.02627	0.02043	0.01506	0.00941	0.85847	0.02469	0.00495	0.01193	0.00984
1.00000	0.01641	0.78795	0.01939	0.06828	0.01298	0.01186	0.00461	0.01096	0.01145	0.05612
1.00000	0.00479	0.00062	0.00283	0.93739	0.00035	0.02764	0.00068	0.00316	0.02157	0.00095
1.00000	0.02546	0.00787	0.06507	0.01215	0.02612	0.00494	0.82722	0.00861	0.00876	0.01380
1.00000	0.10247	0.00638	0.13099	0.01417	0.52512	0.07143	0.03748	0.00849	0.02015	0.08332
1.00000	0.01707	0.08868	0.05120	0.01645	0.00180	0.00184	0.00108	0.69862	0.00163	0.12164
1.00000	0.00863	0.00130	0.01924	0.00016	0.88062	0.01399	0.00468	0.00709	0.00247	0.06182
1.00000	0.94027	0.00096	0.01548	0.00956	0.00447	0.00953	0.01534	0.00076	0.00253	0.00113
0.00000	0.08027	0.06621	0.31686	0.16187	0.00214	0.01263	0.00188	0.00290	0.35328	0.00195
1.00000	0.44314	0.00616	0.13469	0.01503	0.02950	0.01705	0.21103	0.09981	0.00614	0.03745
0.00000	0.03444	0.00690	0.37402	0.32625	0.00701	0.04431	0.00552	0.10253	0.04674	0.05229
1.00000	0.00768	0.00011	0.00049	0.00083	0.08917	0.01750	0.00638	0.00837	0.00162	0.86786
1.00000	0.03222	0.03830	0.87020	0.01283	0.00705	0.00208	0.00390	0.02113	0.01098	0.00130
1.00000	0.01491	0.00290	0.00267	0.13162	0.00298	0.77446	0.00104	0.00085	0.02907	0.03949
0.00000	0.47136	0.00557	0.28743	0.00628	0.01421	0.04396	0.11924	0.01200	0.03223	0.00773
0.00000	0.01496	0.01029	0.05532	0.00762	0.33769	0.08535	0.13395	0.00509	0.14367	0.20606
1.00000	0.00260	0.00816	0.00300	0.03600	0.01697	0.01091	0.00299	0.01364	0.02652	0.87921
1.00000	0.00021	0.00012	0.00019	0.00117	0.04098	0.00062	0.00121	0.02755	0.00309	0.92485
1.00000	0.04560	0.00828	0.15599	0.06288	0.02044	0.00451	0.64854	0.01202	0.03306	0.00868
1.00000	0.02494	0.00357	0.11597	0.01564	0.00672	0.00994	0.00830	0.00459	0.75280	0.05751
1.00000	0.12733	0.00050	0.78039	0.01219	0.00280	0.00203	0.00440	0.01346	0.05551	0.00138
1.00000	0.73239	0.00185	0.01861	0.04189	0.00507	0.04643	0.10471	0.00536	0.03661	0.00708
1.00000	0.02113	0.02479	0.03261	0.11763	0.00211	0.00863	0.00312	0.01507	0.67150	0.10341
1.00000	0.00989	0.00709	0.01345	0.00798	0.00105	0.91582	0.03661	0.00005	0.00762	0.00044
1.00000	0.00906	0.00774	0.00109	0.00497	0.56689	0.00622	0.00634	0.01413	0.04613	0.33743
1.00000	0.01749	0.00228	0.03297	0.00010	0.00825	0.00114	0.93381	0.00042	0.00018	0.00337
1.00000	0.02213	0.00454	0.02968	0.00512	0.61727	0.01184	0.01229	0.00390	0.06516	0.22808
1.00000	0.04859	0.00064	0.00612	0.02594	0.00020	0.00107	0.00026	0.91537	0.00038	0.00143
1.00000	0.01054	0.02613	0.02880	0.65855	0.00511	0.06754	0.00295	0.05269	0.08973	0.05796
1.00000	0.00991	0.00549	0.00539	0.00246	0.00103	0.02747	0.00444	0.00214	0.89862	0.04304
0.00000	0.01761	0.03300	0.25262	0.12782	0.00328	0.00520	0.00122	0.04768	0.40658	0.10498
1.00000	0.31205	0.01431	0.07811	0.01210	0.21445	0.01186	0.07548	0.14807	0.01327	0.12030
1.00000	0.02832	0.01042	0.02648	0.51383	0.06271	0.16882	0.02971	0.01467	0.07157	0.07347
1.00000	0.03415	0.00821	0.03578	0.00292	0.02586	0.04358	0.83491	0.00042	0.01301	0.00116
1.00000	0.00519	0.97923	0.00318	0.00046	0.00072	0.00020	0.00079	0.00208	0.00067	0.00749
1.00000	0.01342	0.00434	0.00578	0.76800	0.00047	0.09902	0.00120	0.00698	0.08854	0.01226
1.00000	0.18220	0.00252	0.04210	0.25030	0.01597	0.02198	0.00837	0.01034	0.41591	0.05032
1.00000	0.00912	0.00592	0.02800	0.04716	0.01003	0.02927	0.03569	0.01110	0.72176	0.10196
1.00000	0.06914	0.00969	0.00556	0.01695	0.01457	0.84371	0.01323	0.00100	0.00616	0.02001
0.00000	0.10906	0.02506	0.18542	0.17908	0.04017	0.09262	0.03632	0.07910	0.12884	0.12433
1.00000	0.03581	0.00683	0.07722	0.74553	0.00995	0.02941	0.00294	0.00436	0.08386	0.00411
0.00000	0.43778	0.02801	0.09912	0.29977	0.00346	0.04916	0.00477	0.01158	0.04666	0.01969
1.00000	0.01146	0.00082	0.00480	0.01478	0.54379	0.04156	0.04235	0.01921	0.05209	0.26912
1.00000	0.05293	0.03939	0.20902	0.47795	0.00170	0.01863	0.00321	0.02098	0.16859	0.00760
0.00000	0.01647	0.05996	0.51860	0.14964	0.05135	0.04073	0.10962	0.02819	0.01324	0.01221
1.00000	0.05745	0.01690	0.07379	0.13843	0.01672	0.07592	0.06108	0.03653	0.39534	0.12785
1.00000	0.04145	0.01144	0.06700	0.24273	0.05441	0.06693	0.00338	0.02440	0.43733	0.05093
1.00000	0.98569	0.00006	0.00630	0.00060	0.00052	0.00281	0.00187	0.00034	0.00128	0.00051
1.00000	0.00458	0.00142	0.00020	0.01558	0.00021	0.97039	0.00034	0.00086	0.00417	0.00226
1.00000	0.02106	0.00164	0.03485	0.92978	0.00057	0.00450	0.00014	0.00083	0.00584	0.00079
1.00000	0.03015	0.00854	0.03106	0.00435	0.58825	0.16518	0.03722	0.03509	0.02973	0.07044
1.00000	0.00519	0.10396	0.09248	0.00132	0.64083	0.03863	0.01009	0.01806	0.00988	0.07956
1.00000	0.00079	0.00073	0.00044	0.00036	0.00574	0.00076	0.00020	0.01495	0.00939	0.96665
1.00000	0.03275	0.00598	0.00342	0.00962	0.07484	0.21129	0.04644	0.13438	0.02751	0.45378
1.00000	0.00946	0.00181	0.14325	0.77326	0.00404	0.02539	0.00163	0.00591	0.03299	0.00226
1.00000	0.00731	0.00507	0.01519	0.01732	0.03157	0.01023	0.01376	0.09946	0.01272	0.78737
1.00000	0.02336	0.00899	0.01528	0.01144	0.02871	0.16887	0.02730	0.00114	0.50007	0.21484
1.00000	0.00032	0.00055	0.00014	0.00060	0.03206	0.00020	0.00768	0.00081	0.00275	0.95490
1.00000	0.03915	0.00591	0.02930	0.09618	0.01868	0.03231	0.01960	0.00130	0.59213	0.16544
1.00000	0.92441	0.00112	0.04791	0.00857	0.00118	0.00693	0.00590	0.00115	0.00074	0.00211
1.00000	0.00708	0.93951	0.01089	0.00108	0.00074	0.00142	0.00534	0.00311	0.01575	0.01509
1.00000	0.00847	0.00247	0.00717	0.44516	0.00627	0.02905	0.00078	0.02915	0.21796	0.25351
1.00000	0.92530	0.00034	0.01231	0.00549	0.00029	0.04230	0.00533	0.00030	0.00754	0.00081
1.00000	0.01014	0.03338	0.75702	0.01330	0.12799	0.00398	0.00427	0.02391	0.00704	0.01898
1.00000	0.00379	0.00440	0.00060	0.03237	0.01030	0.02982	0.00373	0.05063	0.04591	0.81846
1.00000	0.00076	0.00080	0.00117	0.00103	0.00158	0.00069	0.00005	0.95942	0.00015	0.03435
1.00000	0.02629	0.01866	0.05023	0.04095	0.02813	0.08801	0.08592	0.00354	0.65076	0.00751
1.00000	0.20795	0.02961	0.00930	0.00907	0.03687	0.06415	0.02716	0.46308	0.02847	0.12434
1.00000	0.95656	0.00023	0.00472	0.00134	0.00035	0.00037	0.03357	0.00107	0.00147	0.00033
1.00000	0.01850	0.00706	0.00050	0.02328	0.04074	0.00163	0.00049	0.04975	0.04337	0.81470
1.00000	0.06464	0.00040	0.24184	0.00926	0.02192	0.00318	0.61561	0.00264	0.02862	0.01189
1.00000	0.00150	0.04657	0.01926	0.00246	0.00097	0.00042	0.00020	0.80628	0.00238	0.11997
1.00000	0.00676	0.00195	0.00374	0.00068	0.83312	0.02794	0.00131	0.01159	0.00878	0.10412
1.00000	0.02276	0.00724	0.00629	0.00457	0.01623	0.02110	0.00377	0.74749	0.00071	0.16984
1.00000	0.03456	0.71392	0.08105	0.01264	0.02507	0.02430	0.00963	0.02159	0.06480	0.01244
1.00000	0.00349	0.00049	0.00056	0.00286	0.02516	0.00229	0.00021	0.00765	0.01600	0.94128
1.00000	0.09100	0.00630	0.57755	0.17504	0.00236	0.03170	0.03142	0.07438	0.00915	0.00109
1.00000	0.20972	0.02457	0.39197	0.14811	0.00895	0.04838	0.05115	0.01448	0.04004	0.06263
1.00000	0.00750	0.00433	0.83422	0.12464	0.00131	0.00150	0.01222	0.00021	0.01355	0.00052
1.00000	0.00876	0.95485	0.00098	0.00653	0.00081	0.00557	0.00411	0.00051	0.00068	0.01720
1.00000	0.00824	0.00987	0.05679	0.01972	0.01186	0.01202	0.00074	0.00136	0.83768	0.04172
1.00000	0.00241	0.00051	0.00337	0.96766	0.00118	0.00147	0.00007	0.00070	0.01753	0.00510
1.00000	0.02131	0.00109	0.03225	0.83009	0.00129	0.02682	0.00156	0.00186	0.08308	0.00065
1.00000	0.02725	0.00820	0.00316	0.92386	0.00016	0.00229	0.00005	0.00105	0.03245	0.00153
1.00000	0.01530	0.00125	0.00333	0.00104	0.00286	0.01611	0.00276	0.94151	0.00069	0.01514
1.00000	0.74599	0.00249	0.02624	0.12518	0.00315	0.02070	0.01153	0.03865	0.00542	0.02067
1.00000	0.22509	0.00547	0.02368	0.01118	0.09255	0.05319	0.02089	0.06409	0.16442	0.33943
1.00000	0.44180	0.00657	0.09655	0.01445	0.11454	0.01968	0.06755	0.08006	0.01836	0.14044
1.00000	0.02144	0.00451	0.00865	0.50856	0.00382	0.03272	0.00155	0.00431	0.36712	0.04732
1.00000	0.00549	0.96492	0.00067	0.00051	0.00087	0.00032	0.00149	0.00050	0.00339	0.02185
1.00000	0.06436	0.01586	0.00408	0.74792	0.00016	0.13373	0.00206	0.00302	0.01235	0.01646
1.00000	0.05601	0.05650	0.01626	0.01536	0.00806	0.05448	0.01016	0.74369	0.02246	0.01701
1.00000	0.06325	0.00221	0.00026	0.01994	0.00246	0.81929	0.02425	0.00033	0.05670	0.01131
0.00000	0.17282	0.39930	0.04779	0.01999	0.00142	0.28944	0.02493	0.01597	0.02256	0.00577
1.00000	0.08841	0.02617	0.01439	0.03341	0.00833	0.03265	0.00804	0.05673	0.59335	0.13850
1.00000	0.00284	0.06370	0.02114	0.00734	0.01429	0.00264	0.00055	0.63564	0.00219	0.24967
1.00000	0.01162	0.00728	0.02687	0.12176	0.00207	0.02167	0.00446	0.03106	0.69996	0.07325
1.00000	0.00444	0.17323	0.02667	0.00234	0.62019	0.00401	0.01470	0.00552	0.01425	0.13466
1.00000	0.02337	0.02880	0.00302	0.03140	0.00081	0.86469	0.01096	0.00899	0.02361	0.00435
1.00000	0.05344	0.01588	0.05713	0.00292	0.81454	0.02189	0.00780	0.00357	0.01502	0.00781
1.00000	0.04003	0.00937	0.83059	0.02610	0.04234	0.00460	0.02764	0.00904	0.00716	0.00312
1.00000	0.01221	0.04613	0.01278	0.02643	0.03117	0.00168	0.00281	0.02716	0.07355	0.76609
1.00000	0.00270	0.98046	0.00070	0.00093	0.00052	0.00068	0.00117	0.00388	0.00060	0.00836
1.00000	0.00687	0.01536	0.03497	0.00676	0.46820	0.03297	0.01489	0.01889	0.00563	0.39546
1.00000	0.02338	0.02846	0.03139	0.08367	0.00458	0.02015	0.02101	0.01060	0.62064	0.15611
1.00000	0.00055	0.00011	0.00019	0.00031	0.04120	0.00105	0.00047	0.00319	0.00183	0.95112
1.00000	0.06180	0.00970	0.00490	0.03634	0.00465	0.62718	0.00161	0.05174	0.09450	0.10758
1.00000	0.01691	0.15505	0.01890	0.19722	0.07861	0.12545	0.01856	0.13411	0.02352	0.23167
1.00000	0.01071	0.00985	0.00554	0.00268	0.00501	0.00810	0.00253	0.01019	0.86767	0.07772
1.00000	0.04945	0.00932	0.12732	0.36766	0.00302	0.02450	0.00503	0.00224	0.40635	0.00510
1.00000	0.96533	0.00133	0.00349	0.00382	0.00040	0.00842	0.00752	0.00108	0.00312	0.00549
1.00000	0.02334	0.01312	0.00803	0.08968	0.05003	0.37979	0.22984	0.00438	0.14727	0.05452
1.00000	0.23281	0.01296	0.41123	0.17236	0.02847	0.02507	0.04605	0.00782	0.06024	0.00300
1.00000	0.15901	0.00238	0.00748	0.00437	0.00889	0.22857	0.55855	0.00046	0.01041	0.01990
1.00000	0.03653	0.01525	0.16646	0.05710	0.00192	0.05988	0.01047	0.52411	0.09301	0.03527
1.00000	0.00927	0.02155	0.00538	0.73450	0.00272	0.08986	0.00232	0.05711	0.00739	0.06989
1.00000	0.00022	0.00006	0.00010	0.00028	0.02358	0.00062	0.00009	0.00128	0.00445	0.96932
1.00000	0.00345	0.00591	0.90586	0.03730	0.01531	0.00712	0.01230	0.00293	0.00856	0.00124
1.00000	0.00785	0.01804	0.00512	0.05269	0.00150	0.01788	0.00034	0.00574	0.85430	0.03655
1.00000	0.04522	0.03502	0.00231	0.01034	0.07912	0.54972	0.08028	0.00276	0.02514	0.17010
1.00000	0.10245	0.03169	0.14622	0.07763	0.08546	0.06425	0.05511	0.15494	0.16880	0.11346
1.00000	0.00285	0.01921	0.00024	0.01099	0.04489	0.00398	0.00053	0.02639	0.00419	0.88674
1.00000	0.00219	0.03943	0.92122	0.00666	0.00373	0.00158	0.00682	0.01024	0.00613	0.00202
1.00000	0.03117	0.00151	0.02376	0.00313	0.00755	0.00524	0.90141	0.00200	0.02255	0.00166
1.00000	0.00063	0.00062	0.00063	0.00074	0.07846	0.00125	0.00083	0.01200	0.00210	0.90274
1.00000	0.00253	0.01903	0.83716	0.06754	0.00462	0.02261	0.00951	0.01840	0.00547	0.01315
1.00000	0.99253	0.00027	0.00022	0.00128	0.00008	0.00221	0.00045	0.00024	0.00115	0.00157
1.00000	0.18237	0.11748	0.05094	0.01146	0.02950	0.05270	0.52033	0.00177	0.01370	0.01976
0.00000	0.01912	0.00426	0.08701	0.08150	0.02132	0.03054	0.00398	0.00471	0.65034	0.09723
1.00000	0.88407	0.00704	0.00698	0.02217	0.00574	0.04759	0.01345	0.00425	0.00776	0.00095
1.00000	0.35533	0.03037	0.04582	0.00455	0.04094	0.11133	0.38312	0.00202	0.02239	0.00415
1.00000	0.59352	0.02726	0.01188	0.02256	0.00599	0.20578	0.03322	0.02533	0.00502	0.06944
1.00000	0.08960	0.02370	0.00306	0.73782	0.00368	0.08694	0.03502	0.00116	0.01767	0.00135
1.00000	0.00434	0.02026	0.86585	0.04580	0.00168	0.01273	0.00618	0.01956	0.02132	0.00229
1.00000	0.00582	0.00033	0.01603	0.00994	0.01670	0.00111	0.94172	0.00125	0.00478	0.00232
1.00000	0.00438	0.07794	0.09802	0.06291	0.03731	0.06948	0.00866	0.10578	0.01973	0.51580
1.00000	0.00099	0.00307	0.00297	0.00163	0.00022	0.00025	0.00003	0.96981	0.00015	0.02087
1.00000	0.00221	0.00027	0.00193	0.00084	0.10892	0.00528	0.00597	0.10421	0.00101	0.76937
1.00000	0.80745	0.00555	0.00361	0.04205	0.00086	0.06685	0.00163	0.00970	0.01388	0.04842
1.00000	0.05447	0.00038	0.00099	0.00498	0.01999	0.00596	0.00112	0.04845	0.03888	0.82478
0.00000	0.27048	0.00656	0.03042	0.52799	0.00294	0.01639	0.01575	0.00369	0.11767	0.00810
1.00000	0.07736	0.00118	0.08037	0.01189	0.01555	0.05693	0.00600	0.01988	0.57354	0.15730
1.00000	0.00491	0.00868	0.16283	0.00380	0.14366	0.00962	0.61521	0.00509	0.00153	0.04467
1.00000	0.01092	0.00494	0.00226	0.00426	0.04949	0.01141	0.00119	0.85432	0.00084	0.06037
1.00000	0.17539	0.00353	0.00230	0.08303	0.00652	0.65737	0.01042	0.00167	0.04376	0.01601
1.00000	0.91242	0.00111	0.00739	0.00563	0.00120	0.02529	0.02488	0.00226	0.01700	0.00281
1.00000	0.00145	0.98729	0.00214	0.00026	0.00059	0.00032	0.00131	0.00299	0.00058	0.00308
0.00000	0.54998	0.00727	0.01937	0.14437	0.00143	0.15742	0.03570	0.02511	0.02785	0.03150
1.00000	0.02297	0.00485	0.78321	0.05328	0.05117	0.00989	0.00427	0.00677	0.00758	0.05600
1.00000	0.01009	0.00021	0.00050	0.00540	0.00106	0.91319	0.00069	0.00010	0.06710	0.00165
1.00000	0.04676	0.01488	0.03963	0.05738	0.48104	0.02581	0.09360	0.05221	0.01050	0.17817
1.00000	0.00782	0.01201	0.07515	0.00859	0.06082	0.00099	0.00618	0.78663	0.00137	0.04044
1.00000	0.02172	0.01407	0.39592	0.28834	0.00175	0.00730	0.01394	0.05974	0.18882	0.00841
1.00000	0.04446	0.00268	0.07416	0.07591	0.02895	0.03161	0.01179	0.00126	0.67782	0.05136
1.00000	0.03942	0.00022	0.00956	0.00108	0.00472	0.01473	0.90225	0.00017	0.01530	0.01257
1.00000	0.07717	0.00414	0.11044	0.02437	0.04942	0.00412	0.40131	0.00252	0.16942	0.15710
1.00000	0.01527	0.95538	0.00094	0.00043	0.00031	0.00109	0.00177	0.00217	0.00048	0.02214
0.00000	0.57701	0.00579	0.21998	0.03775	0.00572	0.05338	0.02284	0.03270	0.03355	0.01127
1.00000	0.00924	0.00096	0.00055	0.00135	0.00019	0.00154	0.00002	0.98261	0.00022	0.00332
1.00000	0.01167	0.03613	0.68286	0.01658	0.11164	0.03666	0.01065	0.04403	0.01053	0.03926
0.00000	0.19272	0.01792	0.19054	0.27833	0.01996	0.02437	0.02600	0.00162	0.23219	0.01635
1.00000	0.09293	0.01576	0.02627	0.03539	0.00345	0.64376	0.04999	0.00388	0.10425	0.02431
1.00000	0.00094	0.00015	0.00537	0.00132	0.00080	0.01101	0.00006	0.95863	0.00381	0.01790
1.00000	0.15782	0.00397	0.03047	0.02741	0.01070	0.08803	0.61065	0.00775	0.01064	0.05258
1.00000	0.92293	0.00093	0.01866	0.00583	0.00051	0.00452	0.01524	0.00130	0.02802	0.00206
1.00000	0.02679	0.00285	0.00537	0.72079	0.01164	0.09523	0.00994	0.00258	0.05109	0.07373
1.00000	0.00050	0.00024	0.00073	0.00057	0.82341	0.00051	0.00094	0.00612	0.00597	0.16102
1.00000	0.00048	0.00434	0.96612	0.00393	0.00176	0.01390	0.00280	0.00535	0.00089	0.00042
1.00000	0.08503	0.00703	0.01129	0.00709	0.50034	0.03613	0.02933	0.03879	0.20147	0.08350
1.00000	0.01122	0.01345	0.00546	0.24368	0.00030	0.62428	0.00260	0.00173	0.06872	0.02856
1.00000	0.06190	0.84020	0.01970	0.00241	0.00484	0.00282	0.03576	0.00043	0.00475	0.02719
1.00000	0.01720	0.14273	0.10751	0.03113	0.05847	0.05029	0.02431	0.35815	0.01095	0.19927
1.00000	0.01894	0.01540	0.18210	0.02886	0.02217	0.08853	0.11066	0.01138	0.46395	0.05799
1.00000	0.69376	0.01142	0.13970	0.02411	0.01505	0.04698	0.04780	0.00183	0.01187	0.00749
1.00000	0.02366	0.95232	0.00050	0.00579	0.00071	0.00201	0.00224	0.00168	0.00197	0.00911
1.00000	0.03784	0.01879	0.02118	0.02575	0.71771	0.01299	0.04497	0.03148	0.01988	0.06941
1.00000	0.00529	0.00559	0.01315	0.00790	0.63730	0.02396	0.01099	0.23234	0.00334	0.06014
1.00000	0.08130	0.01443	0.00386	0.00550	0.01412	0.75891	0.00738	0.01373	0.08364	0.01714
1.00000	0.01213	0.03674	0.00199	0.02378	0.00524	0.58936	0.00333	0.16037	0.10631	0.06075
1.00000	0.00116	0.00087	0.00627	0.00227	0.07787	0.00251	0.00848	0.03155	0.01017	0.85886
1.00000	0.78904	0.00281	0.05493	0.00922	0.00225	0.01336	0.03231	0.00258	0.00865	0.08485
1.00000	0.02517	0.00203	0.94895	0.00052	0.00052	0.00088	0.01010	0.00777	0.00309	0.00099
1.00000	0.05744	0.86110	0.00754	0.01331	0.00141	0.00313	0.00211	0.00352	0.00375	0.04670
1.00000	0.03335	0.00416	0.02459	0.00195	0.80285	0.01966	0.04583	0.01562	0.00743	0.04456
1.00000	0.88220	0.00600	0.03759	0.00497	0.00750	0.02527	0.00280	0.01674	0.01164	0.00528
1.00000	0.00130	0.00295	0.00092	0.00154	0.00037	0.00032	0.00011	0.98506	0.00017	0.00725
0.00000	0.08465	0.04148	0.21439	0.02287	0.07671	0.05194	0.15170	0.05803	0.21064	0.08759
0.00000	0.08377	0.00230	0.00145	0.18112	0.03405	0.20268	0.02208	0.05163	0.08211	0.33881
0.00000	0.03560	0.31830	0.05091	0.04613	0.00805	0.08831	0.00387	0.14385	0.06986	0.23511
1.00000	0.00243	0.00532	0.03624	0.00290	0.05479	0.00370	0.00385	0.00598	0.11226	0.77255
1.00000	0.09058	0.00226	0.00593	0.14067	0.02090	0.48107	0.00654	0.00801	0.20892	0.03513
0.00000	0.08744	0.08363	0.00372	0.37937	0.04498	0.07654	0.08620	0.03068	0.13295	0.07449
1.00000	0.00247	0.00088	0.00707	0.00036	0.83192	0.02575	0.01092	0.01349	0.00344	0.10371
1.00000	0.00397	0.00349	0.04100	0.03591	0.05679	0.00387	0.00134	0.75495	0.00114	0.09755
1.00000	0.02936	0.86705	0.00285	0.01240	0.00310	0.00235	0.00097	0.01571	0.00332	0.06290
1.00000	0.00969	0.00268	0.00206	0.01138	0.03937	0.01523	0.00305	0.85398	0.02965	0.03291
1.00000	0.02111	0.10065	0.03551	0.00905	0.00094	0.00379	0.00039	0.71250	0.02972	0.08634
1.00000	0.02910	0.19350	0.57623	0.08052	0.00121	0.01421	0.04477	0.02085	0.03901	0.00059
1.00000	0.00025	0.00143	0.99143	0.00379	0.00121	0.00043	0.00026	0.00075	0.00027	0.00019
1.00000	0.00454	0.94441	0.00146	0.00071	0.00026	0.00111	0.00088	0.00333	0.00053	0.04278
1.00000	0.00783	0.98083	0.00118	0.00045	0.00055	0.00025	0.00044	0.00227	0.00030	0.00589
1.00000	0.00562	0.00068	0.00060	0.00112	0.08381	0.04424	0.01021	0.01062	0.00936	0.83373
1.00000	0.02835	0.93071	0.00871	0.00122	0.00037	0.00316	0.00494	0.00762	0.00076	0.01415
1.00000	0.63814	0.00946	0.01627	0.00559	0.02132	0.01453	0.12497	0.03967	0.00682	0.12323
1.00000	0.00081	0.00029	0.00919	0.00202	0.00025	0.00279	0.00111	0.00207	0.94176	0.03971
1.00000	0.90401	0.00251	0.01490	0.00121	0.00022	0.04314	0.00835	0.00120	0.01551	0.00894
1.00000	0.00153	0.00080	0.00729	0.00157	0.94331	0.02261	0.00109	0.00322	0.00055	0.01802
1.00000	0.02349	0.13578	0.02882	0.01456	0.48567	0.00636	0.02446	0.00909	0.02638	0.24539
1.00000	0.12098	0.01737	0.72826	0.01340	0.02145	0.01720	0.06235	0.00442	0.01357	0.00100
1.00000	0.03262	0.00118	0.06013	0.78207	0.00196	0.06662	0.00188	0.00238	0.04747	0.00369
1.00000	0.00276	0.00189	0.02146	0.04177	0.00023	0.00061	0.00010	0.92377	0.00071	0.00671
1.00000	0.81272	0.00626	0.06715	0.01191	0.00088	0.03542	0.02660	0.00937	0.00854	0.02113
1.00000	0.01524	0.00039	0.02911	0.00037	0.00282	0.00459	0.93157	0.00012	0.00175	0.01403
1.00000	0.00182	0.00237	0.00430	0.00394	0.69181	0.03603	0.00212	0.01024	0.02091	0.22646
1.00000	0.00269	0.00591	0.01826	0.05629	0.00289	0.00254	0.00017	0.86611	0.00254	0.04259
1.00000	0.11549	0.04220	0.15873	0.22444	0.01417	0.03248	0.00712	0.01681	0.25964	0.12892
1.00000	0.02176	0.91348	0.00099	0.00233	0.00129	0.00075	0.00241	0.00762	0.00144	0.04793
1.00000	0.05426	0.16125	0.04914	0.35728	0.00732	0.08203	0.00311	0.00978	0.09186	0.18397
1.00000	0.01900	0.01451	0.04037	0.65979	0.00121	0.01144	0.00019	0.01265	0.15075	0.09010
1.00000	0.00828	0.05568	0.82050	0.04772	0.02566	0.01013	0.00344	0.00207	0.02564	0.00089
1.00000	0.00187	0.00589	0.91750	0.00107	0.00174	0.00107	0.04878	0.00019	0.02146	0.00044
1.00000	0.02866	0.01201	0.34255	0.23111	0.00519	0.02306	0.02064	0.00931	0.29981	0.02766
1.00000	0.95338	0.00094	0.00825	0.00557	0.00054	0.01683	0.00392	0.00017	0.00970	0.00070
1.00000	0.00870	0.00231	0.91579	0.00506	0.01291	0.01138	0.02768	0.00341	0.00995	0.00281
1.00000	0.06350	0.00543	0.00280	0.86688	0.00026	0.05408	0.00168	0.00186	0.00261	0.00092
1.00000	0.03525	0.00096	0.08078	0.13174	0.00987	0.25406	0.00500	0.00262	0.45836	0.02137
1.00000	0.01371	0.00338	0.07698	0.00116	0.00433	0.00235	0.89165	0.00083	0.00499	0.00061
1.00000	0.00422	0.00140	0.00246	0.01005	0.01070	0.00278	0.00044	0.03234	0.00453	0.93110
0.00000	0.05696	0.18845	0.03792	0.21098	0.01488	0.03774	0.00248	0.14918	0.02823	0.27317
1.00000	0.01848	0.03590	0.09868	0.01248	0.10319	0.01516	0.60950	0.03872	0.01157	0.05633
1.00000	0.06861	0.00319	0.00745	0.06074	0.00072	0.05273	0.00061	0.00286	0.70446	0.09863
1.00000	0.00829	0.00025	0.00168	0.00702	0.00020	0.97572	0.00366	0.00019	0.00283	0.00016
1.00000	0.03506	0.09036	0.22961	0.03492	0.23273	0.02144	0.17942	0.00107	0.13368	0.04171
1.00000	0.00756	0.00157	0.03849	0.00054	0.03847	0.00629	0.03743	0.00317	0.03694	0.82955
1.00000	0.00395	0.05215	0.00551	0.00398	0.01165	0.01210	0.00191	0.74331	0.00128	0.16415
1.00000	0.03055	0.25250	0.59461	0.04946	0.00055	0.01413	0.03313	0.00126	0.02302	0.00080
1.00000	0.00019	0.00105	0.00049	0.00042	0.00018	0.00043	0.00008	0.98779	0.00021	0.00917
1.00000	0.02850	0.00294	0.04845	0.01648	0.00690	0.00256	0.00134	0.01912	0.81201	0.06169
1.00000	0.01150	0.00830	0.00270	0.39977	0.00502	0.05501	0.00031	0.00967	0.33463	0.17310
1.00000	0.05772	0.00561	0.01321	0.05398	0.01976	0.74874	0.02135	0.00109	0.06607	0.01248
1.00000	0.65687	0.00663	0.05743	0.00349	0.01241	0.02163	0.10687	0.02351	0.06756	0.04359
0.00000	0.01981	0.21129	0.26077	0.16273	0.00219	0.00142	0.00435	0.16405	0.10254	0.07085
1.00000	0.00130	0.00077	0.00428	0.00017	0.71153	0.00260	0.00158	0.00184	0.01185	0.26408
1.00000	0.00339	0.00082	0.01883	0.00149	0.01392	0.01737	0.01412	0.01451	0.00947	0.90608
1.00000	0.09833	0.06318	0.05220	0.55065	0.02435	0.17018	0.00258	0.00485	0.02936	0.00430
1.00000	0.08524	0.00584	0.00198	0.04853	0.00375	0.79289	0.00295	0.00072	0.05746	0.00064
1.00000	0.02547	0.00104	0.00845	0.00423	0.77330	0.07897	0.01598	0.04478	0.00398	0.04379
1.00000	0.08878	0.02719	0.16314	0.46547	0.01152	0.08305	0.02384	0.00445	0.11990	0.01266
1.00000	0.91467	0.00031	0.03298	0.01876	0.00066	0.01081	0.00693	0.00155	0.00915	0.00418
1.00000	0.01538	0.03326	0.76763	0.14391	0.00625	0.00154	0.00526	0.01164	0.01145	0.00368
1.00000	0.08611	0.01942	0.21582	0.08719	0.06643	0.11459	0.04846	0.04822	0.02531	0.28846
1.00000	0.27694	0.00884	0.00939	0.53806	0.00399	0.08648	0.00293	0.01216	0.05407	0.00714
1.00000	0.00205	0.95776	0.00101	0.00051	0.00047	0.00171	0.00318	0.00140	0.00041	0.03150
1.00000	0.09692	0.00697	0.07435	0.00265	0.00212	0.13694	0.65867	0.00050	0.01498	0.00591
1.00000	0.00032	0.00029	0.00055	0.00026	0.05031	0.00097	0.00089	0.00152	0.00878	0.93611
1.00000	0.03309	0.87451	0.00251	0.00956	0.01017	0.00225	0.00116	0.00638	0.00091	0.05945
1.00000	0.00265	0.00121	0.00095	0.00419	0.04974	0.00261	0.00019	0.01486	0.02693	0.89668
1.00000	0.04727	0.01523	0.00821	0.86432	0.00100	0.01776	0.00329	0.00162	0.01944	0.02187
0.00000	0.62496	0.02345	0.21874	0.05470	0.00186	0.02911	0.00898	0.01743	0.01453	0.00625
1.00000	0.02006	0.01408	0.01528	0.01268	0.60141	0.01185	0.10867	0.03979	0.01944	0.15674
0.00000	0.00298	0.00167	0.00394	0.00124	0.35851	0.05834	0.01987	0.07340	0.00343	0.47662
1.00000	0.02198	0.04553	0.01706	0.84896	0.00009	0.04504	0.00059	0.01124	0.00664	0.00287
1.00000	0.93394	0.00176	0.00177	0.00857	0.00129	0.03331	0.00345	0.00613	0.00215	0.00764
1.00000	0.07869	0.06324	0.02085	0.02766	0.55144	0.01944	0.10236	0.02444	0.03773	0.07415
1.00000	0.10899	0.00246	0.01760	0.00100	0.74715	0.05346	0.00963	0.00733	0.00542	0.04696
1.00000	0.00349	0.94831	0.00651	0.00144	0.00198	0.00362	0.00075	0.00689	0.01630	0.01071
1.00000	0.03116	0.00273	0.01170	0.49423	0.00382	0.11677	0.01285	0.06642	0.18978	0.07055
1.00000	0.70870	0.01103	0.04697	0.02438	0.01394	0.06299	0.05489	0.01881	0.03403	0.02427
1.00000	0.00036	0.00051	0.00079	0.00146	0.04057	0.00085	0.00059	0.02079	0.00437	0.92972
1.00000	0.00518	0.00131	0.00152	0.00097	0.11674	0.00027	0.00036	0.00059	0.04707	0.82598
1.00000	0.04059	0.17582	0.08629	0.00286	0.04061	0.03699	0.57171	0.00080	0.03138	0.01294
1.00000	0.00534	0.00210	0.05055	0.02310	0.00108	0.01962	0.00412	0.00016	0.89227	0.00167
1.00000	0.01600	0.10457	0.43689	0.32460	0.00106	0.01174	0.01690	0.05080	0.03311	0.00433
1.00000	0.03194	0.01725	0.01739	0.11136	0.03829	0.23737	0.01319	0.04211	0.05102	0.44008
1.00000	0.01432	0.35318	0.01365	0.00702	0.10839	0.00765	0.00204	0.37550	0.00574	0.11252
1.00000	0.06201	0.00338	0.02391	0.08279	0.00230	0.73368	0.00991	0.00031	0.08095	0.00076
1.00000	0.00380	0.01226	0.26708	0.14435	0.05709	0.04976	0.01584	0.32928	0.04297	0.07757
1.00000	0.05429	0.03546	0.05429	0.01745	0.00945	0.02494	0.00645	0.00477	0.62860	0.16429
1.00000	0.03309	0.04560	0.02433	0.01340	0.04687	0.02467	0.01565	0.02268	0.19556	0.57815
1.00000	0.04903	0.00201	0.68846	0.05973	0.06434	0.03006	0.00581	0.00757	0.08575	0.00724
1.00000	0.05900	0.00970	0.01499	0.00202	0.04953	0.78312	0.04460	0.00688	0.01504	0.01512
1.00000	0.01506	0.00178	0.92433	0.01835	0.00342	0.01601	0.00819	0.00743	0.00238	0.00305
1.00000	0.07592	0.00852	0.03962	0.57976	0.00073	0.20164	0.00529	0.03168	0.04511	0.01173
1.00000	0.02164	0.00228	0.05820	0.02159	0.00714	0.21346	0.01356	0.03133	0.57236	0.05844
1.00000	0.05686	0.01847	0.35054	0.22877	0.01856	0.02243	0.00248	0.00593	0.28733	0.00863
1.00000	0.00695	0.00221	0.02864	0.88855	0.00088	0.01302	0.00035	0.00175	0.05424	0.00341
1.00000	0.00079	0.00038	0.00308	0.00177	0.01919	0.00387	0.00013	0.01176	0.01442	0.94460
1.00000	0.00433	0.00044	0.01365	0.00065	0.00579	0.01864	0.94578	0.00019	0.00831	0.00224
1.00000	0.00269	0.02784	0.00750	0.00904	0.00171	0.00057	0.00011	0.89148	0.00050	0.05857
1.00000	0.93842	0.00092	0.02805	0.00431	0.00120	0.00377	0.01745	0.00051	0.00349	0.00188
1.00000	0.93973	0.00467	0.00150	0.00771	0.00065	0.01255	0.00889	0.00405	0.00358	0.01667
1.00000	0.02884	0.00351	0.04597	0.01549	0.09228	0.71928	0.03337	0.00587	0.01084	0.04454
1.00000	0.00661	0.03922	0.82058	0.01657	0.01110	0.00821	0.09419	0.00065	0.00194	0.00093
1.00000	0.04170	0.00175	0.08298	0.84027	0.00127	0.01306	0.00128	0.00397	0.01256	0.00115
1.00000	0.02053	0.03235	0.59461	0.06196	0.06559	0.02629	0.01238	0.03372	0.06650	0.08606
1.00000	0.01007	0.00333	0.02721	0.00382	0.01184	0.80408	0.00674	0.00208	0.05988	0.07095
1.00000	0.04670	0.86424	0.00755	0.00680	0.00419	0.03385	0.00543	0.00257	0.00398	0.02470
1.00000	0.68582	0.00430	0.06128	0.02379	0.02254	0.01198	0.07783	0.05499	0.02654	0.03094
1.00000	0.07123	0.03336	0.13806	0.30310	0.00087	0.01690	0.00458	0.38124	0.04099	0.00967
1.00000	0.02314	0.01841	0.06018	0.01596	0.01200	0.03970	0.01350	0.00089	0.81071	0.00550
0.00000	0.00317	0.02710	0.01173	0.00564	0.15870	0.00106	0.00628	0.03223	0.02651	0.72757
1.00000	0.08150	0.00404	0.00929	0.00241	0.48985	0.03369	0.02197	0.01154	0.02018	0.32553
1.00000	0.03701	0.03202	0.55844	0.11362	0.00122	0.00510	0.00781	0.01032	0.23289	0.00157
1.00000	0.01291	0.07193	0.80641	0.02438	0.00468	0.00081	0.04850	0.00037	0.02850	0.00152
0.00000	0.02320	0.02773	0.02247	0.35299	0.01036	0.08291	0.02406	0.05747	0.30983	0.08897
