1.00000	0.00389	0.91566	0.00781	0.00555	0.01468	0.00896	0.01129	0.02169	0.00408	0.00639
1.00000	0.00065	0.00319	0.00496	0.01817	0.01395	0.00395	0.00114	0.91173	0.00334	0.03893
1.00000	0.70055	0.00155	0.03277	0.02849	0.01103	0.03731	0.11319	0.00827	0.03019	0.03664
1.00000	0.03723	0.03808	0.02622	0.06705	0.05744	0.50702	0.02809	0.02876	0.15932	0.05079
1.00000	0.00111	0.00942	0.01168	0.01259	0.74337	0.01540	0.00847	0.06819	0.00495	0.12481
1.00000	0.01028	0.09008	0.03271	0.02821	0.17356	0.04345	0.02405	0.33122	0.04216	0.22428
1.00000	0.01509	0.00742	0.00431	0.10670	0.01020	0.79007	0.01185	0.01118	0.03046	0.01273
1.00000	0.10597	0.01556	0.36689	0.05135	0.14984	0.03164	0.25349	0.01351	0.00439	0.00736
0.00000	0.00176	0.02462	0.03908	0.02205	0.18173	0.03291	0.03495	0.15340	0.04624	0.46327
1.00000	0.06331	0.00238	0.01356	0.02414	0.32478	0.03056	0.04054	0.05225	0.09785	0.35064
1.00000	0.01205	0.73705	0.01969	0.03547	0.01375	0.00738	0.01042	0.06970	0.07452	0.01996
1.00000	0.00940	0.00598	0.85050	0.00625	0.03265	0.00112	0.08047	0.00328	0.00898	0.00138
1.00000	0.00390	0.06855	0.02946	0.01766	0.58641	0.02090	0.03782	0.01610	0.02982	0.18938
1.00000	0.00432	0.86384	0.00631	0.01003	0.00862	0.01120	0.00860	0.04187	0.02126	0.02396
1.00000	0.02126	0.59987	0.07652	0.04930	0.01941	0.01397	0.00719	0.15237	0.05394	0.00618
1.00000	0.00627	0.02229	0.06727	0.30190	0.10717	0.06189	0.13228	0.11799	0.06699	0.11595
1.00000	0.00327	0.88397	0.00943	0.00814	0.00846	0.00313	0.00450	0.05161	0.01587	0.01162
1.00000	0.01097	0.03955	0.03319	0.03179	0.02998	0.06891	0.70659	0.00139	0.06219	0.01543
1.00000	0.00034	0.00722	0.00897	0.00709	0.77205	0.00856	0.01578	0.01044	0.00808	0.16148
1.00000	0.00157	0.00467	0.04009	0.03866	0.22915	0.01238	0.04684	0.05125	0.06254	0.51284
1.00000	0.02139	0.00097	0.02221	0.84637	0.01101	0.02569	0.00934	0.01121	0.04206	0.00975
1.00000	0.00131	0.00819	0.02106	0.02595	0.48081	0.00833	0.04260	0.02791	0.06922	0.31461
1.00000	0.00085	0.00109	0.00183	0.00546	0.09192	0.00510	0.00556	0.05030	0.05297	0.78493
1.00000	0.04526	0.00802	0.05219	0.24126	0.08088	0.01396	0.01668	0.00555	0.47566	0.06055
1.00000	0.00498	0.00429	0.01540	0.01707	0.10704	0.02362	0.02350	0.02341	0.16150	0.61919
1.00000	0.51760	0.01511	0.25985	0.07012	0.00774	0.03454	0.06098	0.00870	0.01871	0.00665
1.00000	0.00229	0.00433	0.00580	0.01920	0.02845	0.00898	0.00434	0.65377	0.01852	0.25432
1.00000	0.07631	0.00095	0.05645	0.03506	0.01232	0.00572	0.69332	0.00367	0.07408	0.04213
1.00000	0.01990	0.03257	0.08628	0.01187	0.14658	0.05926	0.12555	0.04494	0.39511	0.07795
1.00000	0.01614	0.00071	0.06243	0.00707	0.01804	0.00387	0.87196	0.00225	0.00909	0.00845
1.00000	0.01410	0.45790	0.06269	0.05273	0.03979	0.00882	0.01873	0.13104	0.19211	0.02210
1.00000	0.02660	0.02718	0.03626	0.74667	0.01298	0.06161	0.01241	0.00374	0.06980	0.00276
1.00000	0.01964	0.75368	0.03358	0.02231	0.00658	0.01789	0.01725	0.03468	0.08831	0.00608
1.00000	0.02869	0.00548	0.07733	0.01662	0.47959	0.01274	0.12267	0.03131	0.08898	0.13661
1.00000	0.00748	0.00135	0.10732	0.01773	0.01765	0.00684	0.81947	0.00774	0.00429	0.01013
1.00000	0.00395	0.12505	0.51959	0.06323	0.03498	0.00834	0.15066	0.04608	0.03461	0.01351
1.00000	0.00235	0.01013	0.00446	0.01750	0.13384	0.15075	0.06818	0.04289	0.44803	0.12188
1.00000	0.68979	0.00475	0.10071	0.02161	0.03102	0.02599	0.04946	0.01943	0.00434	0.05290
1.00000	0.00101	0.09229	0.02887	0.01350	0.49164	0.04669	0.01815	0.05507	0.00788	0.24489
1.00000	0.01163	0.00624	0.38073	0.08360	0.02563	0.01775	0.06569	0.08320	0.19662	0.12892
1.00000	0.10526	0.00498	0.05195	0.46405	0.02143	0.06214	0.07109	0.00427	0.20619	0.00864
1.00000	0.00328	0.01558	0.87242	0.05419	0.02173	0.00160	0.01202	0.00648	0.01067	0.00202
1.00000	0.87680	0.00096	0.00800	0.00603	0.00339	0.05897	0.03573	0.00148	0.00424	0.00439
1.00000	0.00327	0.01476	0.10175	0.02084	0.23544	0.01150	0.06561	0.05543	0.03150	0.45991
1.00000	0.01906	0.00917	0.57766	0.23641	0.01714	0.01812	0.03807	0.00188	0.08174	0.00076
1.00000	0.00212	0.85569	0.01798	0.02395	0.01316	0.00817	0.02015	0.01953	0.02384	0.01542
1.00000	0.00926	0.01104	0.07792	0.75366	0.00945	0.01743	0.00641	0.05291	0.05348	0.00844
1.00000	0.00122	0.01573	0.04381	0.70431	0.02251	0.02000	0.00883	0.09606	0.07074	0.01680
0.00000	0.00330	0.01786	0.01588	0.37012	0.00994	0.02392	0.00247	0.04511	0.48268	0.02871
0.00000	0.04205	0.00397	0.06854	0.34872	0.04627	0.29373	0.09096	0.01897	0.06924	0.01755
0.00000	0.05672	0.00587	0.11662	0.00962	0.21128	0.03663	0.09039	0.06537	0.15853	0.24898
1.00000	0.01758	0.02358	0.02513	0.04304	0.04121	0.03568	0.72932	0.00242	0.06229	0.01973
1.00000	0.00577	0.14730	0.07781	0.07792	0.00632	0.00615	0.00336	0.52745	0.05341	0.09451
1.00000	0.02516	0.00290	0.01052	0.01109	0.03409	0.02749	0.02621	0.75073	0.01115	0.10066
1.00000	0.03646	0.01758	0.00996	0.19186	0.01522	0.59444	0.03341	0.01314	0.07684	0.01111
1.00000	0.00492	0.08049	0.07906	0.01804	0.24931	0.01433	0.03011	0.04287	0.04980	0.43107
1.00000	0.00424	0.03456	0.04207	0.00631	0.64053	0.01070	0.07150	0.01929	0.03067	0.14012
1.00000	0.00193	0.00129	0.02862	0.02911	0.70996	0.00523	0.04955	0.05813	0.00986	0.10632
1.00000	0.64041	0.00310	0.15338	0.05443	0.00803	0.01937	0.04436	0.00966	0.02815	0.03912
1.00000	0.02286	0.00629	0.00911	0.04978	0.07797	0.02903	0.02071	0.04507	0.45852	0.28066
1.00000	0.00898	0.00965	0.06746	0.14567	0.09647	0.24982	0.22712	0.01892	0.06796	0.10797
1.00000	0.56887	0.01531	0.03986	0.04537	0.01685	0.08956	0.01564	0.13376	0.01659	0.05820
1.00000	0.00714	0.00120	0.00619	0.01240	0.53825	0.04468	0.05760	0.02876	0.05176	0.25201
1.00000	0.00061	0.00606	0.01305	0.00913	0.17236	0.01118	0.01080	0.06081	0.02706	0.68894
1.00000	0.00170	0.01353	0.01832	0.04935	0.00398	0.00584	0.00484	0.86717	0.00608	0.02918
1.00000	0.00225	0.00254	0.00415	0.00375	0.08365	0.00888	0.01136	0.79906	0.00999	0.07435
1.00000	0.07833	0.00776	0.11423	0.02265	0.14549	0.02147	0.08124	0.17104	0.02233	0.33546
1.00000	0.00071	0.00595	0.01274	0.07131	0.01517	0.00784	0.00308	0.74130	0.04175	0.10016
1.00000	0.00090	0.01020	0.00678	0.02759	0.12365	0.01735	0.01117	0.12789	0.05441	0.62006
1.00000	0.04071	0.00444	0.20138	0.04785	0.11150	0.00925	0.47255	0.04267	0.02844	0.04123
1.00000	0.54762	0.00666	0.07694	0.08169	0.01499	0.07070	0.13272	0.01091	0.04083	0.01692
0.00000	0.07717	0.01854	0.03767	0.39691	0.01543	0.22804	0.12692	0.03096	0.03998	0.02838
1.00000	0.00989	0.02076	0.00101	0.01586	0.01122	0.69099	0.00460	0.08434	0.11944	0.04189
1.00000	0.01919	0.00461	0.18814	0.05046	0.11897	0.01928	0.42979	0.05351	0.03669	0.07936
1.00000	0.01562	0.01079	0.15417	0.01066	0.04427	0.05533	0.67418	0.00284	0.02061	0.01153
1.00000	0.03431	0.14693	0.09485	0.01308	0.16254	0.24055	0.08347	0.05557	0.13214	0.03656
1.00000	0.00377	0.01582	0.01928	0.04670	0.02928	0.00762	0.00357	0.42602	0.18443	0.26350
1.00000	0.25213	0.04278	0.09287	0.10783	0.06604	0.13193	0.02296	0.23486	0.01787	0.03074
1.00000	0.00104	0.00037	0.00364	0.00520	0.01511	0.00648	0.00225	0.87289	0.00508	0.08794
1.00000	0.02371	0.02735	0.00298	0.01338	0.04546	0.59310	0.00740	0.15609	0.10416	0.02637
1.00000	0.00051	0.00704	0.00872	0.01338	0.17769	0.01084	0.01008	0.07417	0.04275	0.65483
1.00000	0.00163	0.04877	0.03861	0.03489	0.34223	0.01072	0.20513	0.03193	0.04473	0.24136
1.00000	0.00349	0.00400	0.09059	0.02377	0.78906	0.00628	0.03589	0.01211	0.00472	0.03008
1.00000	0.00337	0.00503	0.03087	0.01167	0.23665	0.00531	0.02424	0.04764	0.03759	0.59763
1.00000	0.00187	0.00429	0.90856	0.05892	0.00178	0.00078	0.01458	0.00505	0.00315	0.00101
1.00000	0.80533	0.00182	0.03508	0.04618	0.00332	0.01762	0.03029	0.00406	0.03498	0.02132
1.00000	0.01981	0.01742	0.60828	0.06887	0.02859	0.01156	0.16510	0.00272	0.05226	0.02539
0.00000	0.00622	0.01288	0.00414	0.01081	0.15093	0.01593	0.00611	0.29006	0.01985	0.48306
1.00000	0.00496	0.92157	0.01155	0.00349	0.00667	0.00801	0.00341	0.02831	0.00451	0.00751
1.00000	0.00990	0.07859	0.05141	0.51181	0.01996	0.10255	0.05295	0.03335	0.11370	0.02577
1.00000	0.01781	0.01052	0.76905	0.01229	0.08359	0.00337	0.03449	0.00341	0.05594	0.00955
1.00000	0.64768	0.00944	0.07411	0.02881	0.02259	0.05945	0.04832	0.03000	0.00463	0.07499
1.00000	0.02735	0.00217	0.08389	0.00441	0.00955	0.01470	0.84730	0.00056	0.00485	0.00523
1.00000	0.01495	0.69724	0.09317	0.01546	0.02735	0.00310	0.01646	0.06861	0.05528	0.00840
1.00000	0.00178	0.00181	0.00330	0.00692	0.00655	0.00441	0.00229	0.87111	0.01514	0.08669
1.00000	0.00511	0.00611	0.01863	0.00637	0.17566	0.01306	0.02579	0.54507	0.05384	0.15036
0.00000	0.12070	0.00506	0.01276	0.04191	0.45044	0.03863	0.02187	0.12229	0.01548	0.17087
0.00000	0.00362	0.00210	0.00457	0.01047	0.13352	0.00557	0.01335	0.04426	0.23610	0.54642
1.00000	0.00786	0.00282	0.07559	0.01025	0.56849	0.00525	0.12390	0.03772	0.03967	0.12844
1.00000	0.00392	0.00118	0.00512	0.00646	0.01253	0.00802	0.00421	0.86993	0.00865	0.07996
1.00000	0.00511	0.07327	0.05664	0.02483	0.11613	0.03800	0.02512	0.40030	0.09907	0.16152
1.00000	0.00343	0.00896	0.13376	0.01163	0.25346	0.00946	0.50751	0.01971	0.00288	0.04921
1.00000	0.00210	0.01175	0.01867	0.08607	0.00724	0.00414	0.00355	0.00629	0.83903	0.02117
0.00000	0.01291	0.00464	0.02927	0.00287	0.55960	0.00227	0.15014	0.08033	0.00658	0.15140
0.00000	0.05625	0.03272	0.21299	0.25472	0.05582	0.01920	0.14103	0.00286	0.21506	0.00936
1.00000	0.01379	0.00354	0.00561	0.05975	0.00590	0.70522	0.00756	0.00829	0.18556	0.00478
1.00000	0.06186	0.00176	0.06727	0.00619	0.55726	0.07016	0.09271	0.03057	0.01972	0.09250
1.00000	0.04755	0.00379	0.02418	0.80926	0.00537	0.04567	0.00753	0.02275	0.03010	0.00380
1.00000	0.00125	0.00296	0.01412	0.00637	0.59077	0.01559	0.03646	0.01221	0.00897	0.31129
1.00000	0.00122	0.00070	0.00204	0.00650	0.00325	0.00578	0.00073	0.91409	0.00399	0.06169
0.00000	0.16323	0.00827	0.23573	0.16313	0.08083	0.06375	0.11042	0.08403	0.02211	0.06851
1.00000	0.00829	0.00322	0.01624	0.02173	0.01209	0.00339	0.01276	0.00762	0.88341	0.03124
1.00000	0.00115	0.01281	0.01020	0.02136	0.02198	0.00929	0.03069	0.05921	0.76461	0.06868
1.00000	0.00238	0.07758	0.01798	0.02575	0.01736	0.00996	0.00223	0.65988	0.05841	0.12847
1.00000	0.00756	0.77322	0.01718	0.04000	0.01120	0.03408	0.01029	0.05124	0.01763	0.03759
1.00000	0.07784	0.00632	0.10944	0.66045	0.00511	0.07721	0.01904	0.01348	0.02456	0.00655
1.00000	0.01131	0.00990	0.07757	0.00455	0.02242	0.01412	0.83958	0.00315	0.00889	0.00851
1.00000	0.00468	0.00273	0.00602	0.00803	0.16573	0.01208	0.00759	0.03980	0.09620	0.65716
1.00000	0.00728	0.78028	0.01207	0.01446	0.01838	0.00716	0.01137	0.04596	0.08004	0.02299
1.00000	0.00060	0.03642	0.00708	0.01506	0.01782	0.01808	0.00324	0.82610	0.00474	0.07085
1.00000	0.00192	0.00688	0.09577	0.01747	0.42646	0.00401	0.20093	0.04164	0.03731	0.16762
0.00000	0.00722	0.06799	0.14795	0.05911	0.35751	0.02824	0.17421	0.10828	0.00572	0.04377
1.00000	0.01455	0.03459	0.28500	0.41985	0.00901	0.01865	0.11155	0.05139	0.04578	0.00962
1.00000	0.73445	0.00369	0.03261	0.00959	0.04542	0.04222	0.08732	0.00652	0.02572	0.01247
1.00000	0.02025	0.11712	0.00916	0.07870	0.06452	0.24323	0.04339	0.17721	0.13178	0.11461
1.00000	0.02685	0.00297	0.03457	0.82476	0.00391	0.04913	0.01518	0.00992	0.02389	0.00882
1.00000	0.00864	0.00556	0.62377	0.03215	0.12303	0.00160	0.16037	0.00915	0.01664	0.01909
1.00000	0.00444	0.00218	0.17003	0.63163	0.00855	0.02650	0.00743	0.00597	0.13955	0.00371
0.00000	0.08006	0.00795	0.02556	0.40168	0.00645	0.38132	0.02033	0.00854	0.05986	0.00826
1.00000	0.00875	0.00290	0.00530	0.23682	0.00643	0.55275	0.00449	0.00728	0.17013	0.00514
1.00000	0.00086	0.00157	0.00160	0.01077	0.11131	0.00464	0.00437	0.03372	0.05058	0.78057
0.00000	0.06254	0.00932	0.14161	0.22137	0.06427	0.09974	0.07740	0.10059	0.13711	0.08606
1.00000	0.00103	0.00498	0.05543	0.00873	0.04531	0.00550	0.85413	0.00190	0.01348	0.00952
1.00000	0.00149	0.00106	0.01397	0.01215	0.66375	0.00562	0.03418	0.05690	0.00697	0.20392
1.00000	0.65794	0.00259	0.05596	0.09325	0.00809	0.05473	0.08234	0.01070	0.01777	0.01664
1.00000	0.00603	0.03315	0.01238	0.03938	0.03604	0.01778	0.02199	0.03881	0.59387	0.20056
1.00000	0.83069	0.00179	0.01698	0.02445	0.01134	0.05050	0.05210	0.00215	0.00423	0.00578
1.00000	0.00252	0.00629	0.02836	0.05687	0.02189	0.01986	0.01002	0.73483	0.01792	0.10144
1.00000	0.16664	0.01113	0.42394	0.14279	0.00717	0.09134	0.06803	0.03546	0.04973	0.00377
1.00000	0.02681	0.00953	0.02105	0.03306	0.05581	0.02066	0.01965	0.26984	0.38824	0.15536
1.00000	0.01679	0.01806	0.04578	0.29318	0.01285	0.03498	0.10688	0.01782	0.42940	0.02427
1.00000	0.07221	0.00947	0.10132	0.23925	0.05066	0.13188	0.11532	0.00580	0.26044	0.01366
1.00000	0.00054	0.00142	0.00229	0.00551	0.00875	0.00517	0.00090	0.94019	0.00258	0.03266
0.00000	0.01035	0.08765	0.23680	0.21126	0.01328	0.03122	0.02943	0.06750	0.28521	0.02730
1.00000	0.00376	0.00397	0.12556	0.05568	0.02499	0.01227	0.70596	0.01580	0.01945	0.03255
1.00000	0.73606	0.00425	0.02588	0.00725	0.03867	0.05067	0.09892	0.01160	0.00303	0.02366
1.00000	0.01758	0.07616	0.02334	0.03129	0.07388	0.44778	0.08387	0.01366	0.13528	0.09716
1.00000	0.03634	0.00294	0.03324	0.20256	0.01126	0.43799	0.05557	0.05312	0.15113	0.01586
1.00000	0.01536	0.00381	0.82784	0.05146	0.01138	0.00353	0.02831	0.00450	0.04898	0.00483
1.00000	0.00724	0.01546	0.01473	0.03160	0.05279	0.73527	0.03196	0.01973	0.06777	0.02344
1.00000	0.00202	0.40473	0.05476	0.17277	0.04534	0.02354	0.04258	0.07126	0.10718	0.07583
1.00000	0.00634	0.00933	0.02411	0.88244	0.00196	0.01138	0.00520	0.01430	0.04201	0.00293
1.00000	0.01001	0.00255	0.24995	0.01687	0.06322	0.00564	0.57439	0.01923	0.03273	0.02541
1.00000	0.09362	0.00392	0.19049	0.01637	0.41425	0.04617	0.11767	0.02036	0.03807	0.05906
1.00000	0.00252	0.11136	0.03927	0.08431	0.01428	0.00466	0.01040	0.57790	0.04110	0.11421
1.00000	0.00702	0.00578	0.05033	0.00251	0.75738	0.00589	0.05842	0.01226	0.00963	0.09079
1.00000	0.78874	0.00227	0.03567	0.06431	0.00329	0.05841	0.02507	0.00374	0.01237	0.00613
0.00000	0.01654	0.05161	0.19711	0.20278	0.01047	0.00739	0.00831	0.01692	0.48416	0.00470
1.00000	0.26109	0.00760	0.20305	0.01501	0.06135	0.01851	0.22013	0.12108	0.01306	0.07913
0.00000	0.02071	0.00888	0.33114	0.30080	0.00383	0.00720	0.01641	0.15070	0.10171	0.05864
1.00000	0.00485	0.00125	0.02650	0.01746	0.14068	0.01456	0.05869	0.03842	0.02073	0.67685
1.00000	0.02222	0.02167	0.73415	0.10132	0.01194	0.00684	0.03444	0.03001	0.02859	0.00881
1.00000	0.02609	0.01884	0.00891	0.17720	0.02535	0.46454	0.01880	0.04173	0.16565	0.05289
1.00000	0.28138	0.00287	0.37954	0.01955	0.00731	0.01083	0.19969	0.01441	0.05885	0.02556
0.00000	0.00298	0.00486	0.02969	0.00371	0.39959	0.01214	0.26365	0.02813	0.07002	0.18521
1.00000	0.00110	0.00991	0.03024	0.07956	0.13760	0.03057	0.03892	0.05506	0.13773	0.47932
1.00000	0.00104	0.00443	0.00971	0.01769	0.14388	0.00972	0.00781	0.05407	0.02162	0.73002
1.00000	0.01404	0.00274	0.32750	0.03621	0.05094	0.00487	0.51451	0.02775	0.00724	0.01420
1.00000	0.00635	0.00410	0.06940	0.09128	0.04329	0.01903	0.03393	0.04158	0.63372	0.05730
1.00000	0.11862	0.00365	0.70594	0.03798	0.01118	0.00671	0.03193	0.01336	0.06049	0.01015
1.00000	0.38533	0.00459	0.09030	0.11593	0.05082	0.03552	0.18382	0.02367	0.05562	0.05440
1.00000	0.00325	0.05853	0.03421	0.12111	0.00663	0.01457	0.01169	0.05427	0.65325	0.04250
1.00000	0.01629	0.04245	0.00669	0.04858	0.01236	0.77634	0.03773	0.00191	0.05583	0.00182
1.00000	0.00187	0.00065	0.00825	0.00947	0.58490	0.00475	0.04153	0.04544	0.01769	0.28544
1.00000	0.01059	0.00262	0.06470	0.00086	0.01333	0.00323	0.89812	0.00082	0.00166	0.00406
1.00000	0.02447	0.00903	0.07946	0.01578	0.48319	0.01239	0.09836	0.01866	0.05087	0.20781
1.00000	0.00697	0.00254	0.01119	0.01553	0.00168	0.00739	0.00138	0.91027	0.00794	0.03511
1.00000	0.02674	0.01376	0.04302	0.57801	0.01153	0.03272	0.01713	0.09758	0.11170	0.06780
1.00000	0.00486	0.00908	0.00577	0.01418	0.02156	0.01942	0.01338	0.00701	0.88861	0.01611
0.00000	0.00951	0.01881	0.11268	0.17260	0.01725	0.00509	0.00642	0.07787	0.54517	0.03460
0.00000	0.18119	0.00694	0.09626	0.00665	0.18309	0.01279	0.23074	0.10088	0.02722	0.15425
1.00000	0.00520	0.00878	0.03506	0.45393	0.08905	0.12069	0.04398	0.06706	0.09445	0.08179
1.00000	0.02101	0.03117	0.04460	0.00961	0.06051	0.10499	0.66190	0.00180	0.04986	0.01456
1.00000	0.00716	0.78646	0.04351	0.00871	0.02328	0.00351	0.01157	0.06848	0.04000	0.00732
1.00000	0.01456	0.02031	0.02040	0.73604	0.00271	0.04904	0.00523	0.02949	0.11055	0.01167
1.00000	0.11304	0.00426	0.07828	0.23189	0.03042	0.01903	0.03698	0.01264	0.41625	0.05720
1.00000	0.01149	0.01649	0.06170	0.13661	0.03932	0.01494	0.06168	0.05764	0.51143	0.08870
1.00000	0.01646	0.01580	0.00601	0.03254	0.03995	0.73311	0.05999	0.00683	0.05746	0.03184
0.00000	0.11447	0.01139	0.12621	0.25746	0.03366	0.05942	0.07795	0.05874	0.18472	0.07598
1.00000	0.05776	0.00750	0.10533	0.58897	0.03357	0.03620	0.02286	0.01023	0.11230	0.02527
1.00000	0.17358	0.03480	0.13790	0.40881	0.00521	0.01781	0.05865	0.02519	0.13214	0.00591
1.00000	0.00838	0.00759	0.01389	0.01449	0.43895	0.00890	0.10349	0.07226	0.07829	0.25377
1.00000	0.01608	0.04519	0.18979	0.40798	0.00780	0.02415	0.02033	0.02078	0.25987	0.00804
0.00000	0.00432	0.00762	0.47741	0.16300	0.07223	0.00589	0.12087	0.09385	0.03129	0.02352
1.00000	0.04676	0.00296	0.07482	0.08054	0.04713	0.05356	0.05991	0.09721	0.46593	0.07119
1.00000	0.01072	0.00313	0.09504	0.19713	0.07100	0.06827	0.01389	0.10297	0.40539	0.03245
1.00000	0.83662	0.00106	0.01026	0.01564	0.00847	0.03315	0.07564	0.00294	0.00940	0.00681
1.00000	0.01932	0.00240	0.00424	0.16334	0.00697	0.73319	0.01027	0.01826	0.03425	0.00775
1.00000	0.00815	0.01200	0.15468	0.75698	0.00215	0.00758	0.00558	0.01028	0.04092	0.00169
1.00000	0.02261	0.00441	0.08608	0.00717	0.48355	0.06507	0.11262	0.05263	0.03489	0.13098
1.00000	0.00813	0.06515	0.06671	0.02570	0.52227	0.05089	0.08058	0.05545	0.04552	0.07959
1.00000	0.00171	0.00281	0.00867	0.01563	0.04993	0.00590	0.00632	0.07907	0.08562	0.74434
1.00000	0.03199	0.00100	0.00576	0.02780	0.20622	0.10105	0.03371	0.13394	0.06936	0.38916
1.00000	0.01622	0.00498	0.17731	0.67019	0.00432	0.00730	0.03076	0.01525	0.06165	0.01203
1.00000	0.00373	0.00152	0.06171	0.05756	0.15199	0.01118	0.04627	0.13026	0.05998	0.47580
1.00000	0.02173	0.03908	0.01163	0.04496	0.04673	0.17341	0.02283	0.00978	0.49654	0.13331
1.00000	0.00080	0.00464	0.00166	0.00899	0.14777	0.00579	0.00782	0.03072	0.05343	0.73838
1.00000	0.01194	0.02722	0.01407	0.13489	0.03042	0.03793	0.02724	0.02332	0.56276	0.13021
1.00000	0.84814	0.00146	0.03859	0.01621	0.00431	0.03707	0.03189	0.00206	0.00306	0.01720
1.00000	0.01814	0.66208	0.10033	0.02411	0.05038	0.01287	0.03465	0.03509	0.04809	0.01425
1.00000	0.00725	0.00182	0.01714	0.40478	0.02493	0.02200	0.00431	0.04131	0.32147	0.15500
1.00000	0.67920	0.00377	0.04314	0.05410	0.00367	0.05948	0.09655	0.00497	0.04660	0.00853
1.00000	0.01890	0.01760	0.51614	0.02318	0.27274	0.00277	0.03368	0.04233	0.00482	0.06783
1.00000	0.00285	0.01661	0.00476	0.02012	0.03924	0.00712	0.00433	0.23048	0.18425	0.49024
1.00000	0.00033	0.00264	0.00302	0.00414	0.02797	0.00663	0.00129	0.80042	0.00491	0.14866
1.00000	0.00667	0.04392	0.02352	0.06634	0.01596	0.04180	0.16668	0.00435	0.59633	0.03443
1.00000	0.13453	0.00432	0.03343	0.02703	0.05781	0.05902	0.02748	0.56768	0.01827	0.07042
1.00000	0.90401	0.00081	0.01779	0.00583	0.00290	0.01327	0.02512	0.00199	0.01062	0.01766
1.00000	0.00235	0.02458	0.00825	0.05087	0.08959	0.00786	0.00962	0.16314	0.16179	0.48196
1.00000	0.03721	0.00192	0.20070	0.03833	0.07451	0.00456	0.54127	0.00582	0.03630	0.05938
1.00000	0.00149	0.10669	0.02781	0.03752	0.00691	0.00637	0.00239	0.66380	0.04079	0.10624
1.00000	0.00772	0.00306	0.01674	0.00751	0.58395	0.03201	0.04407	0.03411	0.05193	0.21890
1.00000	0.01145	0.00671	0.02668	0.02123	0.04025	0.01027	0.00785	0.67135	0.00950	0.19472
1.00000	0.02693	0.36357	0.19243	0.05269	0.08153	0.00645	0.03048	0.07076	0.15779	0.01737
1.00000	0.00092	0.00494	0.00567	0.04116	0.11446	0.02307	0.00721	0.04635	0.13996	0.61626
1.00000	0.02275	0.03820	0.44818	0.32692	0.00379	0.01519	0.02626	0.10835	0.00668	0.00368
1.00000	0.11375	0.00393	0.48938	0.20192	0.02037	0.03581	0.02036	0.02281	0.07015	0.02153
1.00000	0.00261	0.00605	0.55604	0.23165	0.00485	0.00440	0.11123	0.01606	0.06211	0.00500
1.00000	0.00357	0.79075	0.01723	0.04589	0.01639	0.01722	0.03693	0.03011	0.02034	0.02157
1.00000	0.00240	0.02962	0.03275	0.07472	0.02495	0.01071	0.03880	0.01879	0.68891	0.07836
1.00000	0.00516	0.00375	0.02712	0.80490	0.00536	0.01293	0.00397	0.01293	0.11329	0.01058
1.00000	0.00604	0.00108	0.03887	0.86428	0.00176	0.03007	0.00196	0.00561	0.04831	0.00202
1.00000	0.00206	0.01044	0.04579	0.79559	0.00311	0.00900	0.00078	0.01185	0.11963	0.00173
1.00000	0.01578	0.00140	0.01018	0.01864	0.02204	0.01493	0.00968	0.83185	0.00920	0.06629
1.00000	0.37652	0.01638	0.14888	0.24003	0.01276	0.04226	0.09436	0.05121	0.00575	0.01185
1.00000	0.16605	0.00364	0.04341	0.01340	0.14795	0.07015	0.10196	0.05365	0.18129	0.21850
1.00000	0.27132	0.00522	0.09780	0.00396	0.16735	0.00970	0.15357	0.13635	0.01573	0.13899
1.00000	0.01564	0.00817	0.01671	0.42570	0.02809	0.04156	0.01635	0.02333	0.33273	0.09172
1.00000	0.00405	0.83412	0.01313	0.01149	0.00504	0.00563	0.00927	0.03895	0.06869	0.00964
1.00000	0.01749	0.05844	0.02313	0.56510	0.00404	0.15332	0.01555	0.02090	0.13010	0.01193
1.00000	0.00989	0.01296	0.00972	0.02326	0.12916	0.04563	0.07458	0.61999	0.00552	0.06928
1.00000	0.04271	0.00429	0.01199	0.13328	0.02095	0.58394	0.10776	0.00866	0.07041	0.01601
0.00000	0.06821	0.45395	0.06626	0.04579	0.00811	0.23121	0.03885	0.00931	0.07395	0.00436
1.00000	0.01582	0.02906	0.02284	0.05701	0.03722	0.06039	0.03091	0.03930	0.64734	0.06011
1.00000	0.00611	0.08290	0.01699	0.04510	0.03121	0.01151	0.00616	0.63872	0.02459	0.13671
1.00000	0.00821	0.00127	0.00562	0.11754	0.01595	0.01992	0.00873	0.11938	0.65336	0.05001
1.00000	0.00405	0.13549	0.02344	0.02278	0.43051	0.00830	0.04872	0.07426	0.08313	0.16933
1.00000	0.02291	0.03632	0.00984	0.15846	0.02065	0.57788	0.02327	0.00527	0.12975	0.01566
1.00000	0.03318	0.00438	0.06321	0.00196	0.77200	0.01993	0.03884	0.00740	0.01819	0.04090
1.00000	0.02756	0.00995	0.61187	0.02466	0.12781	0.00548	0.13183	0.01038	0.04092	0.00955
1.00000	0.00802	0.05469	0.00862	0.04107	0.06162	0.00886	0.01468	0.08071	0.30146	0.42027
1.00000	0.00763	0.79571	0.01442	0.01578	0.01017	0.00516	0.00485	0.08695	0.05132	0.00800
1.00000	0.00066	0.00926	0.01841	0.00629	0.61328	0.04137	0.02591	0.01478	0.00823	0.26182
1.00000	0.00543	0.05591	0.01361	0.11526	0.00625	0.02933	0.02632	0.02515	0.66661	0.05612
1.00000	0.00261	0.00491	0.00460	0.01407	0.12789	0.00587	0.00799	0.08904	0.06343	0.67958
1.00000	0.03401	0.01333	0.01510	0.12820	0.02620	0.32698	0.01002	0.10560	0.27929	0.06126
0.00000	0.00589	0.08370	0.03607	0.15248	0.16965	0.19374	0.04319	0.16462	0.02071	0.12994
1.00000	0.00242	0.00697	0.00312	0.01407	0.01567	0.00986	0.00679	0.01145	0.89576	0.03389
1.00000	0.01642	0.01001	0.12748	0.32168	0.01058	0.01568	0.06772	0.00638	0.41937	0.00467
1.00000	0.72160	0.00517	0.09344	0.03559	0.01134	0.02350	0.04540	0.00907	0.02838	0.02652
0.00000	0.00428	0.01758	0.07000	0.19376	0.08163	0.14908	0.31899	0.01861	0.10719	0.03887
1.00000	0.10185	0.01711	0.48009	0.18705	0.02979	0.01945	0.04831	0.00988	0.10207	0.00440
1.00000	0.05043	0.02371	0.02457	0.03860	0.04969	0.18323	0.49048	0.00385	0.10735	0.02810
1.00000	0.04803	0.02231	0.21838	0.09582	0.03734	0.01694	0.00634	0.47329	0.06282	0.01873
1.00000	0.00252	0.01511	0.02051	0.47635	0.02750	0.08954	0.03467	0.13733	0.13717	0.05931
1.00000	0.00105	0.00187	0.00566	0.02054	0.12203	0.00481	0.01380	0.08041	0.07828	0.67154
1.00000	0.00142	0.00079	0.81598	0.07142	0.00508	0.00107	0.02975	0.00402	0.06949	0.00098
1.00000	0.00375	0.02384	0.02005	0.05967	0.00888	0.01227	0.01176	0.02103	0.81291	0.02583
1.00000	0.03276	0.04827	0.01128	0.01743	0.09655	0.45646	0.14375	0.01129	0.07165	0.11056
0.00000	0.02939	0.00846	0.25743	0.11746	0.12194	0.03198	0.08125	0.15492	0.10787	0.08929
1.00000	0.00139	0.03805	0.00616	0.02636	0.10556	0.03266	0.00713	0.09180	0.06305	0.62784
1.00000	0.00523	0.00520	0.82949	0.05391	0.00356	0.00286	0.02238	0.04740	0.02260	0.00737
1.00000	0.01593	0.00338	0.11286	0.04178	0.06769	0.00290	0.63282	0.01955	0.05232	0.05078
1.00000	0.00265	0.00752	0.00982	0.00836	0.18501	0.00625	0.01251	0.10190	0.04584	0.62014
1.00000	0.00216	0.03088	0.59599	0.06597	0.07073	0.01134	0.09353	0.09831	0.01148	0.01960
1.00000	0.73170	0.00158	0.03843	0.04789	0.00621	0.03697	0.05876	0.00763	0.03177	0.03906
1.00000	0.01458	0.17009	0.05273	0.01672	0.09593	0.11258	0.42824	0.00749	0.06384	0.03779
0.00000	0.00976	0.00851	0.02326	0.18836	0.02185	0.01218	0.04034	0.04435	0.54534	0.10607
1.00000	0.81960	0.00171	0.00861	0.01547	0.02383	0.03510	0.07594	0.00209	0.01424	0.00342
1.00000	0.19744	0.02212	0.08939	0.00902	0.03113	0.16361	0.46777	0.00285	0.01062	0.00606
1.00000	0.36389	0.01127	0.05375	0.09795	0.02351	0.21179	0.06328	0.12960	0.01981	0.02515
1.00000	0.00892	0.05999	0.05002	0.62420	0.00589	0.08255	0.07754	0.01047	0.07398	0.00644
1.00000	0.00156	0.04590	0.70546	0.11152	0.00824	0.01208	0.03187	0.05722	0.01575	0.01040
1.00000	0.01186	0.00140	0.08082	0.00562	0.01440	0.00184	0.85812	0.00141	0.01482	0.00971
1.00000	0.00436	0.04937	0.01414	0.09714	0.11491	0.08949	0.02740	0.22855	0.03889	0.33574
1.00000	0.00158	0.01484	0.00698	0.02198	0.00432	0.00584	0.00120	0.85627	0.00606	0.08095
1.00000	0.00447	0.00130	0.01566	0.01134	0.17823	0.00457	0.02813	0.12406	0.03189	0.60035
1.00000	0.54831	0.00918	0.04885	0.08393	0.00865	0.09519	0.03364	0.04857	0.08932	0.03435
1.00000	0.03012	0.00116	0.01166	0.01790	0.10302	0.01172	0.01477	0.28460	0.08959	0.43545
0.00000	0.11384	0.01368	0.05269	0.44479	0.05980	0.03651	0.06404	0.01318	0.18306	0.01840
1.00000	0.02627	0.00162	0.04310	0.02265	0.06334	0.02265	0.01284	0.08823	0.58365	0.13565
1.00000	0.00335	0.00459	0.20218	0.00674	0.13124	0.00360	0.57918	0.02002	0.00572	0.04338
1.00000	0.00214	0.00099	0.00580	0.01992	0.05540	0.01243	0.01640	0.73306	0.01539	0.13848
1.00000	0.13994	0.00270	0.00630	0.16982	0.02909	0.48888	0.05544	0.00402	0.09737	0.00643
1.00000	0.59105	0.00258	0.03948	0.05916	0.01296	0.05810	0.11134	0.01247	0.08138	0.03147
1.00000	0.00968	0.85628	0.05087	0.00648	0.01189	0.00728	0.01347	0.02402	0.01608	0.00394
0.00000	0.24823	0.01796	0.05422	0.36119	0.00485	0.15153	0.06020	0.01715	0.06502	0.01967
1.00000	0.06288	0.00351	0.66285	0.01156	0.12094	0.00391	0.02156	0.04299	0.02704	0.04277
1.00000	0.04227	0.00287	0.00871	0.07889	0.00807	0.64079	0.02267	0.00250	0.18667	0.00657
1.00000	0.00520	0.00350	0.07717	0.01816	0.52323	0.00885	0.07706	0.08530	0.01909	0.18245
1.00000	0.00055	0.02160	0.02378	0.01737	0.13683	0.00570	0.02951	0.64320	0.00700	0.11445
1.00000	0.01187	0.00660	0.30206	0.24698	0.00432	0.02620	0.04793	0.13644	0.19814	0.01946
1.00000	0.00403	0.00549	0.05777	0.16203	0.04229	0.01502	0.04097	0.02455	0.59077	0.05709
1.00000	0.00950	0.00161	0.01978	0.00464	0.01004	0.00597	0.91321	0.00055	0.01992	0.01480
1.00000	0.03027	0.00569	0.09761	0.01988	0.09451	0.00270	0.44617	0.01045	0.17545	0.11727
1.00000	0.00167	0.94472	0.00963	0.00213	0.00335	0.00215	0.00356	0.02466	0.00444	0.00370
0.00000	0.47930	0.01951	0.22936	0.10421	0.01239	0.05154	0.02781	0.01895	0.04096	0.01597
1.00000	0.00230	0.01555	0.00878	0.02092	0.00234	0.00457	0.00067	0.88036	0.01106	0.05346
1.00000	0.00687	0.01023	0.52847	0.03726	0.12763	0.00193	0.10082	0.07559	0.03792	0.07328
0.00000	0.08417	0.00767	0.19601	0.27172	0.03169	0.01919	0.06372	0.00465	0.29981	0.02137
1.00000	0.10817	0.00502	0.06465	0.19849	0.01899	0.34686	0.06256	0.02226	0.12979	0.04321
1.00000	0.00186	0.00252	0.00315	0.00551	0.00273	0.00936	0.00040	0.84618	0.01798	0.11030
1.00000	0.06432	0.01108	0.03221	0.10720	0.04488	0.03448	0.57760	0.01346	0.06978	0.04498
1.00000	0.74055	0.00120	0.11349	0.05453	0.00269	0.01395	0.04703	0.00468	0.01382	0.00805
1.00000	0.00947	0.01796	0.02445	0.65271	0.02164	0.10707	0.02192	0.00935	0.10393	0.03152
1.00000	0.00118	0.00404	0.00594	0.00883	0.50840	0.00333	0.02356	0.06375	0.03482	0.34614
1.00000	0.00221	0.01418	0.85186	0.02518	0.04559	0.00355	0.04607	0.00168	0.00836	0.00133
1.00000	0.06112	0.00556	0.02907	0.01345	0.40248	0.01724	0.11394	0.02373	0.13825	0.19516
1.00000	0.02456	0.02842	0.04068	0.26571	0.01624	0.41084	0.01978	0.01664	0.16361	0.01352
1.00000	0.00741	0.65477	0.02643	0.02778	0.01518	0.03050	0.09763	0.02188	0.10153	0.01687
1.00000	0.00210	0.04571	0.03595	0.03144	0.28278	0.04541	0.01016	0.35446	0.03087	0.16113
1.00000	0.00471	0.00602	0.19297	0.08664	0.06005	0.02296	0.08848	0.03631	0.46352	0.03834
1.00000	0.57333	0.01056	0.10514	0.02247	0.04452	0.03213	0.17910	0.00499	0.00710	0.02065
1.00000	0.00388	0.82400	0.01525	0.03019	0.01033	0.00852	0.01606	0.04163	0.02921	0.02091
1.00000	0.01197	0.00380	0.08195	0.00792	0.78214	0.01715	0.03997	0.01669	0.00421	0.03421
1.00000	0.00154	0.00307	0.01501	0.01682	0.61925	0.00542	0.05539	0.14784	0.00732	0.12835
1.00000	0.05527	0.02406	0.00999	0.05473	0.04670	0.50131	0.01527	0.02505	0.21295	0.05467
1.00000	0.00419	0.00234	0.00341	0.04521	0.02267	0.39669	0.00393	0.22938	0.23681	0.05537
1.00000	0.00200	0.00281	0.02101	0.01609	0.19425	0.00987	0.01660	0.05509	0.04641	0.63587
1.00000	0.48276	0.01173	0.10807	0.06891	0.05566	0.01967	0.13119	0.02140	0.03408	0.06655
1.00000	0.01046	0.01594	0.86702	0.01454	0.02049	0.00189	0.03083	0.00328	0.03281	0.00274
1.00000	0.00665	0.50880	0.03042	0.09608	0.02820	0.01728	0.03404	0.05940	0.17542	0.04372
1.00000	0.01434	0.00299	0.06104	0.01042	0.53290	0.00669	0.14609	0.06845	0.03925	0.11784
1.00000	0.70437	0.00217	0.03042	0.01511	0.06228	0.02603	0.05367	0.03244	0.01800	0.05552
1.00000	0.00129	0.00075	0.00345	0.00627	0.00527	0.00449	0.00258	0.90803	0.00608	0.06178
1.00000	0.01066	0.03905	0.07202	0.04952	0.08858	0.00757	0.13575	0.09751	0.36844	0.13090
0.00000	0.05627	0.00253	0.00512	0.20754	0.10277	0.13533	0.03175	0.09201	0.11544	0.25125
1.00000	0.01523	0.28757	0.02980	0.05072	0.03823	0.06200	0.00596	0.12019	0.29559	0.09474
1.00000	0.00421	0.02507	0.09374	0.01720	0.17746	0.02286	0.03277	0.01876	0.12190	0.48605
0.00000	0.08338	0.00651	0.01852	0.30335	0.08455	0.21211	0.03767	0.01556	0.19087	0.04748
0.00000	0.01110	0.08387	0.04500	0.19705	0.04992	0.08495	0.10345	0.04487	0.30034	0.07945
1.00000	0.00214	0.00346	0.03044	0.00592	0.73602	0.00508	0.05290	0.02467	0.01094	0.12844
1.00000	0.00100	0.00608	0.03117	0.07216	0.09360	0.00552	0.02788	0.59235	0.01898	0.15126
1.00000	0.00839	0.77401	0.01694	0.03087	0.01410	0.00545	0.00763	0.09059	0.03193	0.02009
1.00000	0.00379	0.00125	0.01212	0.00980	0.03276	0.03375	0.00491	0.77698	0.03639	0.08824
1.00000	0.00459	0.09463	0.07150	0.05358	0.01159	0.00718	0.00260	0.56282	0.06857	0.12294
1.00000	0.01279	0.10813	0.50681	0.17380	0.01122	0.01474	0.07805	0.02821	0.06328	0.00297
1.00000	0.00073	0.00186	0.95980	0.02180	0.00117	0.00043	0.00633	0.00393	0.00354	0.00040
1.00000	0.00236	0.93830	0.00761	0.00377	0.00247	0.00311	0.00299	0.02643	0.00636	0.00660
1.00000	0.00799	0.86233	0.00944	0.01032	0.00960	0.00353	0.00478	0.05137	0.03308	0.00756
1.00000	0.00599	0.00191	0.00838	0.01184	0.16025	0.02451	0.01738	0.02532	0.06102	0.68340
1.00000	0.00165	0.95519	0.00578	0.00137	0.00438	0.00377	0.00234	0.02128	0.00086	0.00338
1.00000	0.45257	0.00594	0.06687	0.01078	0.07528	0.03197	0.17410	0.07583	0.01306	0.09360
1.00000	0.00243	0.00324	0.00538	0.01914	0.00628	0.00848	0.01443	0.00482	0.89881	0.03698
1.00000	0.61097	0.00318	0.03764	0.03048	0.02264	0.06014	0.14089	0.01362	0.04432	0.03612
1.00000	0.00283	0.00200	0.03202	0.00529	0.83935	0.00347	0.02911	0.00661	0.00316	0.07617
1.00000	0.00114	0.09426	0.02096	0.05462	0.44255	0.01250	0.06227	0.02019	0.06652	0.22499
1.00000	0.05910	0.01165	0.60170	0.10425	0.04371	0.01470	0.12989	0.00510	0.02195	0.00795
1.00000	0.01709	0.00123	0.03620	0.80711	0.00439	0.02846	0.00644	0.01452	0.07725	0.00730
1.00000	0.00112	0.01604	0.01250	0.03944	0.00334	0.01056	0.00143	0.87800	0.00823	0.02934
1.00000	0.78228	0.00142	0.05601	0.03201	0.00470	0.04858	0.04757	0.00821	0.00648	0.01274
1.00000	0.00480	0.00070	0.03584	0.00148	0.01031	0.00532	0.92309	0.00032	0.00969	0.00844
1.00000	0.00109	0.00275	0.02410	0.02036	0.62729	0.01663	0.02897	0.02617	0.02248	0.23017
1.00000	0.00203	0.01919	0.01941	0.09512	0.00767	0.00471	0.00139	0.73230	0.03776	0.08041
1.00000	0.04009	0.04258	0.22244	0.17966	0.07999	0.00952	0.01490	0.03780	0.34685	0.02616
1.00000	0.00482	0.89512	0.00782	0.00425	0.00730	0.00503	0.00415	0.03831	0.02326	0.00995
1.00000	0.01360	0.13527	0.05183	0.28362	0.03026	0.04851	0.01508	0.06142	0.26436	0.09606
0.00000	0.00513	0.02425	0.02012	0.40031	0.00574	0.01510	0.00475	0.07140	0.40598	0.04722
1.00000	0.00893	0.02924	0.76993	0.07140	0.02213	0.01435	0.02359	0.00398	0.05462	0.00183
1.00000	0.00972	0.01367	0.77088	0.02424	0.01090	0.01077	0.14463	0.00219	0.01001	0.00298
0.00000	0.04075	0.00818	0.20662	0.24222	0.01308	0.01821	0.05017	0.02953	0.37067	0.02057
1.00000	0.65222	0.00268	0.05687	0.07966	0.00662	0.03515	0.11809	0.00480	0.03221	0.01169
1.00000	0.00336	0.00184	0.81444	0.02639	0.03752	0.00269	0.08309	0.00522	0.02097	0.00448
1.00000	0.02105	0.00582	0.03298	0.86861	0.00142	0.04590	0.00436	0.00356	0.01429	0.00199
1.00000	0.02256	0.01206	0.04275	0.11406	0.03112	0.07592	0.08056	0.02704	0.53364	0.06029
1.00000	0.05948	0.00076	0.16291	0.00419	0.01541	0.01244	0.73386	0.00443	0.00303	0.00349
1.00000	0.00125	0.00952	0.02638	0.01604	0.07434	0.02191	0.01101	0.05483	0.08635	0.69837
0.00000	0.00778	0.10113	0.02415	0.14130	0.05040	0.07600	0.00641	0.24279	0.19197	0.15806
1.00000	0.00093	0.02416	0.15160	0.04115	0.15261	0.00759	0.53877	0.02080	0.02720	0.03519
1.00000	0.01172	0.01759	0.04345	0.06794	0.02122	0.03460	0.01203	0.02446	0.73748	0.02952
1.00000	0.01497	0.00228	0.07125	0.19450	0.00516	0.54424	0.04230	0.00478	0.11882	0.00170
0.00000	0.00647	0.07409	0.16266	0.05796	0.11151	0.03034	0.21456	0.01271	0.26232	0.06738
1.00000	0.01283	0.00969	0.09207	0.01470	0.16721	0.01417	0.08164	0.01881	0.04415	0.54474
1.00000	0.00168	0.05916	0.00562	0.00798	0.06873	0.04218	0.00515	0.67597	0.00582	0.12771
1.00000	0.01160	0.23958	0.46396	0.09904	0.00760	0.00945	0.10093	0.01343	0.05039	0.00401
1.00000	0.00041	0.00213	0.00330	0.00486	0.00707	0.00619	0.00073	0.93798	0.00232	0.03500
1.00000	0.02376	0.01141	0.03777	0.02181	0.01902	0.00409	0.02128	0.02365	0.79066	0.04654
0.00000	0.00477	0.00489	0.00611	0.28299	0.01650	0.06997	0.00372	0.07091	0.41524	0.12489
1.00000	0.05045	0.00497	0.03947	0.25358	0.01132	0.39835	0.07370	0.00640	0.15233	0.00943
0.00000	0.26747	0.03088	0.07654	0.03826	0.05090	0.04766	0.28988	0.03525	0.12102	0.04215
0.00000	0.01449	0.08897	0.30010	0.12461	0.03659	0.00194	0.00578	0.16935	0.20836	0.04981
1.00000	0.00143	0.00525	0.00554	0.01216	0.61759	0.01838	0.01331	0.01232	0.01511	0.29891
1.00000	0.02376	0.00275	0.05694	0.02026	0.12750	0.00623	0.06489	0.06616	0.05660	0.57491
1.00000	0.01517	0.05715	0.10299	0.50485	0.05892	0.13828	0.01628	0.00907	0.08684	0.01044
1.00000	0.05344	0.00275	0.00686	0.26444	0.02366	0.48282	0.01212	0.00699	0.13651	0.01040
1.00000	0.00899	0.00173	0.01975	0.00952	0.69662	0.02850	0.04907	0.07434	0.03035	0.08115
1.00000	0.03009	0.01632	0.20557	0.31770	0.02352	0.02489	0.15427	0.00580	0.20844	0.01340
1.00000	0.60658	0.00729	0.06818	0.12403	0.01359	0.02947	0.06777	0.00756	0.05250	0.02303
1.00000	0.00478	0.01676	0.58681	0.30696	0.00200	0.00883	0.01924	0.01493	0.03823	0.00146
0.00000	0.05514	0.02713	0.32514	0.02252	0.16846	0.00901	0.11629	0.06367	0.01190	0.20072
1.00000	0.09330	0.03045	0.05636	0.54064	0.02297	0.05753	0.05782	0.01494	0.11364	0.01235
1.00000	0.00152	0.94711	0.01032	0.00245	0.00480	0.00211	0.00433	0.01672	0.00513	0.00552
1.00000	0.06495	0.00591	0.10415	0.03653	0.02061	0.07370	0.65112	0.00427	0.02793	0.01084
1.00000	0.00165	0.00202	0.00179	0.01233	0.10632	0.00975	0.00498	0.07235	0.05741	0.73139
1.00000	0.00145	0.74631	0.02037	0.03065	0.02554	0.00755	0.01850	0.06571	0.03486	0.04907
1.00000	0.00144	0.01274	0.00286	0.03271	0.06432	0.01027	0.00379	0.23647	0.10855	0.52685
1.00000	0.02675	0.02506	0.07233	0.73609	0.00485	0.02867	0.02813	0.00426	0.06658	0.00728
0.00000	0.39524	0.03110	0.25861	0.11804	0.00690	0.07470	0.04716	0.03670	0.01979	0.01174
1.00000	0.00813	0.00298	0.09705	0.00758	0.52581	0.00731	0.14910	0.04063	0.01575	0.14567
1.00000	0.00177	0.00248	0.00556	0.00806	0.56997	0.02963	0.01398	0.03238	0.00516	0.33100
1.00000	0.02738	0.03325	0.10671	0.66183	0.00310	0.02116	0.00902	0.04629	0.08551	0.00575
1.00000	0.62593	0.00826	0.02634	0.05003	0.02914	0.12160	0.04775	0.03647	0.02043	0.03405
1.00000	0.01704	0.00320	0.10154	0.01378	0.62553	0.02612	0.08246	0.03598	0.01335	0.08100
1.00000	0.04306	0.00757	0.02782	0.00467	0.55293	0.03642	0.11044	0.03156	0.02362	0.16190
1.00000	0.01731	0.75694	0.03927	0.02135	0.01344	0.02193	0.00614	0.06320	0.05102	0.00940
1.00000	0.03649	0.00282	0.01656	0.45156	0.01615	0.06167	0.03313	0.05809	0.21388	0.10965
1.00000	0.31556	0.00456	0.18161	0.12890	0.03474	0.02260	0.14383	0.02274	0.07705	0.06841
1.00000	0.00077	0.00347	0.00626	0.01304	0.11133	0.02148	0.00965	0.02566	0.03658	0.77175
1.00000	0.00300	0.00671	0.00665	0.02297	0.18708	0.00780	0.01069	0.02168	0.10806	0.62535
1.00000	0.00950	0.19716	0.08721	0.01695	0.03443	0.06769	0.49770	0.00313	0.06267	0.02356
1.00000	0.00751	0.03296	0.06652	0.07834	0.00516	0.01853	0.05477	0.00210	0.70746	0.02666
1.00000	0.00801	0.06017	0.47071	0.23679	0.02713	0.01467	0.04546	0.08628	0.04441	0.00639
1.00000	0.00660	0.05045	0.01572	0.15787	0.06762	0.17662	0.06457	0.09595	0.12043	0.24416
1.00000	0.00225	0.16449	0.01231	0.02217	0.18236	0.02379	0.00865	0.41624	0.01666	0.15107
0.00000	0.08922	0.01630	0.08995	0.29547	0.00837	0.27974	0.08548	0.00255	0.13035	0.00256
1.00000	0.00300	0.00997	0.13097	0.13790	0.08014	0.01118	0.12323	0.22840	0.11977	0.15546
1.00000	0.01035	0.07386	0.01280	0.04881	0.01340	0.01956	0.00974	0.01316	0.74242	0.05590
1.00000	0.01767	0.02233	0.03285	0.03497	0.13408	0.02506	0.07203	0.08426	0.21557	0.36118
1.00000	0.01519	0.00225	0.63126	0.06463	0.05928	0.00596	0.02952	0.00529	0.16318	0.02342
1.00000	0.09770	0.03836	0.02078	0.00881	0.13144	0.57443	0.03826	0.00769	0.06254	0.01998
1.00000	0.00551	0.00127	0.86643	0.06163	0.02056	0.00174	0.02261	0.00659	0.00661	0.00704
1.00000	0.07140	0.00383	0.05452	0.68189	0.00466	0.05945	0.03012	0.02385	0.05480	0.01549
1.00000	0.02213	0.00574	0.06338	0.02602	0.03999	0.11989	0.07652	0.03483	0.55043	0.06107
0.00000	0.00632	0.00585	0.18822	0.24170	0.02431	0.00533	0.03972	0.00893	0.44570	0.03392
1.00000	0.00930	0.00519	0.04553	0.61028	0.00540	0.01709	0.02708	0.03476	0.20738	0.03799
1.00000	0.00120	0.00535	0.02843	0.02355	0.11576	0.01545	0.01533	0.05126	0.11892	0.62475
1.00000	0.00119	0.00367	0.05405	0.00756	0.01391	0.00618	0.89148	0.00132	0.01172	0.00892
1.00000	0.00089	0.03237	0.01201	0.03891	0.01355	0.00773	0.00219	0.78637	0.00945	0.09653
1.00000	0.80998	0.00151	0.02181	0.03130	0.01093	0.03957	0.07083	0.00245	0.00443	0.00718
1.00000	0.83184	0.00185	0.01942	0.03236	0.00190	0.07444	0.02221	0.00825	0.00238	0.00535
1.00000	0.01837	0.02220	0.04146	0.04216	0.19042	0.41083	0.08167	0.07472	0.05690	0.06127
1.00000	0.00746	0.02548	0.70652	0.08055	0.00321	0.00339	0.15195	0.00461	0.01469	0.00214
1.00000	0.02622	0.00814	0.20856	0.64241	0.00378	0.01422	0.01820	0.01502	0.05986	0.00360
1.00000	0.00552	0.00478	0.49682	0.10704	0.03657	0.00961	0.11439	0.06509	0.09944	0.06075
1.00000	0.00857	0.00717	0.00738	0.00977	0.04406	0.66420	0.02214	0.01271	0.19185	0.03217
1.00000	0.00254	0.69543	0.02396	0.05913	0.02786	0.03891	0.05396	0.03076	0.03645	0.03099
1.00000	0.55184	0.01118	0.09043	0.02117	0.03914	0.00694	0.14446	0.01747	0.02781	0.08957
1.00000	0.01551	0.03099	0.24365	0.24247	0.00796	0.00544	0.00914	0.35010	0.08191	0.01283
1.00000	0.00712	0.02065	0.04515	0.02776	0.03593	0.02188	0.05092	0.00431	0.77434	0.01194
0.00000	0.00222	0.05556	0.02435	0.01704	0.27017	0.01276	0.05971	0.03933	0.05694	0.46192
1.00000	0.07023	0.00378	0.05132	0.00868	0.39023	0.02465	0.11710	0.04685	0.05270	0.23445
0.00000	0.00488	0.01603	0.25597	0.18232	0.00682	0.00634	0.02051	0.01868	0.47795	0.01052
1.00000	0.00641	0.06477	0.63838	0.05214	0.03687	0.00730	0.11808	0.01167	0.06150	0.00288
1.00000	0.00115	0.04994	0.06618	0.20137	0.07856	0.08901	0.03954	0.09380	0.27359	0.10685
