1.00000	0.00545	0.91851	0.02871	0.00756	0.01844	0.00180	0.00318	0.00336	0.00512	0.00788
1.00000	0.00016	0.00022	0.00070	0.00465	0.02030	0.00024	0.00013	0.96495	0.00114	0.00750
1.00000	0.95254	0.00072	0.01007	0.00370	0.00040	0.01801	0.00444	0.00455	0.00162	0.00395
1.00000	0.03776	0.01694	0.00412	0.06293	0.02614	0.72736	0.01013	0.01139	0.07689	0.02634
1.00000	0.00147	0.00220	0.00069	0.00504	0.90594	0.00445	0.00266	0.02468	0.00201	0.05085
1.00000	0.00984	0.01979	0.00852	0.00629	0.14929	0.02657	0.01255	0.47270	0.02852	0.26592
1.00000	0.02802	0.00974	0.00057	0.04013	0.00057	0.87852	0.02534	0.00136	0.00770	0.00805
1.00000	0.18193	0.01790	0.40032	0.06602	0.14665	0.01097	0.16365	0.00692	0.00390	0.00174
0.00000	0.00269	0.00196	0.02628	0.03526	0.15760	0.02384	0.00107	0.10210	0.01943	0.62978
0.00000	0.04442	0.03913	0.01189	0.03198	0.38155	0.07933	0.04173	0.03207	0.08204	0.25584
1.00000	0.00673	0.78783	0.01609	0.01262	0.03991	0.00509	0.01229	0.06535	0.04492	0.00916
1.00000	0.00149	0.00005	0.96103	0.00023	0.00141	0.00099	0.03292	0.00034	0.00131	0.00022
1.00000	0.00182	0.03156	0.00196	0.01979	0.80173	0.01114	0.00988	0.00545	0.00213	0.11455
1.00000	0.00775	0.89579	0.00745	0.00294	0.01705	0.00117	0.00430	0.04712	0.00745	0.00899
1.00000	0.00263	0.72836	0.06765	0.00895	0.02300	0.00973	0.00298	0.11643	0.03663	0.00364
1.00000	0.00934	0.01538	0.08063	0.19360	0.14701	0.12249	0.03724	0.14661	0.12544	0.12226
1.00000	0.00341	0.93282	0.00435	0.00233	0.02021	0.00174	0.00270	0.02528	0.00316	0.00399
1.00000	0.01138	0.00266	0.03561	0.05457	0.00634	0.14413	0.72607	0.00676	0.00777	0.00471
1.00000	0.00011	0.00015	0.00024	0.00069	0.97458	0.00286	0.00042	0.00048	0.00035	0.02011
1.00000	0.00111	0.00300	0.00530	0.03055	0.11651	0.00990	0.00472	0.06775	0.04861	0.71254
1.00000	0.01258	0.00128	0.01118	0.91924	0.00220	0.02950	0.00429	0.00349	0.01442	0.00183
1.00000	0.00219	0.00095	0.00170	0.01186	0.80789	0.00923	0.00405	0.00650	0.01635	0.13927
1.00000	0.00104	0.00028	0.00021	0.00117	0.05405	0.00237	0.00029	0.00609	0.00135	0.93315
1.00000	0.11235	0.01463	0.05997	0.25417	0.03239	0.02036	0.01854	0.00747	0.41332	0.06680
1.00000	0.00069	0.00200	0.00325	0.00258	0.04912	0.00856	0.00025	0.01734	0.08624	0.82997
1.00000	0.56296	0.01998	0.12246	0.03622	0.00531	0.08534	0.08586	0.00625	0.07060	0.00503
1.00000	0.00279	0.00045	0.00290	0.00410	0.02013	0.01165	0.00027	0.71197	0.03652	0.20922
1.00000	0.20654	0.00275	0.03890	0.00451	0.00613	0.00456	0.71361	0.00241	0.01604	0.00455
1.00000	0.07996	0.03652	0.08061	0.01377	0.08135	0.18768	0.03666	0.03208	0.40752	0.04384
1.00000	0.02145	0.00017	0.03561	0.00018	0.00527	0.00033	0.93326	0.00213	0.00051	0.00110
1.00000	0.02826	0.36451	0.06585	0.04865	0.05746	0.02117	0.00513	0.09208	0.28498	0.03190
1.00000	0.08513	0.00413	0.01380	0.82095	0.00490	0.03576	0.00091	0.00227	0.03173	0.00042
1.00000	0.00379	0.84278	0.01753	0.00473	0.00260	0.00982	0.00883	0.01199	0.08732	0.01059
1.00000	0.08182	0.00538	0.05069	0.00861	0.51703	0.03454	0.05166	0.02156	0.07805	0.15066
1.00000	0.00092	0.00022	0.00618	0.00036	0.00525	0.00149	0.97389	0.00081	0.00961	0.00127
1.00000	0.01042	0.03701	0.78207	0.02212	0.03394	0.02520	0.03366	0.00447	0.03074	0.02036
1.00000	0.00090	0.00121	0.00719	0.01805	0.10436	0.29501	0.00657	0.03306	0.44180	0.09186
1.00000	0.88081	0.00304	0.02707	0.03451	0.00915	0.01253	0.01078	0.01522	0.00357	0.00332
1.00000	0.00581	0.05057	0.00863	0.02332	0.51130	0.03539	0.00556	0.02153	0.00652	0.33138
1.00000	0.00852	0.00176	0.43616	0.07986	0.00480	0.00840	0.09779	0.05780	0.22122	0.08368
1.00000	0.15407	0.00125	0.03424	0.44983	0.00250	0.18947	0.05989	0.00611	0.09852	0.00411
1.00000	0.00270	0.00134	0.93837	0.02943	0.00211	0.00681	0.00836	0.00330	0.00660	0.00099
1.00000	0.97520	0.00037	0.00064	0.00993	0.00140	0.00500	0.00301	0.00354	0.00067	0.00024
1.00000	0.00216	0.00473	0.02736	0.02213	0.24816	0.02607	0.00393	0.01919	0.01133	0.63493
1.00000	0.05690	0.03019	0.54725	0.19581	0.00957	0.02297	0.01896	0.01172	0.10548	0.00117
1.00000	0.00283	0.92034	0.01641	0.00606	0.03256	0.00227	0.00267	0.00956	0.00398	0.00333
1.00000	0.00819	0.02174	0.15019	0.65709	0.01163	0.02292	0.00176	0.07150	0.03556	0.01941
1.00000	0.01285	0.03787	0.03044	0.69077	0.02631	0.03686	0.00469	0.08230	0.05393	0.02397
0.00000	0.00357	0.00440	0.00704	0.62925	0.01173	0.02586	0.00069	0.01446	0.27311	0.02988
1.00000	0.05815	0.00249	0.03496	0.16814	0.01802	0.63704	0.01268	0.03901	0.00828	0.02124
1.00000	0.07564	0.00884	0.03681	0.01288	0.38246	0.03133	0.06836	0.07205	0.23678	0.07484
1.00000	0.02504	0.00132	0.00730	0.04057	0.00446	0.06714	0.83426	0.00064	0.00171	0.01756
1.00000	0.00361	0.02006	0.04517	0.02070	0.01028	0.00158	0.00470	0.79094	0.04851	0.05444
1.00000	0.07474	0.02779	0.00780	0.01428	0.08780	0.05746	0.00450	0.65536	0.02405	0.04624
1.00000	0.04630	0.00389	0.00391	0.14033	0.00503	0.71060	0.00944	0.00455	0.05373	0.02224
1.00000	0.00165	0.02774	0.00988	0.01076	0.23419	0.00673	0.00242	0.03875	0.01032	0.65756
1.00000	0.00101	0.00123	0.00555	0.00095	0.88480	0.00382	0.00706	0.00856	0.00517	0.08186
1.00000	0.00695	0.00146	0.00783	0.00612	0.65496	0.02928	0.02097	0.11080	0.00723	0.15440
1.00000	0.82176	0.01139	0.01280	0.02265	0.00213	0.02530	0.06570	0.01127	0.02180	0.00520
1.00000	0.05813	0.00258	0.00578	0.01626	0.04686	0.07667	0.03453	0.02368	0.44478	0.29074
1.00000	0.01172	0.00139	0.00843	0.05440	0.06420	0.59605	0.15551	0.00609	0.03232	0.06988
1.00000	0.60785	0.00613	0.01470	0.03211	0.01121	0.11405	0.05536	0.11601	0.01349	0.02909
1.00000	0.02053	0.00155	0.00111	0.00578	0.55111	0.11101	0.01958	0.04385	0.02905	0.21646
1.00000	0.00027	0.00048	0.00102	0.00320	0.05730	0.00352	0.00190	0.04470	0.02437	0.86324
1.00000	0.00057	0.00067	0.00375	0.02863	0.00287	0.00794	0.00078	0.95107	0.00043	0.00329
1.00000	0.00966	0.00159	0.00333	0.00473	0.11538	0.02149	0.00271	0.81953	0.00437	0.01720
1.00000	0.08496	0.00609	0.03121	0.03312	0.06798	0.07531	0.04494	0.10100	0.03662	0.51877
1.00000	0.00265	0.00152	0.00229	0.09306	0.01661	0.00462	0.00107	0.79435	0.05724	0.02659
1.00000	0.00205	0.00050	0.00043	0.02488	0.08022	0.00452	0.00026	0.11041	0.00796	0.76876
1.00000	0.12128	0.00954	0.10073	0.03152	0.04519	0.03320	0.52192	0.09276	0.03323	0.01063
1.00000	0.81036	0.00088	0.02887	0.04790	0.00262	0.04655	0.03484	0.02153	0.00388	0.00258
1.00000	0.06874	0.00706	0.00331	0.14782	0.07467	0.53886	0.02796	0.01038	0.01309	0.10810
1.00000	0.00258	0.00645	0.00020	0.05581	0.01704	0.78257	0.00259	0.06678	0.02774	0.03823
1.00000	0.08334	0.00847	0.09928	0.01938	0.07620	0.01878	0.58639	0.05507	0.01749	0.03560
1.00000	0.00986	0.02261	0.05014	0.00169	0.03823	0.22343	0.62341	0.00196	0.02272	0.00595
1.00000	0.01949	0.05070	0.10829	0.01915	0.08655	0.57063	0.01425	0.03588	0.07980	0.01527
1.00000	0.00439	0.01206	0.00544	0.04257	0.04846	0.00632	0.00344	0.42101	0.13710	0.31921
1.00000	0.38447	0.03934	0.03007	0.05845	0.03889	0.14483	0.01646	0.22810	0.02343	0.03595
1.00000	0.00093	0.00034	0.00121	0.00178	0.01801	0.00777	0.00025	0.95772	0.00286	0.00915
1.00000	0.02772	0.00684	0.00914	0.00468	0.04503	0.69756	0.00137	0.08520	0.07939	0.04307
1.00000	0.00039	0.00113	0.00655	0.00632	0.09271	0.00718	0.00087	0.04490	0.02447	0.81548
1.00000	0.00103	0.00757	0.01821	0.00917	0.62415	0.01593	0.08747	0.03320	0.02926	0.17400
1.00000	0.00544	0.00470	0.01454	0.00902	0.87414	0.05553	0.00349	0.01403	0.00118	0.01792
1.00000	0.00377	0.00032	0.00147	0.00385	0.16678	0.00107	0.00132	0.01131	0.01375	0.79636
1.00000	0.00312	0.00067	0.97456	0.01003	0.00357	0.00023	0.00249	0.00053	0.00468	0.00012
1.00000	0.97483	0.00006	0.00324	0.00437	0.00005	0.01218	0.00249	0.00055	0.00207	0.00016
1.00000	0.06521	0.00250	0.71852	0.01423	0.01788	0.06449	0.08022	0.00682	0.02115	0.00898
0.00000	0.00179	0.00059	0.00119	0.00193	0.07701	0.00233	0.00055	0.41311	0.00345	0.49803
1.00000	0.00433	0.87805	0.01099	0.00532	0.01083	0.00468	0.00350	0.04543	0.02352	0.01335
1.00000	0.02954	0.03717	0.05405	0.49948	0.00829	0.18262	0.02072	0.03511	0.09838	0.03464
1.00000	0.00289	0.00563	0.94247	0.00196	0.00676	0.00384	0.01483	0.00155	0.01754	0.00254
1.00000	0.82307	0.00490	0.03293	0.03785	0.02771	0.01230	0.01458	0.02312	0.01290	0.01064
1.00000	0.04749	0.00089	0.05861	0.01512	0.00342	0.02367	0.84860	0.00044	0.00112	0.00063
1.00000	0.00270	0.82725	0.03394	0.00800	0.03450	0.00327	0.00708	0.01562	0.05878	0.00886
1.00000	0.00208	0.00234	0.00147	0.01342	0.00290	0.00067	0.00099	0.93932	0.01306	0.02375
1.00000	0.01385	0.00140	0.01499	0.00874	0.24512	0.04867	0.00294	0.56363	0.03327	0.06738
0.00000	0.09448	0.00163	0.00413	0.01706	0.39538	0.02923	0.00263	0.17249	0.01560	0.26737
0.00000	0.00453	0.00134	0.00041	0.00170	0.11907	0.00527	0.00165	0.09332	0.07582	0.69690
1.00000	0.03830	0.00473	0.00879	0.00366	0.70952	0.00452	0.06547	0.05916	0.02154	0.08430
1.00000	0.00084	0.00005	0.00024	0.00937	0.00262	0.00072	0.00027	0.95293	0.00083	0.03211
1.00000	0.01337	0.06430	0.02608	0.00338	0.11407	0.04630	0.04589	0.46101	0.05603	0.16957
0.00000	0.00540	0.00177	0.05610	0.00191	0.46340	0.00964	0.41201	0.01376	0.01828	0.01771
1.00000	0.00021	0.00078	0.00364	0.00082	0.00013	0.00162	0.00013	0.00073	0.99032	0.00162
0.00000	0.03818	0.01221	0.05392	0.03843	0.42922	0.02572	0.12784	0.15708	0.02121	0.09618
1.00000	0.17869	0.00387	0.28264	0.23429	0.01552	0.07793	0.06678	0.00467	0.13016	0.00546
1.00000	0.00385	0.00234	0.00034	0.00904	0.00043	0.86948	0.01211	0.00063	0.10040	0.00137
1.00000	0.01967	0.00778	0.02853	0.01574	0.74183	0.03288	0.03121	0.01981	0.01115	0.09140
1.00000	0.08299	0.05179	0.04294	0.72045	0.02192	0.04451	0.00367	0.01620	0.01146	0.00407
1.00000	0.00068	0.00029	0.00050	0.00075	0.80335	0.05180	0.00131	0.00657	0.00282	0.13193
1.00000	0.00026	0.00011	0.00058	0.00404	0.00345	0.00025	0.00007	0.95341	0.00440	0.03342
0.00000	0.21196	0.02990	0.07023	0.06876	0.03633	0.21700	0.12214	0.12021	0.02083	0.10263
1.00000	0.03130	0.00273	0.03127	0.02666	0.00884	0.00657	0.00699	0.00537	0.84572	0.03454
1.00000	0.00107	0.00839	0.00549	0.00755	0.00165	0.01098	0.00150	0.09058	0.83554	0.03726
1.00000	0.00198	0.01560	0.00471	0.00258	0.02736	0.00472	0.00454	0.84086	0.02049	0.07716
1.00000	0.02186	0.82625	0.01405	0.01398	0.01441	0.00607	0.00385	0.06763	0.01282	0.01909
1.00000	0.04042	0.00688	0.04563	0.64916	0.00108	0.17280	0.00613	0.02980	0.03986	0.00823
1.00000	0.02710	0.00034	0.05373	0.00124	0.01770	0.00789	0.88452	0.00414	0.00061	0.00273
1.00000	0.00191	0.00047	0.00080	0.00507	0.12097	0.00457	0.00051	0.05804	0.00922	0.79844
1.00000	0.00463	0.78979	0.03297	0.00451	0.06429	0.00991	0.00564	0.03023	0.03070	0.02733
1.00000	0.00085	0.00102	0.00117	0.02908	0.01807	0.00246	0.00026	0.92648	0.00279	0.01782
1.00000	0.00190	0.00224	0.05011	0.01573	0.72286	0.02188	0.03557	0.02061	0.00825	0.12086
0.00000	0.02425	0.01593	0.20365	0.07296	0.32296	0.05657	0.14756	0.09121	0.04681	0.01809
0.00000	0.06777	0.03741	0.30193	0.29041	0.02440	0.10539	0.05650	0.06335	0.05009	0.00276
1.00000	0.86357	0.00285	0.00127	0.00447	0.04212	0.01822	0.04321	0.00657	0.01615	0.00156
1.00000	0.01985	0.02786	0.00678	0.08540	0.11840	0.33431	0.00971	0.23156	0.04724	0.11890
1.00000	0.02371	0.00373	0.02520	0.71482	0.00084	0.12961	0.01628	0.04097	0.02717	0.01767
1.00000	0.11899	0.00141	0.64766	0.00481	0.05471	0.00598	0.14572	0.00482	0.00953	0.00639
1.00000	0.00702	0.00889	0.04976	0.73109	0.01902	0.06649	0.01596	0.00968	0.08920	0.00290
1.00000	0.12956	0.00526	0.02552	0.18914	0.02621	0.54491	0.01444	0.04471	0.01789	0.00237
1.00000	0.00512	0.00648	0.00337	0.10033	0.00100	0.77124	0.01735	0.00209	0.07454	0.01849
1.00000	0.00006	0.00007	0.00004	0.00018	0.03732	0.00031	0.00017	0.00261	0.00240	0.95684
1.00000	0.11610	0.03601	0.04595	0.18013	0.03861	0.25204	0.07973	0.02687	0.12013	0.10444
1.00000	0.00047	0.00303	0.03813	0.00815	0.04531	0.01884	0.87240	0.00135	0.00932	0.00300
1.00000	0.00068	0.00033	0.00022	0.00178	0.89701	0.00261	0.00381	0.02076	0.00128	0.07152
1.00000	0.89825	0.00054	0.00368	0.05875	0.00214	0.02671	0.00345	0.00242	0.00275	0.00131
1.00000	0.03734	0.00211	0.01090	0.04005	0.01157	0.01311	0.00232	0.05933	0.68948	0.13377
1.00000	0.96190	0.00023	0.00107	0.01339	0.00478	0.00403	0.00632	0.00137	0.00313	0.00380
1.00000	0.01696	0.02389	0.03425	0.08210	0.03705	0.02769	0.01332	0.71715	0.01902	0.02857
1.00000	0.25020	0.03519	0.34384	0.09162	0.00991	0.13416	0.05427	0.01021	0.06697	0.00363
0.00000	0.01247	0.01090	0.01063	0.03439	0.04104	0.01328	0.01371	0.41502	0.37985	0.06871
1.00000	0.01340	0.01337	0.08031	0.24737	0.00528	0.12207	0.05375	0.02071	0.42062	0.02312
1.00000	0.17405	0.00109	0.01633	0.14495	0.01061	0.15975	0.01097	0.02182	0.45153	0.00891
1.00000	0.00200	0.00074	0.00038	0.00056	0.00350	0.00047	0.00012	0.98958	0.00046	0.00219
1.00000	0.01228	0.05626	0.35971	0.13950	0.00405	0.03165	0.00516	0.07021	0.27100	0.05019
1.00000	0.01343	0.01011	0.08953	0.01034	0.04566	0.03763	0.72484	0.02991	0.02905	0.00950
1.00000	0.90319	0.00074	0.01461	0.00366	0.03492	0.01125	0.01551	0.00239	0.00173	0.01200
1.00000	0.02282	0.01812	0.01418	0.02220	0.05282	0.66469	0.05255	0.02160	0.03513	0.09589
1.00000	0.10023	0.03411	0.01281	0.17196	0.00270	0.46508	0.03774	0.02509	0.13881	0.01146
1.00000	0.05653	0.00231	0.85150	0.02548	0.00436	0.00535	0.00892	0.00263	0.03888	0.00405
1.00000	0.01896	0.00915	0.00396	0.00776	0.01543	0.85088	0.02070	0.01064	0.05730	0.00521
1.00000	0.00924	0.55196	0.03220	0.11648	0.06848	0.02796	0.00857	0.04394	0.10147	0.03969
1.00000	0.00165	0.00283	0.06621	0.88378	0.00326	0.02169	0.00069	0.00169	0.01644	0.00177
1.00000	0.02562	0.01101	0.13498	0.00963	0.02694	0.05575	0.67104	0.03058	0.00769	0.02678
1.00000	0.03977	0.01101	0.10117	0.00665	0.62968	0.07468	0.06750	0.01921	0.02393	0.02640
1.00000	0.00613	0.03714	0.02345	0.07114	0.02992	0.00385	0.00116	0.68581	0.06011	0.08129
1.00000	0.00160	0.00070	0.00617	0.00072	0.92257	0.01877	0.02503	0.00077	0.00143	0.02225
1.00000	0.93011	0.00164	0.00398	0.00779	0.00112	0.02923	0.01198	0.01021	0.00343	0.00052
0.00000	0.02714	0.03880	0.38485	0.12441	0.00144	0.01022	0.00135	0.00741	0.40052	0.00387
1.00000	0.41590	0.03456	0.12033	0.03057	0.00855	0.02234	0.12536	0.12179	0.02700	0.09360
0.00000	0.03627	0.00614	0.22498	0.38167	0.00271	0.03623	0.01768	0.19002	0.09583	0.00848
1.00000	0.00187	0.00023	0.00328	0.00787	0.04134	0.04832	0.00983	0.02804	0.01225	0.84697
1.00000	0.02306	0.00330	0.81540	0.02590	0.00214	0.01615	0.02304	0.03715	0.04465	0.00922
1.00000	0.05376	0.00446	0.00072	0.13512	0.00885	0.68518	0.00280	0.03223	0.04587	0.03101
0.00000	0.41901	0.00394	0.25625	0.01089	0.02258	0.01380	0.15557	0.01805	0.07905	0.02086
0.00000	0.04127	0.01274	0.02431	0.00703	0.37822	0.02997	0.11410	0.08816	0.13530	0.16891
1.00000	0.00065	0.00439	0.00348	0.10187	0.05349	0.05443	0.00194	0.04117	0.12312	0.61546
1.00000	0.00025	0.00013	0.00021	0.00646	0.04974	0.00070	0.00027	0.02206	0.00389	0.91628
1.00000	0.04628	0.01879	0.14269	0.03126	0.03849	0.03651	0.61521	0.02511	0.03026	0.01541
1.00000	0.00902	0.00538	0.08686	0.01952	0.00701	0.05199	0.00082	0.05745	0.74434	0.01760
1.00000	0.09248	0.00210	0.70564	0.03260	0.00502	0.00654	0.04676	0.01269	0.09516	0.00101
1.00000	0.79813	0.00363	0.01405	0.02185	0.00729	0.05166	0.03617	0.02502	0.01420	0.02800
1.00000	0.00191	0.02199	0.03734	0.04579	0.00090	0.00434	0.00100	0.01696	0.85132	0.01844
1.00000	0.00516	0.00361	0.00228	0.00602	0.03315	0.89299	0.01188	0.00172	0.04265	0.00055
1.00000	0.00267	0.00028	0.00143	0.00118	0.79924	0.00371	0.00998	0.02466	0.00605	0.15079
1.00000	0.02337	0.00004	0.02741	0.00009	0.00309	0.00302	0.94159	0.00038	0.00016	0.00083
1.00000	0.05612	0.01451	0.02137	0.00847	0.56678	0.02752	0.01074	0.00784	0.13791	0.14872
1.00000	0.00204	0.00009	0.00465	0.04010	0.00029	0.00007	0.00043	0.94750	0.00237	0.00247
1.00000	0.10552	0.00957	0.04652	0.57112	0.01285	0.05688	0.00788	0.09036	0.07287	0.02643
1.00000	0.00337	0.00037	0.00238	0.00515	0.00244	0.03281	0.00050	0.02027	0.92385	0.00885
0.00000	0.00717	0.03913	0.25244	0.12475	0.00970	0.03256	0.00425	0.06322	0.44773	0.01905
1.00000	0.35543	0.00739	0.05476	0.01160	0.11672	0.04594	0.12187	0.16736	0.02156	0.09739
1.00000	0.01957	0.00536	0.02186	0.46868	0.04646	0.19272	0.00980	0.03171	0.14414	0.05971
1.00000	0.04572	0.00340	0.01167	0.00399	0.00746	0.03931	0.87308	0.00125	0.01029	0.00382
1.00000	0.00105	0.88345	0.00797	0.00289	0.05125	0.00750	0.00318	0.02540	0.01337	0.00393
1.00000	0.00828	0.01025	0.01359	0.64290	0.03004	0.17205	0.00300	0.02157	0.09290	0.00542
1.00000	0.22234	0.00128	0.01296	0.23751	0.00572	0.02309	0.01595	0.00620	0.45220	0.02275
1.00000	0.04574	0.01497	0.03620	0.09395	0.01571	0.07532	0.00995	0.04333	0.57506	0.08977
1.00000	0.07510	0.00136	0.00176	0.00416	0.02092	0.82431	0.03016	0.00160	0.02137	0.01927
0.00000	0.29951	0.00697	0.13426	0.12493	0.08450	0.06797	0.04625	0.04187	0.10312	0.09062
1.00000	0.04238	0.00768	0.02684	0.68677	0.00580	0.05143	0.01744	0.00267	0.12473	0.03426
0.00000	0.32370	0.01223	0.11314	0.30146	0.00131	0.05613	0.02416	0.05108	0.10519	0.01160
1.00000	0.02042	0.00157	0.00156	0.01000	0.65842	0.01288	0.01447	0.06604	0.01870	0.19595
1.00000	0.04432	0.02125	0.10863	0.47207	0.00310	0.06390	0.00339	0.03213	0.24718	0.00404
0.00000	0.02342	0.01367	0.44209	0.07532	0.02665	0.10914	0.09834	0.10546	0.05744	0.04847
1.00000	0.17412	0.02205	0.11767	0.13516	0.02173	0.04871	0.05812	0.06068	0.29241	0.06935
1.00000	0.02383	0.00729	0.16001	0.15843	0.02259	0.14884	0.00320	0.05903	0.39401	0.02277
1.00000	0.97319	0.00007	0.00033	0.01661	0.00023	0.00270	0.00174	0.00058	0.00051	0.00405
1.00000	0.00863	0.00189	0.00016	0.09210	0.00109	0.88969	0.00275	0.00101	0.00163	0.00104
1.00000	0.02537	0.00109	0.04882	0.90852	0.00055	0.00155	0.00023	0.00188	0.01156	0.00043
1.00000	0.05860	0.00439	0.01651	0.00453	0.68729	0.07584	0.02484	0.03472	0.04173	0.05155
1.00000	0.00978	0.01720	0.01204	0.02092	0.74845	0.04108	0.02183	0.02377	0.02340	0.08154
1.00000	0.00067	0.00017	0.00049	0.00305	0.04086	0.00046	0.00265	0.05997	0.01045	0.88123
1.00000	0.08350	0.00677	0.00286	0.01837	0.15264	0.13309	0.05756	0.20930	0.04944	0.28648
1.00000	0.00642	0.00219	0.22023	0.64969	0.00329	0.01559	0.01084	0.00873	0.08049	0.00253
1.00000	0.00414	0.00105	0.04718	0.04285	0.06619	0.01286	0.00292	0.11764	0.13133	0.57383
1.00000	0.01618	0.00192	0.02842	0.01317	0.01038	0.24954	0.01306	0.03169	0.49126	0.14438
1.00000	0.00152	0.00083	0.00009	0.00272	0.15560	0.00197	0.00073	0.00193	0.00554	0.82908
1.00000	0.01323	0.00686	0.01393	0.06897	0.01819	0.03171	0.02086	0.03172	0.70950	0.08504
1.00000	0.96599	0.00095	0.00149	0.00610	0.00190	0.00574	0.01227	0.00375	0.00068	0.00112
1.00000	0.00700	0.79991	0.05058	0.00496	0.03471	0.00373	0.01473	0.00841	0.03827	0.03771
1.00000	0.00818	0.00143	0.00497	0.42058	0.01234	0.07589	0.00352	0.03289	0.26132	0.17888
1.00000	0.90114	0.00013	0.00103	0.01621	0.00016	0.07208	0.00212	0.00018	0.00590	0.00105
1.00000	0.00692	0.00305	0.55472	0.05343	0.26315	0.01476	0.01755	0.02214	0.00622	0.05807
1.00000	0.00315	0.00223	0.00071	0.04144	0.07074	0.00273	0.00046	0.13165	0.10377	0.64310
1.00000	0.00075	0.00026	0.00054	0.00529	0.02042	0.00294	0.00006	0.93037	0.00195	0.03740
1.00000	0.01567	0.00421	0.05814	0.02000	0.00348	0.13418	0.07434	0.00515	0.67606	0.00876
1.00000	0.08876	0.00181	0.00659	0.00810	0.02984	0.04293	0.01010	0.69479	0.03415	0.08293
1.00000	0.98804	0.00015	0.00317	0.00247	0.00012	0.00103	0.00211	0.00102	0.00132	0.00057
1.00000	0.01205	0.00450	0.00053	0.01171	0.06916	0.01381	0.00182	0.10314	0.05774	0.72554
1.00000	0.08737	0.00073	0.10146	0.00314	0.07446	0.00565	0.71865	0.00305	0.00303	0.00247
1.00000	0.00202	0.00546	0.00173	0.00836	0.01395	0.00121	0.00051	0.91420	0.01368	0.03889
1.00000	0.01264	0.00025	0.00176	0.00374	0.81243	0.06340	0.00929	0.00950	0.00439	0.08261
1.00000	0.01725	0.00097	0.00467	0.01349	0.02042	0.00234	0.00206	0.84113	0.00310	0.09457
1.00000	0.00856	0.48077	0.16082	0.03846	0.02105	0.00548	0.01518	0.03235	0.22591	0.01143
1.00000	0.00150	0.00611	0.00020	0.00505	0.04716	0.01174	0.00030	0.07225	0.10079	0.75489
1.00000	0.08511	0.01389	0.49693	0.24202	0.00327	0.00752	0.04582	0.07189	0.03130	0.00224
1.00000	0.14136	0.02140	0.47764	0.10635	0.03925	0.03304	0.08711	0.04868	0.02976	0.01540
1.00000	0.00266	0.00552	0.80382	0.09384	0.00233	0.01283	0.03610	0.00034	0.04122	0.00132
1.00000	0.00313	0.91396	0.03390	0.00928	0.01411	0.00265	0.00246	0.00641	0.01189	0.00221
1.00000	0.00052	0.03036	0.01623	0.02866	0.02875	0.03550	0.00335	0.01353	0.81666	0.02642
1.00000	0.00845	0.00129	0.00574	0.89157	0.01137	0.00240	0.00040	0.01980	0.05614	0.00284
1.00000	0.00501	0.00083	0.00661	0.85366	0.00422	0.08785	0.00101	0.00739	0.03312	0.00030
1.00000	0.00296	0.00296	0.00627	0.89112	0.00111	0.02559	0.00054	0.00181	0.06690	0.00074
1.00000	0.00159	0.00011	0.00064	0.00297	0.00556	0.00352	0.00263	0.94117	0.00074	0.04108
1.00000	0.60688	0.00315	0.04805	0.14345	0.01024	0.04013	0.07776	0.05925	0.00627	0.00482
0.00000	0.35669	0.00274	0.02712	0.00488	0.09359	0.04756	0.05664	0.03904	0.10046	0.27126
1.00000	0.49695	0.00743	0.05222	0.00712	0.07105	0.02219	0.11232	0.12244	0.01823	0.09006
1.00000	0.07830	0.00156	0.00958	0.52985	0.02464	0.01866	0.00230	0.00314	0.26213	0.06985
1.00000	0.00304	0.93783	0.00665	0.00645	0.00294	0.00306	0.00329	0.01130	0.02071	0.00473
1.00000	0.02886	0.00575	0.00716	0.62735	0.00577	0.22742	0.00578	0.04053	0.04466	0.00672
1.00000	0.02332	0.02963	0.00989	0.01826	0.04223	0.09823	0.02917	0.71253	0.01164	0.02510
1.00000	0.07452	0.00020	0.00019	0.04139	0.00216	0.82243	0.02586	0.02040	0.00545	0.00740
0.00000	0.11772	0.33406	0.02073	0.03472	0.00229	0.28546	0.04191	0.02415	0.12975	0.00921
1.00000	0.07125	0.00437	0.00736	0.05746	0.00758	0.01008	0.00424	0.06462	0.72502	0.04802
1.00000	0.00404	0.00639	0.01006	0.04240	0.01844	0.00336	0.00077	0.78199	0.04358	0.08898
1.00000	0.00646	0.00502	0.00565	0.14048	0.00302	0.02760	0.00250	0.13019	0.63671	0.04236
1.00000	0.00267	0.05013	0.00665	0.03361	0.76077	0.00863	0.00837	0.02924	0.03174	0.06820
1.00000	0.05013	0.04373	0.00336	0.07476	0.00310	0.79422	0.00241	0.00502	0.02149	0.00178
1.00000	0.01675	0.00267	0.02158	0.01624	0.86216	0.03506	0.00479	0.01602	0.01712	0.00761
1.00000	0.01703	0.00150	0.84891	0.03357	0.01285	0.00488	0.04778	0.00083	0.03179	0.00086
1.00000	0.01087	0.01538	0.00225	0.03283	0.03674	0.00378	0.00365	0.07201	0.13708	0.68541
1.00000	0.00355	0.86979	0.00326	0.00178	0.01126	0.01252	0.00161	0.07596	0.01463	0.00565
1.00000	0.00058	0.00104	0.00458	0.00542	0.70905	0.06150	0.00234	0.00162	0.00096	0.21291
1.00000	0.01229	0.00368	0.03423	0.07895	0.00135	0.10807	0.00163	0.00441	0.68813	0.06726
1.00000	0.00232	0.00027	0.00019	0.00088	0.07378	0.00143	0.00031	0.04360	0.01840	0.85882
1.00000	0.03783	0.00549	0.00822	0.10227	0.02332	0.45590	0.00083	0.11845	0.22497	0.02273
0.00000	0.04190	0.09800	0.02994	0.11382	0.13182	0.18965	0.04892	0.16326	0.02593	0.15676
1.00000	0.00134	0.00063	0.00356	0.00032	0.00032	0.00341	0.00045	0.00928	0.96494	0.01575
1.00000	0.03673	0.00301	0.05257	0.25578	0.00057	0.06255	0.02164	0.00305	0.56156	0.00253
1.00000	0.90571	0.00073	0.00835	0.02048	0.00027	0.01494	0.03934	0.00163	0.00684	0.00171
1.00000	0.03084	0.04106	0.04056	0.03518	0.09177	0.48826	0.14112	0.01297	0.08712	0.03112
1.00000	0.22735	0.02391	0.47023	0.07384	0.01332	0.05773	0.05497	0.00358	0.06641	0.00866
1.00000	0.15875	0.00082	0.00812	0.03179	0.01477	0.23220	0.52015	0.00260	0.01673	0.01407
1.00000	0.05205	0.00735	0.08913	0.05707	0.00959	0.00636	0.00373	0.69241	0.06701	0.01531
1.00000	0.00426	0.00760	0.00457	0.58453	0.02205	0.07817	0.00176	0.08210	0.12523	0.08972
1.00000	0.00023	0.00042	0.00045	0.00187	0.03665	0.00310	0.00165	0.01064	0.02986	0.91512
1.00000	0.00352	0.00099	0.98163	0.00262	0.00051	0.00395	0.00210	0.00032	0.00324	0.00113
1.00000	0.01051	0.00881	0.01894	0.03139	0.00046	0.01048	0.00082	0.01509	0.89276	0.01075
1.00000	0.02514	0.00196	0.01859	0.01208	0.06890	0.68750	0.05912	0.00903	0.02839	0.08928
0.00000	0.05270	0.02038	0.21225	0.09939	0.08997	0.02994	0.07189	0.18077	0.17386	0.06887
1.00000	0.00418	0.00885	0.00115	0.03158	0.09302	0.00792	0.00064	0.03485	0.01315	0.80465
1.00000	0.02965	0.00058	0.89912	0.00813	0.00065	0.01248	0.00439	0.03949	0.00456	0.00096
1.00000	0.02245	0.00872	0.06350	0.00355	0.00910	0.02972	0.82832	0.01017	0.01478	0.00970
1.00000	0.00179	0.00098	0.00084	0.00205	0.08709	0.00070	0.00062	0.07400	0.03359	0.79834
1.00000	0.00270	0.00768	0.84984	0.03630	0.01475	0.00474	0.02339	0.04524	0.00912	0.00624
1.00000	0.96945	0.00012	0.00283	0.00671	0.00003	0.01749	0.00018	0.00123	0.00068	0.00127
1.00000	0.13871	0.07591	0.10251	0.01843	0.08557	0.10248	0.35970	0.04559	0.06177	0.00931
0.00000	0.01778	0.00202	0.05682	0.11647	0.03400	0.02921	0.00309	0.03260	0.61685	0.09115
1.00000	0.85962	0.00309	0.00061	0.00737	0.00231	0.05947	0.01661	0.02224	0.02681	0.00187
1.00000	0.28187	0.00241	0.09797	0.01092	0.01030	0.20266	0.34030	0.01062	0.04006	0.00288
1.00000	0.41252	0.00640	0.01071	0.08838	0.01267	0.32064	0.02392	0.06940	0.01282	0.04254
1.00000	0.04533	0.03286	0.03916	0.63538	0.00605	0.12223	0.05020	0.02147	0.03677	0.01055
1.00000	0.00177	0.00780	0.84928	0.04691	0.00203	0.00972	0.00563	0.06310	0.00312	0.01063
1.00000	0.00406	0.00801	0.04906	0.00403	0.00204	0.00176	0.92348	0.00201	0.00350	0.00206
1.00000	0.00835	0.00810	0.03764	0.06572	0.08828	0.09891	0.00542	0.22932	0.04645	0.41182
1.00000	0.00074	0.00016	0.00090	0.00614	0.00146	0.00186	0.00030	0.93715	0.00053	0.05076
1.00000	0.00224	0.00017	0.00089	0.00473	0.06236	0.00084	0.00130	0.10151	0.02474	0.80122
1.00000	0.72188	0.00345	0.00678	0.02908	0.00770	0.09534	0.00352	0.01959	0.04096	0.07170
1.00000	0.01146	0.00005	0.00172	0.00221	0.06169	0.00174	0.00056	0.28733	0.00923	0.62401
0.00000	0.29633	0.00088	0.02992	0.39938	0.01236	0.03174	0.03336	0.00276	0.17865	0.01462
1.00000	0.05210	0.00450	0.08830	0.01325	0.01701	0.04772	0.00190	0.02151	0.54726	0.20644
1.00000	0.00294	0.00446	0.09430	0.00107	0.21718	0.00455	0.62582	0.00714	0.02651	0.01604
1.00000	0.01856	0.01057	0.00179	0.01359	0.05726	0.02441	0.00139	0.78348	0.05913	0.02981
1.00000	0.14415	0.01180	0.00073	0.11107	0.00121	0.64540	0.01865	0.00231	0.05990	0.00478
1.00000	0.83929	0.00048	0.00911	0.03951	0.00031	0.08194	0.00466	0.01098	0.01173	0.00198
1.00000	0.00128	0.91410	0.01632	0.00414	0.01141	0.00908	0.01733	0.01191	0.01139	0.00304
1.00000	0.20215	0.05089	0.08231	0.21570	0.00159	0.29461	0.02614	0.02333	0.09619	0.00710
1.00000	0.05643	0.00825	0.73281	0.04448	0.05532	0.01028	0.03829	0.01798	0.01223	0.02393
1.00000	0.02219	0.00041	0.00009	0.00541	0.00014	0.93878	0.00050	0.00005	0.03207	0.00035
1.00000	0.00613	0.02236	0.00252	0.00306	0.66959	0.06901	0.01692	0.03631	0.00761	0.16649
1.00000	0.00362	0.00463	0.00698	0.02797	0.10825	0.00478	0.00928	0.81201	0.00452	0.01798
1.00000	0.05056	0.00786	0.48016	0.22952	0.00150	0.02912	0.02113	0.05691	0.11483	0.00842
1.00000	0.01624	0.00197	0.07321	0.09393	0.00915	0.04688	0.00117	0.00395	0.73741	0.01608
1.00000	0.00229	0.00047	0.01832	0.00425	0.00134	0.00866	0.95110	0.00124	0.00401	0.00832
1.00000	0.14680	0.00063	0.09316	0.00762	0.08196	0.00361	0.40519	0.00929	0.13099	0.12074
1.00000	0.00445	0.94296	0.01151	0.00161	0.00516	0.00454	0.00121	0.01121	0.00266	0.01469
0.00000	0.62890	0.00464	0.16580	0.06133	0.00627	0.01465	0.00530	0.01048	0.06825	0.03437
1.00000	0.00068	0.00005	0.00251	0.03292	0.00047	0.00011	0.00004	0.96017	0.00135	0.00169
1.00000	0.06365	0.00665	0.56485	0.01831	0.11282	0.01465	0.06326	0.05853	0.03626	0.06101
0.00000	0.21292	0.00180	0.16795	0.21814	0.00606	0.01574	0.02672	0.00707	0.33836	0.00525
1.00000	0.06216	0.02811	0.09073	0.06345	0.01961	0.52644	0.08833	0.02436	0.07968	0.01713
1.00000	0.00112	0.00009	0.00138	0.00744	0.00559	0.00059	0.00022	0.94121	0.00268	0.03968
1.00000	0.12072	0.00424	0.04028	0.11605	0.01080	0.13928	0.48361	0.01900	0.03473	0.03130
1.00000	0.85197	0.00344	0.01253	0.02354	0.02486	0.01056	0.06095	0.00313	0.00153	0.00749
1.00000	0.00977	0.00187	0.04257	0.51077	0.02943	0.20180	0.01737	0.00504	0.10498	0.07641
1.00000	0.00044	0.00033	0.00031	0.00064	0.80133	0.00077	0.00260	0.00726	0.01042	0.17590
1.00000	0.00098	0.00092	0.97287	0.00160	0.00403	0.00144	0.00739	0.00290	0.00723	0.00065
1.00000	0.05779	0.00331	0.01678	0.00537	0.49551	0.05417	0.08910	0.03775	0.09567	0.14455
1.00000	0.01574	0.00418	0.00984	0.19249	0.00525	0.66400	0.00271	0.01754	0.06094	0.02731
1.00000	0.01456	0.70629	0.08561	0.00863	0.03007	0.01218	0.06923	0.01756	0.04251	0.01336
1.00000	0.00765	0.03392	0.07945	0.03390	0.21584	0.11951	0.01037	0.34908	0.04041	0.10987
1.00000	0.04212	0.02779	0.17809	0.04136	0.01428	0.09902	0.10607	0.02346	0.43840	0.02938
1.00000	0.78032	0.02387	0.03759	0.04832	0.00745	0.00620	0.07859	0.01109	0.00462	0.00195
1.00000	0.00632	0.88800	0.01934	0.00569	0.02821	0.00142	0.00307	0.01605	0.02817	0.00372
1.00000	0.00741	0.00476	0.01404	0.00606	0.84563	0.03137	0.02974	0.03381	0.00611	0.02106
1.00000	0.00179	0.00512	0.00095	0.00379	0.73531	0.00633	0.03881	0.10067	0.03493	0.07229
1.00000	0.04914	0.04434	0.00164	0.02268	0.01520	0.72984	0.00045	0.02177	0.07894	0.03599
1.00000	0.00620	0.01729	0.00680	0.09990	0.02782	0.43151	0.00265	0.16073	0.12304	0.12404
1.00000	0.00063	0.00052	0.00192	0.00387	0.07937	0.00174	0.00178	0.01643	0.03241	0.86133
1.00000	0.86566	0.00019	0.02864	0.01508	0.00929	0.00374	0.01126	0.01978	0.01312	0.03324
1.00000	0.00512	0.00063	0.96188	0.00391	0.00111	0.00335	0.01565	0.00010	0.00808	0.00016
1.00000	0.00895	0.62506	0.05023	0.03379	0.04038	0.02433	0.01612	0.05572	0.10402	0.04140
1.00000	0.06382	0.00239	0.00709	0.00305	0.78572	0.00738	0.07961	0.02804	0.00926	0.01363
1.00000	0.84611	0.00159	0.00175	0.05110	0.00922	0.00263	0.03449	0.01157	0.02196	0.01959
1.00000	0.00218	0.00062	0.00101	0.00675	0.00691	0.00224	0.00030	0.95428	0.00215	0.02355
1.00000	0.02186	0.03634	0.06613	0.03456	0.08776	0.01493	0.08399	0.08698	0.45263	0.11482
1.00000	0.04302	0.00399	0.00093	0.15078	0.09916	0.28063	0.01974	0.08256	0.09887	0.22033
0.00000	0.00856	0.15669	0.02582	0.02077	0.00942	0.07986	0.00542	0.32734	0.16476	0.20136
1.00000	0.00199	0.00291	0.02218	0.01065	0.11683	0.01837	0.00196	0.01451	0.05406	0.75654
1.00000	0.14225	0.00409	0.00632	0.11789	0.02549	0.41927	0.01596	0.05384	0.18826	0.02663
0.00000	0.09986	0.00908	0.00330	0.24572	0.03323	0.13772	0.03990	0.02432	0.30395	0.10292
1.00000	0.00048	0.00057	0.00247	0.00112	0.87005	0.00986	0.00426	0.00455	0.00450	0.10215
1.00000	0.00130	0.00052	0.00518	0.04873	0.08095	0.01465	0.00442	0.70892	0.00449	0.13083
1.00000	0.01075	0.79262	0.01246	0.00419	0.05030	0.00243	0.01472	0.09777	0.00765	0.00711
1.00000	0.00799	0.00043	0.00254	0.01522	0.04041	0.01207	0.00357	0.85699	0.00830	0.05249
1.00000	0.00189	0.00570	0.01478	0.02166	0.00837	0.00091	0.00095	0.89392	0.03257	0.01925
1.00000	0.02093	0.05190	0.62611	0.10609	0.00276	0.00899	0.04763	0.01464	0.11893	0.00203
1.00000	0.00031	0.00013	0.99427	0.00062	0.00011	0.00009	0.00051	0.00341	0.00030	0.00025
1.00000	0.00108	0.96154	0.00513	0.00160	0.00219	0.00208	0.00137	0.01603	0.00121	0.00778
1.00000	0.00107	0.92983	0.00674	0.00124	0.02080	0.00623	0.00181	0.01653	0.00669	0.00906
1.00000	0.00305	0.00019	0.00149	0.00782	0.09648	0.04065	0.00167	0.02716	0.01171	0.80978
1.00000	0.00772	0.86628	0.02720	0.01111	0.00459	0.00762	0.00433	0.02702	0.00383	0.04030
1.00000	0.69507	0.00802	0.03840	0.00577	0.02118	0.01724	0.02789	0.06085	0.03040	0.09518
1.00000	0.00326	0.00050	0.00489	0.00112	0.00026	0.00623	0.00010	0.00102	0.97333	0.00929
1.00000	0.80260	0.00038	0.00210	0.04519	0.00053	0.11009	0.00563	0.02609	0.00465	0.00273
1.00000	0.00022	0.00092	0.00030	0.00127	0.98990	0.00228	0.00153	0.00050	0.00069	0.00239
1.00000	0.00632	0.01704	0.00365	0.03304	0.77506	0.01046	0.02672	0.01909	0.00748	0.10114
1.00000	0.11082	0.00296	0.62483	0.04613	0.06363	0.03662	0.09468	0.00362	0.01390	0.00283
1.00000	0.03353	0.00541	0.00473	0.79171	0.00468	0.05267	0.00847	0.00364	0.08836	0.00680
1.00000	0.00052	0.00008	0.00126	0.01015	0.00034	0.00020	0.00051	0.96248	0.00099	0.02345
1.00000	0.81792	0.03593	0.00487	0.03624	0.00585	0.01036	0.06708	0.00979	0.00181	0.01014
1.00000	0.00068	0.00038	0.00856	0.00039	0.00057	0.00282	0.98434	0.00034	0.00121	0.00070
1.00000	0.00034	0.00056	0.00094	0.00051	0.87856	0.02123	0.00186	0.00188	0.00591	0.08822
1.00000	0.00205	0.00453	0.00515	0.12624	0.00709	0.00217	0.00027	0.81639	0.01635	0.01974
1.00000	0.08247	0.00899	0.19600	0.16583	0.06124	0.00772	0.01463	0.03876	0.39030	0.03405
1.00000	0.00142	0.92466	0.00811	0.00136	0.00576	0.00759	0.00194	0.03461	0.00306	0.01149
1.00000	0.01009	0.07560	0.07142	0.39459	0.03681	0.08480	0.00126	0.01228	0.17550	0.13764
1.00000	0.01143	0.01113	0.01422	0.52381	0.00094	0.05227	0.00114	0.05317	0.29497	0.03693
1.00000	0.00789	0.02252	0.75845	0.06487	0.00261	0.00812	0.04547	0.00458	0.08015	0.00533
1.00000	0.03636	0.00587	0.81343	0.01422	0.00376	0.00420	0.11561	0.00044	0.00564	0.00047
0.00000	0.09915	0.00303	0.32710	0.16600	0.00167	0.01565	0.01680	0.02360	0.33882	0.00820
1.00000	0.93253	0.00038	0.00230	0.02438	0.00015	0.02274	0.00602	0.00156	0.00803	0.00192
1.00000	0.00630	0.00079	0.76691	0.01147	0.02576	0.00748	0.15534	0.00216	0.00906	0.01473
1.00000	0.01503	0.00746	0.01127	0.84937	0.04898	0.02929	0.01235	0.01044	0.01385	0.00195
1.00000	0.04695	0.01105	0.06647	0.12416	0.01002	0.13869	0.01616	0.02203	0.55847	0.00600
1.00000	0.05255	0.00126	0.13444	0.00625	0.01598	0.02760	0.74190	0.00631	0.01167	0.00204
1.00000	0.00100	0.00174	0.00909	0.00632	0.07134	0.02478	0.00150	0.06968	0.03029	0.78428
0.00000	0.01266	0.11923	0.01784	0.14198	0.05110	0.05141	0.00246	0.25984	0.12458	0.21889
1.00000	0.00896	0.00901	0.06631	0.03635	0.20554	0.03813	0.59056	0.00804	0.01421	0.02289
1.00000	0.04083	0.00170	0.02771	0.01007	0.00131	0.02210	0.00104	0.04155	0.84638	0.00730
1.00000	0.00202	0.00124	0.00280	0.02995	0.00089	0.95074	0.00492	0.00091	0.00552	0.00100
1.00000	0.03373	0.01146	0.19999	0.02626	0.28144	0.04303	0.19611	0.00290	0.16699	0.03809
1.00000	0.01209	0.00110	0.03429	0.00506	0.08917	0.01956	0.01238	0.05897	0.03456	0.73281
1.00000	0.00216	0.00633	0.00114	0.00617	0.01939	0.03891	0.00093	0.74319	0.00506	0.17672
1.00000	0.01263	0.08682	0.69123	0.01777	0.00121	0.00342	0.06724	0.01262	0.10558	0.00148
1.00000	0.00388	0.00142	0.00140	0.00178	0.00533	0.00501	0.00075	0.96577	0.00458	0.01008
1.00000	0.11066	0.00129	0.07679	0.01731	0.00775	0.00359	0.00409	0.03184	0.73200	0.01469
0.00000	0.00729	0.00577	0.00250	0.32241	0.01078	0.10599	0.00053	0.03869	0.38420	0.12185
1.00000	0.06000	0.00981	0.02899	0.10418	0.00822	0.67016	0.03782	0.00743	0.06397	0.00943
1.00000	0.71966	0.00085	0.01458	0.02226	0.01177	0.01750	0.06995	0.02679	0.09037	0.02628
1.00000	0.02189	0.08153	0.27430	0.09971	0.02774	0.00179	0.00222	0.33146	0.14150	0.01786
1.00000	0.00099	0.00034	0.00014	0.00070	0.85868	0.00149	0.00156	0.00110	0.00392	0.13110
1.00000	0.03971	0.00027	0.01837	0.00678	0.07076	0.00367	0.00717	0.04166	0.06387	0.74774
1.00000	0.01045	0.01594	0.02300	0.61255	0.05048	0.20622	0.00292	0.01576	0.05360	0.00908
1.00000	0.09001	0.00177	0.00238	0.12629	0.00525	0.62438	0.00706	0.00254	0.13430	0.00601
1.00000	0.00213	0.00023	0.00354	0.00089	0.88691	0.01743	0.01718	0.00823	0.01196	0.05151
1.00000	0.11733	0.00337	0.24022	0.27192	0.00220	0.06547	0.10272	0.00442	0.19059	0.00177
1.00000	0.85334	0.00034	0.00370	0.06156	0.00102	0.02800	0.00287	0.02637	0.01843	0.00438
1.00000	0.00895	0.00206	0.77514	0.15259	0.00086	0.00314	0.00921	0.00539	0.04186	0.00081
1.00000	0.06434	0.00542	0.11402	0.02951	0.22149	0.03683	0.11402	0.03857	0.01426	0.36154
1.00000	0.26593	0.00334	0.04229	0.47518	0.02016	0.09801	0.01154	0.00434	0.07413	0.00509
1.00000	0.00128	0.95273	0.01787	0.00167	0.00602	0.00093	0.00060	0.01348	0.00175	0.00367
1.00000	0.08626	0.00196	0.08105	0.00157	0.00528	0.27770	0.47060	0.01786	0.00836	0.04937
1.00000	0.00202	0.00058	0.00020	0.00072	0.07893	0.00338	0.00178	0.02258	0.00564	0.88416
1.00000	0.01868	0.81670	0.01682	0.00646	0.06104	0.00270	0.00121	0.04157	0.01181	0.02301
1.00000	0.00352	0.00042	0.00015	0.02013	0.06543	0.00599	0.00033	0.09336	0.03869	0.77199
1.00000	0.08279	0.00871	0.02284	0.74246	0.00472	0.06057	0.00587	0.00333	0.06476	0.00395
0.00000	0.63829	0.00454	0.18673	0.06914	0.00946	0.00917	0.01364	0.01520	0.04708	0.00675
1.00000	0.01487	0.01542	0.01051	0.00469	0.69559	0.05318	0.07100	0.01858	0.01202	0.10415
1.00000	0.00683	0.00018	0.00014	0.00057	0.75184	0.02329	0.00166	0.01115	0.00126	0.20308
1.00000	0.01949	0.02731	0.05516	0.74741	0.00119	0.05548	0.00073	0.02483	0.06492	0.00349
1.00000	0.78957	0.00057	0.00213	0.07005	0.00551	0.01815	0.00935	0.04892	0.01473	0.04102
1.00000	0.05509	0.00536	0.01772	0.01621	0.60819	0.07583	0.11476	0.03857	0.00362	0.06465
1.00000	0.04537	0.00032	0.00300	0.00106	0.77979	0.04690	0.01968	0.01193	0.01657	0.07540
1.00000	0.00606	0.75734	0.01253	0.00514	0.00857	0.05001	0.00304	0.13444	0.01382	0.00906
1.00000	0.09346	0.00490	0.01464	0.32223	0.00692	0.15272	0.02333	0.04039	0.26933	0.07208
1.00000	0.68097	0.01709	0.07652	0.04702	0.00262	0.06791	0.03461	0.01529	0.02786	0.03011
1.00000	0.00034	0.00052	0.00013	0.01122	0.05861	0.00522	0.00163	0.01499	0.01546	0.89189
1.00000	0.00694	0.00954	0.00038	0.00252	0.21359	0.00158	0.00061	0.00514	0.00948	0.75022
1.00000	0.03815	0.09481	0.16422	0.01639	0.02830	0.11680	0.48967	0.00530	0.03032	0.01606
1.00000	0.00464	0.00162	0.12589	0.04854	0.00103	0.01498	0.00151	0.00115	0.79989	0.00076
1.00000	0.01170	0.01315	0.63522	0.15926	0.00395	0.00463	0.00737	0.06505	0.09674	0.00294
1.00000	0.01847	0.00960	0.00155	0.13016	0.09969	0.22158	0.01279	0.06753	0.10241	0.33622
1.00000	0.00567	0.08657	0.00854	0.03610	0.28519	0.02235	0.00439	0.40547	0.03260	0.11311
1.00000	0.02544	0.00442	0.01963	0.16678	0.00169	0.68859	0.01678	0.00664	0.06906	0.00099
1.00000	0.01644	0.00280	0.16203	0.05864	0.07561	0.03234	0.03633	0.39030	0.10548	0.12003
1.00000	0.00364	0.01160	0.02129	0.06017	0.00118	0.01790	0.00074	0.03822	0.76799	0.07727
1.00000	0.03303	0.00914	0.01142	0.01916	0.10484	0.02210	0.01262	0.05633	0.20454	0.52683
1.00000	0.01094	0.00410	0.75239	0.01812	0.03050	0.03060	0.00811	0.00088	0.12832	0.01604
1.00000	0.05757	0.00854	0.02146	0.00920	0.05685	0.71211	0.02844	0.01855	0.06082	0.02645
1.00000	0.01120	0.00139	0.86827	0.05475	0.01553	0.01185	0.01918	0.01227	0.00222	0.00334
1.00000	0.04571	0.03670	0.06199	0.60292	0.00370	0.10661	0.01425	0.03240	0.07805	0.01767
1.00000	0.12653	0.00075	0.02577	0.01469	0.00934	0.09198	0.06504	0.01833	0.53354	0.11403
1.00000	0.02958	0.00133	0.45271	0.12691	0.03126	0.02766	0.00326	0.00300	0.30167	0.02262
1.00000	0.01461	0.00471	0.03515	0.73229	0.00228	0.01401	0.00098	0.03589	0.14839	0.01169
1.00000	0.00026	0.00090	0.00164	0.00711	0.07048	0.00907	0.00047	0.03744	0.08483	0.78780
1.00000	0.00086	0.00013	0.01472	0.00040	0.00291	0.00270	0.97569	0.00037	0.00146	0.00076
1.00000	0.00067	0.00430	0.00521	0.02843	0.01532	0.00529	0.00070	0.89452	0.00833	0.03725
1.00000	0.94959	0.00176	0.00119	0.00788	0.00328	0.00317	0.02833	0.00206	0.00194	0.00081
1.00000	0.83467	0.02333	0.00286	0.05029	0.01442	0.02550	0.02888	0.00523	0.00894	0.00588
1.00000	0.01360	0.00507	0.05079	0.02910	0.07695	0.70436	0.01534	0.02646	0.04394	0.03438
1.00000	0.01948	0.03381	0.82542	0.01371	0.00356	0.02286	0.04685	0.00704	0.02564	0.00166
1.00000	0.01799	0.00259	0.10590	0.80943	0.00358	0.01311	0.00504	0.00777	0.03396	0.00062
1.00000	0.01149	0.00938	0.76723	0.01731	0.02464	0.01570	0.02099	0.02614	0.05712	0.05000
1.00000	0.01364	0.00236	0.00250	0.00113	0.02720	0.74106	0.01056	0.03178	0.10902	0.06075
1.00000	0.01559	0.80862	0.03910	0.01626	0.00887	0.01616	0.00363	0.01980	0.06152	0.01046
1.00000	0.75605	0.00043	0.09449	0.01382	0.01260	0.02109	0.07242	0.00768	0.01054	0.01089
1.00000	0.04271	0.03038	0.10907	0.21803	0.00761	0.00666	0.00240	0.52491	0.05690	0.00133
1.00000	0.01375	0.00151	0.02748	0.00752	0.00153	0.00730	0.03877	0.00159	0.87363	0.02694
0.00000	0.00321	0.01053	0.03718	0.01083	0.36461	0.00472	0.00418	0.03328	0.02566	0.50581
1.00000	0.13341	0.00058	0.00318	0.00344	0.44473	0.03818	0.02410	0.02989	0.01300	0.30949
0.00000	0.00364	0.00329	0.42127	0.08004	0.00126	0.01248	0.02119	0.00463	0.44991	0.00231
1.00000	0.00611	0.01043	0.86150	0.00743	0.01020	0.00586	0.06308	0.00285	0.03198	0.00056
1.00000	0.00377	0.05261	0.03393	0.20415	0.04090	0.09901	0.00433	0.01426	0.49355	0.05348
