1.00000	0.01397	0.88078	0.01990	0.00594	0.01733	0.00713	0.01298	0.02450	0.00385	0.01360
1.00000	0.00035	0.00005	0.00028	0.00119	0.00254	0.00033	0.00001	0.99159	0.00014	0.00352
1.00000	0.82440	0.00053	0.01035	0.02127	0.00104	0.08021	0.04431	0.00084	0.01529	0.00175
1.00000	0.06635	0.00715	0.00282	0.00774	0.05192	0.80582	0.00333	0.00299	0.04749	0.00440
1.00000	0.00180	0.00192	0.00425	0.03393	0.81871	0.04122	0.00081	0.05393	0.00063	0.04280
0.00000	0.01030	0.05396	0.01185	0.01512	0.37312	0.05293	0.00713	0.25760	0.02163	0.19636
1.00000	0.00367	0.00064	0.00102	0.00883	0.01183	0.95337	0.00094	0.01506	0.00097	0.00367
1.00000	0.18296	0.03221	0.41661	0.01527	0.16300	0.06482	0.09819	0.01500	0.00307	0.00888
0.00000	0.00258	0.00843	0.02210	0.01637	0.20287	0.03134	0.00424	0.10470	0.00930	0.59808
1.00000	0.06674	0.00472	0.01324	0.07947	0.25473	0.15622	0.02522	0.04215	0.07505	0.28244
1.00000	0.00889	0.79150	0.00790	0.02758	0.03703	0.03640	0.00183	0.06809	0.00899	0.01178
1.00000	0.00806	0.00100	0.93344	0.00168	0.01508	0.02351	0.01416	0.00155	0.00124	0.00028
1.00000	0.00459	0.01776	0.00399	0.00057	0.81061	0.01219	0.00262	0.00466	0.00279	0.14021
1.00000	0.00363	0.89450	0.00393	0.00407	0.00655	0.00915	0.00299	0.04485	0.00678	0.02356
1.00000	0.00292	0.57819	0.02379	0.02566	0.02431	0.08871	0.00401	0.13537	0.11221	0.00484
1.00000	0.02502	0.02532	0.08757	0.25735	0.13023	0.13886	0.02477	0.09052	0.06997	0.15039
1.00000	0.00474	0.90228	0.00526	0.00890	0.01705	0.01285	0.00372	0.03672	0.00119	0.00729
1.00000	0.05748	0.01091	0.00690	0.02111	0.00953	0.15592	0.71809	0.00054	0.01724	0.00227
1.00000	0.00005	0.00015	0.00093	0.00016	0.97380	0.00410	0.00039	0.00031	0.00099	0.01912
1.00000	0.00066	0.00096	0.00228	0.00708	0.18950	0.01268	0.04009	0.06009	0.02168	0.66499
1.00000	0.02294	0.00209	0.01000	0.83933	0.00426	0.06311	0.00141	0.00331	0.04669	0.00686
1.00000	0.00047	0.00026	0.00036	0.00448	0.85632	0.00539	0.00064	0.00401	0.00501	0.12306
1.00000	0.00014	0.00004	0.00014	0.00037	0.04914	0.00146	0.00002	0.00690	0.00264	0.93915
1.00000	0.07436	0.00562	0.01991	0.28153	0.02032	0.04774	0.00686	0.00633	0.44609	0.09125
1.00000	0.00080	0.00020	0.00029	0.00149	0.05083	0.00225	0.00411	0.01679	0.12109	0.80217
1.00000	0.64929	0.00103	0.06639	0.05287	0.05367	0.06366	0.08367	0.00123	0.02251	0.00567
1.00000	0.00082	0.00069	0.00278	0.00824	0.00391	0.01178	0.00011	0.79280	0.00455	0.17432
1.00000	0.03832	0.01115	0.02752	0.00393	0.01147	0.03227	0.79643	0.00025	0.06833	0.01034
1.00000	0.02384	0.01272	0.09296	0.01177	0.15666	0.27645	0.02552	0.00701	0.35094	0.04214
1.00000	0.02735	0.00050	0.01143	0.00990	0.00505	0.01164	0.92919	0.00065	0.00084	0.00346
1.00000	0.01795	0.50213	0.03890	0.04967	0.11600	0.05553	0.01130	0.07252	0.11302	0.02299
1.00000	0.00872	0.00040	0.00367	0.86057	0.00412	0.04683	0.00137	0.01298	0.05996	0.00138
1.00000	0.01165	0.85436	0.01231	0.00229	0.00588	0.02649	0.00470	0.00947	0.05266	0.02019
1.00000	0.05615	0.00551	0.03243	0.01357	0.66863	0.14211	0.01561	0.00530	0.02973	0.03096
1.00000	0.00103	0.00638	0.01743	0.00048	0.01089	0.00640	0.95342	0.00051	0.00244	0.00102
1.00000	0.00350	0.10198	0.70232	0.06417	0.01150	0.05993	0.03403	0.00403	0.01437	0.00416
1.00000	0.00126	0.00396	0.00749	0.01073	0.18475	0.26929	0.01327	0.00351	0.47639	0.02935
1.00000	0.81823	0.00143	0.03061	0.01704	0.00483	0.08235	0.03545	0.00448	0.00207	0.00352
1.00000	0.00211	0.05227	0.02680	0.00359	0.50648	0.04684	0.00424	0.07509	0.00266	0.27991
1.00000	0.02714	0.00454	0.36413	0.14206	0.02309	0.01383	0.02426	0.02196	0.27256	0.10645
1.00000	0.08434	0.00656	0.02995	0.48636	0.00298	0.15857	0.01990	0.00412	0.18391	0.02331
1.00000	0.00641	0.00124	0.96753	0.01030	0.00278	0.00163	0.00292	0.00146	0.00499	0.00074
1.00000	0.98265	0.00012	0.00097	0.00031	0.00010	0.00659	0.00661	0.00015	0.00246	0.00005
1.00000	0.00163	0.00433	0.03793	0.00486	0.28781	0.02023	0.00982	0.03200	0.00767	0.59371
1.00000	0.05752	0.02603	0.64601	0.08706	0.01291	0.07984	0.02444	0.00251	0.05981	0.00388
1.00000	0.00516	0.90656	0.01652	0.00853	0.01424	0.02028	0.00207	0.01594	0.00437	0.00632
1.00000	0.00218	0.00455	0.04388	0.79323	0.04598	0.03197	0.00265	0.02868	0.03851	0.00836
1.00000	0.00276	0.00928	0.02727	0.73859	0.02405	0.01414	0.00493	0.11570	0.05359	0.00971
0.00000	0.00076	0.00080	0.00414	0.50168	0.00181	0.02888	0.00097	0.02265	0.35169	0.08663
1.00000	0.02239	0.00656	0.01869	0.18361	0.01303	0.66064	0.01616	0.00623	0.06225	0.01044
1.00000	0.01180	0.00333	0.03370	0.02987	0.47663	0.16749	0.00987	0.01639	0.13909	0.11184
1.00000	0.02866	0.04546	0.00113	0.00704	0.00503	0.07361	0.83378	0.00059	0.00369	0.00100
1.00000	0.00402	0.07956	0.03994	0.05872	0.00181	0.02754	0.00022	0.73690	0.01786	0.03344
1.00000	0.04066	0.00628	0.01859	0.00731	0.01987	0.04286	0.00229	0.78599	0.00972	0.06643
1.00000	0.03500	0.00128	0.00159	0.10884	0.00248	0.78184	0.00116	0.01066	0.05197	0.00518
1.00000	0.00170	0.01450	0.01541	0.00592	0.16855	0.02093	0.00954	0.02293	0.00680	0.73372
1.00000	0.01903	0.00136	0.02979	0.00066	0.88850	0.00256	0.00827	0.00597	0.00696	0.03689
1.00000	0.00771	0.00555	0.00913	0.01922	0.78387	0.02655	0.00452	0.08595	0.00935	0.04815
1.00000	0.70040	0.00239	0.02267	0.08952	0.01350	0.05471	0.01575	0.00285	0.06111	0.03709
1.00000	0.00851	0.01030	0.00335	0.03444	0.06160	0.08453	0.00443	0.00736	0.64598	0.13948
1.00000	0.00558	0.00172	0.00324	0.10842	0.03142	0.61880	0.07430	0.03263	0.03677	0.08712
1.00000	0.59248	0.00729	0.02749	0.03067	0.04501	0.08774	0.00919	0.07584	0.03300	0.09130
1.00000	0.00792	0.00104	0.00051	0.00380	0.65175	0.13269	0.03504	0.02072	0.02239	0.12413
1.00000	0.00079	0.00028	0.00275	0.00093	0.09967	0.00397	0.00442	0.01979	0.00118	0.86623
1.00000	0.00224	0.00026	0.00522	0.03844	0.00519	0.00129	0.00006	0.94319	0.00044	0.00367
1.00000	0.00148	0.00153	0.00067	0.00895	0.03980	0.00706	0.00045	0.92707	0.00084	0.01216
1.00000	0.08654	0.00825	0.02670	0.01211	0.07612	0.03062	0.03559	0.05714	0.03413	0.63280
1.00000	0.00026	0.00635	0.00908	0.00705	0.00610	0.00658	0.00018	0.88342	0.03394	0.04703
1.00000	0.00048	0.00041	0.00058	0.00383	0.10394	0.00275	0.00032	0.06132	0.00122	0.82515
1.00000	0.05548	0.00842	0.06988	0.03266	0.08373	0.02472	0.67706	0.01208	0.02870	0.00726
1.00000	0.70163	0.00137	0.01116	0.02975	0.00235	0.12183	0.08823	0.00197	0.04121	0.00051
1.00000	0.06424	0.00136	0.00333	0.20410	0.00840	0.62309	0.02758	0.03695	0.02547	0.00548
1.00000	0.01380	0.00513	0.00135	0.01615	0.02312	0.84672	0.00135	0.01552	0.06349	0.01337
1.00000	0.05703	0.00431	0.04008	0.05129	0.13350	0.03049	0.60526	0.00647	0.04714	0.02444
1.00000	0.02066	0.00649	0.03520	0.00135	0.05045	0.13703	0.68155	0.00171	0.05276	0.01281
1.00000	0.00668	0.02249	0.05686	0.00447	0.03553	0.73374	0.01647	0.02247	0.09217	0.00912
1.00000	0.01603	0.00305	0.01695	0.04071	0.06719	0.00579	0.00125	0.39630	0.12923	0.32349
1.00000	0.41240	0.00816	0.04197	0.06774	0.02626	0.15213	0.06283	0.21586	0.00945	0.00320
1.00000	0.00040	0.00016	0.00037	0.00066	0.00248	0.00294	0.00056	0.98301	0.00029	0.00914
1.00000	0.00395	0.00599	0.00123	0.00786	0.03810	0.79306	0.00150	0.03483	0.08516	0.02831
1.00000	0.00044	0.00118	0.00218	0.00290	0.15884	0.00693	0.01035	0.07411	0.00608	0.73699
1.00000	0.00350	0.00540	0.01852	0.00722	0.76809	0.03709	0.04728	0.00856	0.00966	0.09469
1.00000	0.00751	0.00674	0.01191	0.00315	0.88929	0.02118	0.00715	0.01726	0.00778	0.02802
1.00000	0.00298	0.00015	0.01187	0.00185	0.23915	0.00383	0.00971	0.03405	0.00594	0.69047
1.00000	0.00114	0.00028	0.92226	0.05591	0.00235	0.00070	0.01406	0.00028	0.00279	0.00023
1.00000	0.90977	0.00045	0.00771	0.03364	0.00049	0.00821	0.01514	0.00065	0.02139	0.00255
1.00000	0.00978	0.00803	0.64819	0.01844	0.04040	0.03511	0.14401	0.00615	0.06663	0.02325
0.00000	0.00519	0.00091	0.00028	0.00085	0.19033	0.00232	0.00030	0.28162	0.00064	0.51756
1.00000	0.00819	0.84709	0.01331	0.00669	0.00391	0.03987	0.00460	0.04567	0.00138	0.02929
1.00000	0.00924	0.01260	0.01706	0.66041	0.00441	0.21929	0.00714	0.00404	0.02840	0.03741
1.00000	0.01222	0.00212	0.85031	0.03717	0.01266	0.00298	0.03703	0.00055	0.04295	0.00201
1.00000	0.80747	0.00274	0.03170	0.03858	0.00417	0.06786	0.02415	0.00582	0.01141	0.00610
1.00000	0.03460	0.00080	0.09400	0.00143	0.02301	0.08018	0.75718	0.00470	0.00304	0.00105
1.00000	0.00450	0.84064	0.04572	0.01194	0.01383	0.02503	0.00155	0.01482	0.03660	0.00538
1.00000	0.00061	0.00085	0.00345	0.00097	0.00248	0.02282	0.00032	0.95572	0.00273	0.01005
1.00000	0.01173	0.01958	0.00616	0.00428	0.31428	0.05252	0.01083	0.46265	0.04502	0.07295
0.00000	0.10059	0.00719	0.00492	0.01951	0.47446	0.09394	0.00458	0.10818	0.01463	0.17199
0.00000	0.00288	0.00026	0.00096	0.01577	0.19755	0.02315	0.00019	0.01801	0.11779	0.62343
1.00000	0.04478	0.00145	0.01637	0.00385	0.86874	0.00836	0.00651	0.01245	0.00971	0.02779
1.00000	0.00722	0.00003	0.00042	0.00147	0.00552	0.00217	0.00013	0.96544	0.00054	0.01707
1.00000	0.00501	0.07247	0.07728	0.00639	0.14657	0.12630	0.02268	0.40892	0.08904	0.04534
0.00000	0.00636	0.01686	0.07115	0.00265	0.54884	0.02502	0.28864	0.01891	0.00533	0.01624
1.00000	0.00028	0.00013	0.01333	0.00660	0.00055	0.00315	0.00013	0.00083	0.92024	0.05477
0.00000	0.05222	0.02007	0.03523	0.01160	0.44206	0.03304	0.12191	0.14864	0.02095	0.11429
1.00000	0.06607	0.00742	0.31313	0.21692	0.01109	0.10358	0.07863	0.00146	0.19383	0.00788
1.00000	0.00501	0.00033	0.00162	0.00878	0.00616	0.91717	0.00056	0.01120	0.04795	0.00122
1.00000	0.06590	0.00083	0.00505	0.00448	0.73566	0.05160	0.04927	0.00827	0.02451	0.05443
1.00000	0.05840	0.00170	0.02648	0.68944	0.03504	0.09605	0.00510	0.02904	0.04308	0.01567
1.00000	0.00054	0.00020	0.00308	0.00051	0.74847	0.02859	0.00449	0.00716	0.00084	0.20613
1.00000	0.00060	0.00002	0.00009	0.00028	0.00036	0.00009	0.00001	0.99632	0.00009	0.00215
0.00000	0.10832	0.01564	0.15490	0.15177	0.13285	0.10717	0.03115	0.06320	0.06993	0.16508
1.00000	0.00180	0.00178	0.03173	0.00896	0.00260	0.00498	0.00163	0.00102	0.92007	0.02543
1.00000	0.00217	0.00043	0.01545	0.01968	0.04136	0.01114	0.00061	0.01848	0.80244	0.08825
1.00000	0.00104	0.09891	0.02595	0.00467	0.01814	0.01671	0.00037	0.72688	0.04016	0.06717
1.00000	0.01350	0.71639	0.04315	0.02155	0.01294	0.04248	0.00282	0.07930	0.00663	0.06124
1.00000	0.02296	0.00048	0.03376	0.76481	0.00051	0.09038	0.00538	0.02803	0.05335	0.00033
1.00000	0.01218	0.00339	0.01416	0.00445	0.01417	0.01785	0.92672	0.00144	0.00371	0.00192
1.00000	0.00029	0.00053	0.00079	0.00067	0.18857	0.01416	0.00012	0.00696	0.03242	0.75549
1.00000	0.01040	0.85655	0.00325	0.00676	0.02277	0.00522	0.00494	0.02519	0.02290	0.04203
1.00000	0.00146	0.00791	0.00568	0.00271	0.02604	0.00162	0.00021	0.94386	0.00093	0.00959
1.00000	0.00091	0.00070	0.01922	0.00143	0.85068	0.00238	0.02965	0.01977	0.00651	0.06874
0.00000	0.01388	0.01901	0.09559	0.06401	0.38457	0.04361	0.12501	0.22304	0.02087	0.01040
1.00000	0.02993	0.02257	0.31307	0.40766	0.00389	0.09181	0.07228	0.03275	0.02217	0.00386
1.00000	0.78923	0.00126	0.04493	0.02624	0.02324	0.04712	0.02906	0.03037	0.00508	0.00345
1.00000	0.01358	0.03916	0.00333	0.04730	0.02718	0.56880	0.00726	0.11766	0.06432	0.11141
1.00000	0.00311	0.00243	0.01284	0.83229	0.00037	0.05088	0.05289	0.00352	0.03695	0.00472
1.00000	0.02400	0.00523	0.66769	0.03921	0.11117	0.01031	0.12006	0.00250	0.01574	0.00409
1.00000	0.01299	0.00257	0.13913	0.59763	0.01466	0.09916	0.00737	0.00864	0.11380	0.00405
1.00000	0.05970	0.00150	0.00725	0.07891	0.03411	0.79147	0.00450	0.00730	0.01255	0.00270
1.00000	0.00631	0.00026	0.00650	0.06327	0.00043	0.81659	0.00014	0.01091	0.09466	0.00092
1.00000	0.00014	0.00003	0.00003	0.00036	0.04932	0.00077	0.00006	0.00585	0.00089	0.94256
0.00000	0.06146	0.00987	0.09323	0.22195	0.01415	0.14642	0.04189	0.06725	0.20777	0.13601
1.00000	0.00132	0.00097	0.02193	0.02930	0.05959	0.03624	0.84369	0.00183	0.00319	0.00196
1.00000	0.00023	0.00026	0.00052	0.00347	0.92914	0.01747	0.00092	0.01754	0.00341	0.02704
1.00000	0.90449	0.00014	0.00587	0.02149	0.00063	0.03255	0.02658	0.00083	0.00714	0.00028
1.00000	0.01518	0.00585	0.00424	0.05564	0.08028	0.04171	0.00339	0.03106	0.52487	0.23780
1.00000	0.95688	0.00033	0.01015	0.00164	0.00142	0.01590	0.01094	0.00061	0.00124	0.00089
1.00000	0.00134	0.03216	0.06504	0.10812	0.03097	0.03575	0.00323	0.66292	0.01895	0.04152
1.00000	0.22238	0.00710	0.29772	0.08413	0.00707	0.24212	0.03944	0.03805	0.04436	0.01763
1.00000	0.01750	0.00640	0.00611	0.00346	0.15642	0.14099	0.04065	0.13971	0.37370	0.11506
1.00000	0.01563	0.00258	0.07434	0.19842	0.01869	0.07598	0.01871	0.02183	0.56955	0.00426
1.00000	0.14075	0.00101	0.04579	0.16767	0.00577	0.19520	0.05765	0.01048	0.34629	0.02940
1.00000	0.00014	0.00009	0.00092	0.00014	0.00193	0.00050	0.00001	0.99343	0.00010	0.00274
1.00000	0.04667	0.02668	0.36203	0.18589	0.00249	0.04262	0.00895	0.03494	0.28012	0.00959
1.00000	0.00409	0.00569	0.10746	0.06117	0.08784	0.04639	0.63719	0.00881	0.03610	0.00527
1.00000	0.86210	0.00506	0.00693	0.00226	0.00565	0.04965	0.03854	0.02557	0.00262	0.00161
1.00000	0.01800	0.00961	0.02292	0.05230	0.02290	0.71825	0.04822	0.00462	0.04805	0.05512
1.00000	0.01391	0.00362	0.01195	0.08156	0.00341	0.67201	0.00502	0.04409	0.15942	0.00500
1.00000	0.01769	0.00203	0.94604	0.00562	0.00507	0.00704	0.00180	0.00166	0.01161	0.00143
1.00000	0.00746	0.00080	0.00599	0.00421	0.00915	0.95914	0.00245	0.00146	0.00805	0.00128
1.00000	0.02210	0.48407	0.03028	0.07689	0.11381	0.03043	0.02096	0.09817	0.04345	0.07984
1.00000	0.00185	0.02520	0.03355	0.89173	0.00050	0.01970	0.00634	0.00652	0.01365	0.00097
1.00000	0.03634	0.00700	0.02441	0.00834	0.06622	0.00985	0.75270	0.00789	0.06707	0.02017
1.00000	0.06526	0.00627	0.07132	0.00757	0.66087	0.07244	0.04891	0.01431	0.00916	0.04389
1.00000	0.00318	0.06495	0.02701	0.09106	0.03714	0.02166	0.00188	0.67638	0.01871	0.05804
1.00000	0.00043	0.00019	0.00520	0.00028	0.91240	0.00652	0.00056	0.00118	0.00122	0.07201
1.00000	0.82429	0.00217	0.02544	0.06947	0.00381	0.03296	0.02373	0.00149	0.01576	0.00087
0.00000	0.01685	0.08051	0.29000	0.10577	0.00423	0.02466	0.00620	0.00509	0.46041	0.00629
1.00000	0.47869	0.00790	0.09972	0.01389	0.05100	0.05368	0.12359	0.03465	0.01904	0.11784
0.00000	0.06244	0.02580	0.26374	0.35671	0.00463	0.03184	0.00789	0.10102	0.11738	0.02854
1.00000	0.00308	0.00042	0.00041	0.00670	0.03211	0.07037	0.01228	0.01227	0.00941	0.85293
1.00000	0.01963	0.00822	0.79263	0.07176	0.03330	0.00755	0.00970	0.01993	0.03213	0.00514
1.00000	0.00289	0.00148	0.00068	0.07128	0.02221	0.79577	0.01301	0.03636	0.04619	0.01013
0.00000	0.42353	0.00321	0.28632	0.01570	0.00166	0.06271	0.11420	0.00518	0.07387	0.01363
0.00000	0.00445	0.00455	0.04417	0.00139	0.57983	0.12580	0.11423	0.00682	0.03294	0.08583
1.00000	0.00135	0.00322	0.00317	0.02445	0.03560	0.07855	0.00237	0.02685	0.15129	0.67315
1.00000	0.00051	0.00039	0.00038	0.00192	0.10727	0.00351	0.00259	0.02260	0.00254	0.85829
1.00000	0.04075	0.03427	0.08773	0.03009	0.05100	0.03400	0.63045	0.01015	0.06753	0.01403
1.00000	0.00547	0.01097	0.12070	0.02350	0.06120	0.01395	0.00178	0.00230	0.70613	0.05399
1.00000	0.27649	0.00309	0.58568	0.04115	0.01058	0.00693	0.01659	0.00413	0.02579	0.02958
1.00000	0.46512	0.02764	0.04193	0.04544	0.00774	0.17827	0.12358	0.00637	0.10068	0.00322
1.00000	0.01485	0.00475	0.01825	0.08703	0.00428	0.00410	0.00194	0.03720	0.75111	0.07649
1.00000	0.03868	0.00205	0.00327	0.00481	0.00519	0.90359	0.03516	0.00275	0.00374	0.00077
1.00000	0.00178	0.00086	0.00201	0.03535	0.67858	0.02347	0.01101	0.01080	0.03168	0.20447
1.00000	0.01050	0.00069	0.01252	0.00021	0.02206	0.01006	0.94173	0.00024	0.00022	0.00177
1.00000	0.02173	0.00136	0.02208	0.00483	0.77633	0.03223	0.01394	0.00380	0.02696	0.09674
1.00000	0.00947	0.00011	0.00090	0.00518	0.00060	0.00323	0.00074	0.97326	0.00059	0.00591
1.00000	0.04728	0.01267	0.01177	0.56819	0.00545	0.03522	0.01172	0.08083	0.16945	0.05744
1.00000	0.00213	0.00116	0.01019	0.05159	0.00185	0.03362	0.00043	0.00066	0.86515	0.03321
0.00000	0.00686	0.00433	0.20136	0.08284	0.02047	0.00919	0.00213	0.05393	0.59399	0.02490
1.00000	0.38131	0.03817	0.06842	0.00570	0.12297	0.04285	0.13713	0.07508	0.01918	0.10920
1.00000	0.00628	0.02056	0.00688	0.61632	0.01855	0.10185	0.01052	0.03027	0.11579	0.07298
1.00000	0.02538	0.00485	0.02672	0.00066	0.05942	0.05056	0.81576	0.00070	0.00497	0.01098
1.00000	0.00152	0.90774	0.00448	0.00264	0.02089	0.03431	0.00161	0.01795	0.00793	0.00094
1.00000	0.00275	0.00070	0.00623	0.85263	0.00076	0.04916	0.00361	0.01810	0.06191	0.00415
1.00000	0.10603	0.00208	0.09767	0.26810	0.00420	0.03877	0.00820	0.00176	0.44910	0.02410
1.00000	0.00506	0.01104	0.02145	0.06853	0.01183	0.01613	0.00784	0.04896	0.75409	0.05506
1.00000	0.02055	0.00262	0.00295	0.00206	0.01108	0.93080	0.01053	0.00215	0.00373	0.01354
0.00000	0.14255	0.01394	0.12722	0.18743	0.05458	0.10923	0.01423	0.05590	0.17454	0.12038
1.00000	0.04009	0.01210	0.04113	0.75931	0.01796	0.02613	0.00429	0.00159	0.08585	0.01155
1.00000	0.35376	0.00601	0.10705	0.35803	0.02574	0.04228	0.02112	0.02091	0.05869	0.00643
1.00000	0.00243	0.00049	0.00137	0.00276	0.81517	0.04115	0.00705	0.03040	0.00598	0.09321
1.00000	0.04064	0.00879	0.12217	0.43599	0.00860	0.06941	0.00761	0.00441	0.28937	0.01300
0.00000	0.00652	0.00424	0.48811	0.18858	0.02762	0.03822	0.04450	0.12925	0.03342	0.03955
1.00000	0.06037	0.00630	0.07454	0.11962	0.05925	0.15712	0.01281	0.01737	0.46072	0.03189
1.00000	0.00699	0.00717	0.10342	0.18396	0.02547	0.13659	0.01338	0.03333	0.46411	0.02556
1.00000	0.93693	0.00005	0.00120	0.00117	0.00026	0.00952	0.04675	0.00080	0.00309	0.00024
1.00000	0.00661	0.00024	0.00269	0.02356	0.00493	0.95038	0.00115	0.00689	0.00224	0.00132
1.00000	0.00617	0.00190	0.09475	0.83945	0.00119	0.04064	0.00030	0.00124	0.01402	0.00032
1.00000	0.00362	0.00148	0.01922	0.00149	0.78799	0.05716	0.02746	0.02202	0.00779	0.07177
1.00000	0.00774	0.04947	0.01123	0.00364	0.80137	0.06599	0.01605	0.00318	0.00433	0.03701
1.00000	0.00010	0.00008	0.00019	0.00196	0.04239	0.00131	0.00008	0.04442	0.03764	0.87182
1.00000	0.02778	0.01028	0.01054	0.05664	0.16478	0.21763	0.01882	0.14986	0.03287	0.31080
1.00000	0.00564	0.00114	0.15117	0.77626	0.00609	0.02702	0.00224	0.00775	0.01684	0.00585
1.00000	0.00834	0.00325	0.01547	0.02881	0.03752	0.05495	0.00540	0.10751	0.08673	0.65202
1.00000	0.00813	0.00216	0.00277	0.00950	0.02381	0.19115	0.00872	0.00193	0.63411	0.11771
1.00000	0.00059	0.00015	0.00003	0.00055	0.17611	0.00461	0.00012	0.00457	0.00099	0.81229
1.00000	0.00513	0.00126	0.00240	0.05283	0.01151	0.04447	0.00821	0.00380	0.78763	0.08276
1.00000	0.89356	0.00376	0.04417	0.01659	0.00119	0.01829	0.01839	0.00168	0.00196	0.00040
1.00000	0.00221	0.79488	0.05373	0.00699	0.04877	0.03799	0.00348	0.01440	0.03140	0.00616
0.00000	0.00371	0.00742	0.00162	0.33358	0.00970	0.01797	0.01891	0.03109	0.39593	0.18008
1.00000	0.82617	0.00110	0.02749	0.04005	0.00028	0.03087	0.04124	0.00307	0.02953	0.00020
1.00000	0.07096	0.01377	0.52261	0.00981	0.26743	0.00972	0.00526	0.02996	0.02214	0.04834
1.00000	0.00308	0.00146	0.00091	0.00702	0.05826	0.02149	0.00016	0.04485	0.07883	0.78394
1.00000	0.00005	0.00062	0.00261	0.00081	0.00125	0.00036	0.00008	0.97300	0.00026	0.02095
1.00000	0.00715	0.00354	0.02679	0.00832	0.01249	0.13604	0.08157	0.00929	0.69615	0.01867
1.00000	0.21369	0.00116	0.01557	0.02585	0.02367	0.11402	0.03252	0.36451	0.10691	0.10209
1.00000	0.97955	0.00040	0.00095	0.00238	0.00012	0.00374	0.00801	0.00090	0.00349	0.00045
1.00000	0.00189	0.00647	0.00173	0.00622	0.10316	0.01250	0.00016	0.08742	0.01593	0.76452
1.00000	0.04787	0.00175	0.09768	0.00776	0.01955	0.02008	0.76851	0.01969	0.00673	0.01037
1.00000	0.00140	0.06377	0.00751	0.00760	0.00625	0.01837	0.00024	0.86890	0.00644	0.01953
1.00000	0.00161	0.00003	0.00081	0.00020	0.93525	0.02071	0.00214	0.00147	0.00188	0.03590
1.00000	0.00863	0.00113	0.00223	0.00770	0.04705	0.03183	0.00088	0.78680	0.01097	0.10277
1.00000	0.01007	0.51539	0.13731	0.01698	0.08100	0.01667	0.00932	0.08843	0.09044	0.03440
1.00000	0.00008	0.00026	0.00012	0.00478	0.12319	0.02089	0.00085	0.00633	0.03462	0.80888
1.00000	0.01703	0.00483	0.54816	0.34576	0.00253	0.01075	0.01902	0.03177	0.00928	0.01086
1.00000	0.19556	0.00311	0.48974	0.10495	0.02145	0.05956	0.01862	0.01595	0.06877	0.02228
1.00000	0.00524	0.00204	0.74878	0.14425	0.00161	0.00363	0.01082	0.00115	0.08020	0.00228
1.00000	0.03447	0.87882	0.01155	0.00873	0.01249	0.01572	0.00308	0.01274	0.00297	0.01943
1.00000	0.00033	0.00204	0.07477	0.04268	0.01836	0.00533	0.00354	0.00437	0.77384	0.07474
1.00000	0.00294	0.00050	0.00473	0.82153	0.02113	0.02804	0.00036	0.00155	0.09956	0.01966
1.00000	0.00806	0.00131	0.02375	0.87682	0.00238	0.06173	0.00030	0.00216	0.02219	0.00130
1.00000	0.00045	0.00074	0.01088	0.92658	0.00055	0.01413	0.00008	0.00117	0.04506	0.00035
1.00000	0.03138	0.00005	0.00087	0.01246	0.01711	0.01006	0.00019	0.90909	0.00175	0.01704
1.00000	0.56991	0.00075	0.06331	0.18632	0.01629	0.05420	0.06501	0.01196	0.02305	0.00920
1.00000	0.18833	0.01238	0.01843	0.02723	0.17269	0.07368	0.03488	0.02925	0.14952	0.29360
1.00000	0.50556	0.00953	0.05715	0.02734	0.04751	0.03205	0.14729	0.07263	0.01280	0.08815
1.00000	0.01755	0.00113	0.02065	0.39275	0.01143	0.10934	0.02129	0.00317	0.36189	0.06081
1.00000	0.00835	0.92688	0.00273	0.00392	0.00300	0.00798	0.00146	0.01963	0.01138	0.01467
1.00000	0.01425	0.00514	0.00335	0.41724	0.00145	0.39617	0.00575	0.05421	0.05454	0.04788
1.00000	0.00309	0.00774	0.00606	0.04146	0.06284	0.08694	0.02525	0.74529	0.00520	0.01613
1.00000	0.00417	0.00023	0.00490	0.01057	0.02858	0.88586	0.02746	0.00155	0.02487	0.01182
1.00000	0.06991	0.17812	0.05319	0.05683	0.00661	0.47565	0.05349	0.04327	0.05910	0.00384
1.00000	0.03341	0.00580	0.02751	0.10320	0.03100	0.03176	0.00399	0.01079	0.64690	0.10563
1.00000	0.00922	0.02446	0.00711	0.02421	0.07435	0.00290	0.00043	0.70355	0.00266	0.15110
1.00000	0.00350	0.00135	0.00595	0.01892	0.00301	0.10355	0.02168	0.02142	0.78891	0.03172
1.00000	0.00371	0.05246	0.00432	0.00583	0.78313	0.00489	0.03070	0.01881	0.00573	0.09042
1.00000	0.03892	0.00253	0.00302	0.13337	0.01311	0.74148	0.00399	0.00931	0.04686	0.00742
1.00000	0.02134	0.00264	0.01677	0.00116	0.88810	0.02460	0.03068	0.00345	0.00351	0.00776
1.00000	0.00870	0.00513	0.75692	0.04935	0.08769	0.02041	0.04208	0.00316	0.02469	0.00187
1.00000	0.00481	0.05058	0.00357	0.02006	0.11094	0.01640	0.00125	0.03686	0.12224	0.63329
1.00000	0.00534	0.86488	0.00260	0.00538	0.03315	0.03706	0.00107	0.04110	0.00548	0.00395
1.00000	0.00057	0.00179	0.00487	0.00561	0.65613	0.03476	0.00155	0.01824	0.00290	0.27357
1.00000	0.00572	0.00456	0.03100	0.11357	0.01947	0.03753	0.00304	0.00961	0.65206	0.12344
1.00000	0.00012	0.00018	0.00044	0.00058	0.11728	0.00117	0.00002	0.00909	0.00066	0.87046
1.00000	0.06204	0.00118	0.00197	0.10232	0.01078	0.48944	0.00146	0.07428	0.24275	0.01378
0.00000	0.01162	0.05474	0.01243	0.11744	0.20942	0.19037	0.03296	0.23542	0.02117	0.11443
1.00000	0.00073	0.00127	0.00731	0.02737	0.00502	0.01568	0.00094	0.00080	0.89609	0.04478
1.00000	0.05548	0.00956	0.09083	0.22782	0.00658	0.05732	0.01136	0.00198	0.53177	0.00729
1.00000	0.86235	0.00089	0.02902	0.02516	0.00199	0.03260	0.00713	0.00039	0.01994	0.02051
1.00000	0.00792	0.01229	0.01570	0.12313	0.09292	0.50619	0.15738	0.00992	0.05607	0.01847
1.00000	0.17070	0.01051	0.43345	0.15586	0.04655	0.06053	0.03704	0.03229	0.03608	0.01698
1.00000	0.07724	0.01116	0.00993	0.00518	0.05978	0.22200	0.54507	0.00771	0.04437	0.01756
1.00000	0.07326	0.02202	0.08103	0.04503	0.02370	0.02981	0.00189	0.54953	0.15466	0.01908
1.00000	0.00349	0.01534	0.01157	0.61576	0.01215	0.06711	0.00638	0.09357	0.09323	0.08140
1.00000	0.00026	0.00030	0.00028	0.00236	0.12556	0.01444	0.00173	0.01851	0.06340	0.77317
1.00000	0.00123	0.00426	0.91187	0.01865	0.00541	0.00962	0.00349	0.00249	0.02257	0.02042
1.00000	0.00597	0.00052	0.00643	0.10812	0.00234	0.03690	0.00035	0.00382	0.82013	0.01542
1.00000	0.03289	0.01004	0.00877	0.02433	0.06390	0.70011	0.08616	0.00156	0.04006	0.03217
1.00000	0.08637	0.00740	0.13518	0.13127	0.11803	0.07330	0.12083	0.09011	0.20797	0.02953
1.00000	0.00071	0.00138	0.00021	0.01803	0.10408	0.01181	0.00047	0.00798	0.00455	0.85078
1.00000	0.01213	0.00309	0.91228	0.01075	0.00661	0.01079	0.02333	0.00541	0.00855	0.00706
1.00000	0.01881	0.00267	0.05085	0.00959	0.01443	0.03500	0.77355	0.00477	0.07974	0.01060
1.00000	0.00117	0.00059	0.00383	0.00201	0.23957	0.00328	0.00033	0.04248	0.00194	0.70479
1.00000	0.00090	0.01404	0.78578	0.04151	0.03921	0.00526	0.04767	0.04679	0.00156	0.01730
1.00000	0.93472	0.00008	0.00463	0.01007	0.00023	0.03677	0.00206	0.00035	0.01078	0.00029
1.00000	0.01575	0.13513	0.03646	0.00957	0.08233	0.14341	0.47790	0.00212	0.06316	0.03417
0.00000	0.00202	0.00064	0.04658	0.12826	0.02688	0.02832	0.00393	0.00576	0.68763	0.06998
1.00000	0.91245	0.00131	0.00447	0.00296	0.00425	0.05250	0.00859	0.00183	0.01140	0.00024
1.00000	0.18300	0.01193	0.07710	0.00556	0.01421	0.24665	0.43837	0.00260	0.01403	0.00654
1.00000	0.48904	0.01095	0.01819	0.02342	0.02712	0.28859	0.03384	0.05223	0.03351	0.02310
1.00000	0.02038	0.00301	0.01785	0.69592	0.00357	0.19394	0.02830	0.00478	0.01969	0.01256
1.00000	0.00113	0.01251	0.87231	0.04076	0.00693	0.00287	0.00623	0.03165	0.01440	0.01121
1.00000	0.00291	0.00464	0.01550	0.00102	0.00993	0.00222	0.94425	0.00155	0.01716	0.00083
1.00000	0.00521	0.01189	0.03064	0.04217	0.09712	0.03104	0.00875	0.08856	0.08284	0.60178
1.00000	0.00048	0.00127	0.00198	0.00117	0.00190	0.00033	0.00002	0.98281	0.00020	0.00984
1.00000	0.00669	0.00013	0.00164	0.00236	0.14357	0.01443	0.00422	0.10664	0.00293	0.71739
1.00000	0.78056	0.00151	0.00167	0.01126	0.00180	0.11118	0.00221	0.02168	0.06350	0.00463
1.00000	0.00607	0.00173	0.00265	0.01056	0.09430	0.01509	0.00061	0.13355	0.01564	0.71980
0.00000	0.14701	0.01435	0.03240	0.37411	0.02883	0.08208	0.00518	0.01542	0.26940	0.03122
1.00000	0.04323	0.00957	0.05416	0.02221	0.02519	0.04930	0.00885	0.01600	0.64036	0.13112
1.00000	0.00257	0.00339	0.12450	0.00528	0.22017	0.00751	0.54235	0.02087	0.03472	0.03866
1.00000	0.00610	0.00196	0.00676	0.03749	0.04211	0.01443	0.00690	0.82559	0.00993	0.04872
1.00000	0.12972	0.00026	0.00167	0.07141	0.01583	0.72943	0.00616	0.00308	0.03836	0.00408
1.00000	0.80949	0.00016	0.00493	0.02271	0.00160	0.09159	0.02107	0.00112	0.04687	0.00046
1.00000	0.00189	0.90114	0.01274	0.00287	0.00958	0.04985	0.00252	0.00445	0.01360	0.00138
0.00000	0.25901	0.00411	0.04097	0.33481	0.00826	0.20732	0.05434	0.01076	0.07767	0.00277
1.00000	0.02661	0.01197	0.57092	0.05110	0.10981	0.09410	0.04281	0.01416	0.00703	0.07147
1.00000	0.00779	0.00019	0.00459	0.00328	0.00213	0.95256	0.00186	0.00076	0.02590	0.00095
1.00000	0.00449	0.00571	0.00558	0.01555	0.68970	0.00935	0.01153	0.03220	0.01192	0.21398
1.00000	0.00246	0.01470	0.03107	0.01622	0.19617	0.01332	0.00361	0.67716	0.01448	0.03081
1.00000	0.03357	0.00816	0.38236	0.21737	0.01504	0.01333	0.01030	0.07447	0.23066	0.01475
1.00000	0.00314	0.00052	0.05779	0.07056	0.02520	0.03548	0.00336	0.00118	0.79319	0.00959
1.00000	0.00781	0.00171	0.00253	0.00043	0.00301	0.01497	0.95802	0.00015	0.01002	0.00135
1.00000	0.10800	0.00363	0.09774	0.01113	0.06712	0.02508	0.47580	0.00579	0.14411	0.06161
1.00000	0.00464	0.90364	0.00250	0.00262	0.00687	0.01988	0.00130	0.03460	0.00046	0.02348
0.00000	0.54131	0.00644	0.14586	0.08486	0.00799	0.12912	0.01311	0.01262	0.04523	0.01346
1.00000	0.00354	0.00099	0.00037	0.00103	0.00057	0.00263	0.00012	0.98758	0.00043	0.00274
1.00000	0.04204	0.00823	0.60715	0.00482	0.18255	0.00535	0.05747	0.06274	0.01259	0.01706
0.00000	0.09206	0.00104	0.24159	0.28672	0.00184	0.04729	0.03279	0.00146	0.29245	0.00276
1.00000	0.11512	0.00107	0.03226	0.11832	0.01598	0.46452	0.06520	0.00518	0.17116	0.01119
1.00000	0.00068	0.00015	0.00074	0.00063	0.00465	0.00207	0.00001	0.97610	0.00919	0.00578
1.00000	0.12827	0.00981	0.00596	0.08484	0.00669	0.19246	0.53562	0.00409	0.02055	0.01170
1.00000	0.73892	0.00263	0.06502	0.07983	0.00928	0.01485	0.06701	0.00071	0.02072	0.00104
1.00000	0.00550	0.00639	0.01781	0.66934	0.03510	0.13861	0.00422	0.01177	0.05034	0.06092
1.00000	0.00021	0.00020	0.00049	0.00020	0.93161	0.00023	0.00009	0.00106	0.00097	0.06493
1.00000	0.01047	0.00717	0.88353	0.02135	0.00975	0.03311	0.02000	0.00785	0.00582	0.00095
1.00000	0.07278	0.00255	0.01171	0.01046	0.50312	0.07346	0.07491	0.02864	0.14964	0.07273
1.00000	0.01664	0.00167	0.00232	0.10777	0.00144	0.79105	0.01209	0.01763	0.04525	0.00414
1.00000	0.00979	0.69182	0.03814	0.00567	0.02106	0.04066	0.14528	0.00746	0.01839	0.02174
1.00000	0.00047	0.04494	0.01258	0.01905	0.24684	0.03533	0.01007	0.53933	0.00170	0.08971
1.00000	0.01102	0.01838	0.15724	0.03143	0.04075	0.08292	0.09691	0.03261	0.50675	0.02199
1.00000	0.75176	0.00080	0.09618	0.01310	0.01771	0.02802	0.07470	0.00499	0.00683	0.00592
1.00000	0.01387	0.90380	0.01354	0.00945	0.00419	0.00704	0.00233	0.01672	0.00277	0.02628
1.00000	0.01820	0.00179	0.03200	0.00733	0.85908	0.00220	0.00745	0.03727	0.00772	0.02697
1.00000	0.00174	0.00160	0.00183	0.01948	0.87393	0.00489	0.00397	0.07599	0.00245	0.01412
1.00000	0.04862	0.00070	0.00071	0.01449	0.03303	0.81540	0.00113	0.00131	0.07837	0.00623
1.00000	0.00675	0.00596	0.00570	0.02764	0.07304	0.63220	0.00293	0.06945	0.13492	0.04142
1.00000	0.00131	0.00021	0.00397	0.00827	0.13710	0.00771	0.00222	0.01413	0.00367	0.82142
1.00000	0.80059	0.00127	0.03884	0.00676	0.03918	0.01209	0.01791	0.00669	0.02147	0.05521
1.00000	0.00098	0.00111	0.98311	0.00111	0.00198	0.00060	0.00302	0.00136	0.00650	0.00022
1.00000	0.00718	0.60697	0.00999	0.05469	0.05066	0.06913	0.00939	0.04903	0.05964	0.08332
1.00000	0.02049	0.00030	0.00711	0.00780	0.88707	0.00503	0.05833	0.00819	0.00271	0.00297
1.00000	0.89783	0.00071	0.00448	0.01091	0.00494	0.01692	0.00945	0.04165	0.00809	0.00502
1.00000	0.00044	0.00008	0.00136	0.00033	0.00302	0.00047	0.00001	0.98254	0.00031	0.01143
1.00000	0.03092	0.01162	0.17887	0.04289	0.21842	0.08384	0.06394	0.05543	0.24712	0.06697
1.00000	0.05691	0.00463	0.00226	0.12641	0.04929	0.33398	0.01347	0.11318	0.08769	0.21218
1.00000	0.01580	0.16764	0.02510	0.09235	0.06165	0.14547	0.00494	0.16940	0.18517	0.13248
1.00000	0.00186	0.00496	0.01198	0.00935	0.17161	0.01617	0.01519	0.00579	0.04160	0.72148
1.00000	0.06314	0.00293	0.01117	0.13619	0.02836	0.45945	0.02496	0.01879	0.23009	0.02491
0.00000	0.03420	0.05303	0.02970	0.26721	0.08045	0.18243	0.06412	0.01930	0.15002	0.11955
1.00000	0.00094	0.00073	0.00182	0.00125	0.90302	0.01731	0.00387	0.00938	0.00704	0.05465
1.00000	0.00117	0.00100	0.00732	0.04422	0.06596	0.00746	0.00042	0.81015	0.00293	0.05938
1.00000	0.01004	0.75881	0.01627	0.03580	0.04809	0.03325	0.00166	0.08153	0.00474	0.00979
1.00000	0.00325	0.00122	0.00247	0.00455	0.04878	0.03092	0.00082	0.81653	0.01109	0.08036
1.00000	0.00085	0.03499	0.04968	0.04263	0.01941	0.01117	0.00009	0.75014	0.08314	0.00790
1.00000	0.02146	0.03469	0.61537	0.11611	0.00384	0.05878	0.06609	0.01054	0.07159	0.00154
1.00000	0.00089	0.00026	0.98825	0.00539	0.00147	0.00020	0.00072	0.00058	0.00162	0.00061
1.00000	0.00235	0.93485	0.00175	0.00446	0.00560	0.00395	0.00108	0.02233	0.00035	0.02328
1.00000	0.01247	0.91530	0.00332	0.00411	0.01681	0.01770	0.00258	0.02092	0.00314	0.00364
1.00000	0.00144	0.00030	0.00019	0.01657	0.09342	0.12191	0.00492	0.00669	0.01179	0.74277
1.00000	0.00424	0.79153	0.02119	0.00266	0.01514	0.01318	0.00560	0.08878	0.00150	0.05617
1.00000	0.71636	0.00541	0.04576	0.00906	0.03621	0.04656	0.09025	0.01612	0.00817	0.02611
1.00000	0.00016	0.00009	0.03206	0.00214	0.00019	0.00542	0.00020	0.00017	0.94638	0.01319
1.00000	0.84323	0.00008	0.01890	0.01009	0.00147	0.07283	0.04315	0.00195	0.00800	0.00030
1.00000	0.00008	0.00006	0.00102	0.00036	0.98717	0.00769	0.00055	0.00142	0.00013	0.00150
1.00000	0.01194	0.04008	0.00222	0.00575	0.80420	0.01815	0.00941	0.02263	0.01742	0.06819
1.00000	0.14890	0.01089	0.63955	0.06203	0.03300	0.00579	0.07927	0.00198	0.00904	0.00956
1.00000	0.03397	0.00105	0.00573	0.73006	0.02410	0.06036	0.00459	0.00269	0.12622	0.01123
1.00000	0.00034	0.00032	0.00599	0.00280	0.00148	0.00586	0.00002	0.97685	0.00083	0.00552
1.00000	0.81217	0.00292	0.01451	0.04065	0.00411	0.05136	0.05359	0.00297	0.01278	0.00495
1.00000	0.00617	0.00120	0.00248	0.00022	0.00790	0.01397	0.96297	0.00029	0.00387	0.00094
1.00000	0.00048	0.00236	0.00074	0.00306	0.80350	0.05206	0.01087	0.01483	0.00949	0.10261
1.00000	0.00518	0.00332	0.00562	0.04556	0.00780	0.00252	0.00018	0.89513	0.01045	0.02423
1.00000	0.02003	0.01399	0.21816	0.24942	0.05103	0.01077	0.00918	0.02182	0.32970	0.07590
1.00000	0.01405	0.93268	0.00126	0.00236	0.00397	0.00539	0.00712	0.02028	0.00260	0.01030
1.00000	0.01427	0.03809	0.05295	0.53884	0.04856	0.09752	0.00384	0.02029	0.08394	0.10170
1.00000	0.00133	0.00151	0.01149	0.55886	0.00147	0.01545	0.00051	0.05570	0.32337	0.03031
1.00000	0.02265	0.03023	0.78820	0.02017	0.00298	0.05524	0.03170	0.00091	0.04750	0.00042
1.00000	0.00392	0.02150	0.72873	0.00908	0.00526	0.06060	0.13873	0.00230	0.02385	0.00604
0.00000	0.06952	0.00874	0.29608	0.15987	0.02076	0.01474	0.00193	0.00684	0.38712	0.03442
1.00000	0.78987	0.00044	0.03232	0.02362	0.00147	0.05874	0.08216	0.00025	0.01061	0.00052
1.00000	0.00279	0.00053	0.80199	0.02511	0.01565	0.01425	0.05041	0.01908	0.05983	0.01036
1.00000	0.01968	0.00386	0.00367	0.87097	0.00249	0.03181	0.01261	0.04353	0.01080	0.00057
1.00000	0.01192	0.00446	0.05055	0.06997	0.01266	0.19640	0.02390	0.00777	0.60587	0.01650
1.00000	0.08875	0.01395	0.01805	0.00437	0.04732	0.01397	0.80259	0.00123	0.00202	0.00775
1.00000	0.00084	0.00126	0.00084	0.00429	0.05147	0.01850	0.00036	0.02277	0.04177	0.85791
0.00000	0.00851	0.07032	0.01258	0.19193	0.03885	0.09456	0.01117	0.31005	0.06092	0.20111
1.00000	0.03082	0.02742	0.17291	0.02191	0.11729	0.05117	0.49466	0.04471	0.02086	0.01825
1.00000	0.01162	0.00229	0.01247	0.03057	0.01080	0.07849	0.00069	0.00416	0.78397	0.06494
1.00000	0.00292	0.00039	0.03823	0.01173	0.00385	0.92702	0.00155	0.00046	0.01357	0.00028
1.00000	0.01826	0.03938	0.16974	0.02276	0.34144	0.07606	0.14093	0.00329	0.14373	0.04441
1.00000	0.00806	0.00049	0.00586	0.00096	0.16905	0.06844	0.00470	0.03949	0.00930	0.69364
1.00000	0.00377	0.02287	0.00641	0.01043	0.01945	0.04621	0.00157	0.77661	0.00097	0.11171
1.00000	0.00606	0.15374	0.57511	0.06347	0.00223	0.08596	0.05113	0.00412	0.05239	0.00579
1.00000	0.00014	0.00035	0.00070	0.00030	0.00114	0.00111	0.00009	0.99208	0.00025	0.00383
1.00000	0.00702	0.00122	0.05005	0.05587	0.00233	0.00242	0.00850	0.00193	0.83260	0.03806
0.00000	0.00219	0.00256	0.00301	0.27068	0.00652	0.06034	0.00054	0.00625	0.55215	0.09577
1.00000	0.05660	0.00221	0.01817	0.09162	0.01788	0.69925	0.02551	0.01960	0.06701	0.00215
1.00000	0.54270	0.01071	0.08682	0.00346	0.02759	0.03660	0.10404	0.02407	0.07175	0.09226
1.00000	0.00945	0.09589	0.14014	0.15523	0.02200	0.01104	0.00317	0.29267	0.22076	0.04965
1.00000	0.00099	0.00034	0.00043	0.00019	0.96780	0.00097	0.00029	0.00121	0.00038	0.02740
1.00000	0.04231	0.00025	0.02037	0.01095	0.07835	0.01704	0.00374	0.03563	0.02566	0.76570
1.00000	0.04101	0.05491	0.04315	0.60825	0.01999	0.16828	0.00413	0.00268	0.05367	0.00393
1.00000	0.06587	0.00125	0.00528	0.15900	0.01040	0.64262	0.00147	0.02170	0.08927	0.00314
1.00000	0.00245	0.00122	0.00199	0.02749	0.87561	0.02427	0.00475	0.02965	0.00492	0.02764
1.00000	0.11122	0.00966	0.15649	0.36067	0.02271	0.14501	0.04531	0.00297	0.14039	0.00558
1.00000	0.84754	0.00026	0.04610	0.02450	0.00133	0.00854	0.02563	0.00184	0.02264	0.02162
1.00000	0.00234	0.01247	0.70280	0.22244	0.00223	0.00572	0.00638	0.00331	0.04170	0.00061
1.00000	0.07939	0.00369	0.20679	0.01079	0.18715	0.04698	0.08200	0.00923	0.03222	0.34175
1.00000	0.17284	0.00885	0.01467	0.59196	0.00333	0.07483	0.02877	0.01901	0.05093	0.03480
1.00000	0.00804	0.92568	0.00937	0.00115	0.00797	0.00303	0.00229	0.01407	0.00063	0.02776
1.00000	0.09368	0.00225	0.00865	0.02985	0.00674	0.32343	0.50717	0.00302	0.01240	0.01279
1.00000	0.00057	0.00029	0.00004	0.00058	0.14627	0.00292	0.00003	0.00642	0.00101	0.84186
1.00000	0.00563	0.77035	0.01373	0.01447	0.06201	0.01381	0.00243	0.07006	0.00944	0.03807
1.00000	0.00028	0.00044	0.00013	0.00412	0.09932	0.00340	0.00002	0.01368	0.00306	0.87555
1.00000	0.04336	0.00424	0.00546	0.86645	0.00143	0.03469	0.00593	0.00263	0.03395	0.00186
0.00000	0.53622	0.00607	0.16958	0.07297	0.00607	0.11838	0.01226	0.03456	0.03229	0.01160
1.00000	0.01373	0.00270	0.02855	0.01808	0.71643	0.01338	0.06420	0.01760	0.03862	0.08671
1.00000	0.00279	0.00028	0.00030	0.00106	0.71001	0.04694	0.00051	0.05738	0.00051	0.18022
1.00000	0.04336	0.00734	0.02096	0.84001	0.00639	0.03027	0.00110	0.02615	0.02233	0.00209
1.00000	0.90900	0.00033	0.00591	0.00398	0.00337	0.06024	0.00790	0.00189	0.00304	0.00434
1.00000	0.01621	0.00376	0.01762	0.02491	0.71287	0.01426	0.06621	0.04543	0.00564	0.09307
1.00000	0.02364	0.00120	0.02844	0.00088	0.81937	0.03169	0.01519	0.00578	0.00604	0.06777
1.00000	0.01653	0.75277	0.00675	0.01895	0.03949	0.06430	0.00255	0.03380	0.05528	0.00958
1.00000	0.01191	0.00409	0.00584	0.41466	0.01576	0.22302	0.02703	0.02321	0.19110	0.08337
1.00000	0.55534	0.00314	0.03243	0.10722	0.01812	0.13797	0.04887	0.00463	0.07962	0.01266
1.00000	0.00259	0.00040	0.00014	0.00081	0.08449	0.01260	0.00338	0.00585	0.00955	0.88019
1.00000	0.00057	0.00036	0.00028	0.00442	0.20965	0.00730	0.00027	0.00339	0.00899	0.76477
1.00000	0.00912	0.12633	0.07950	0.01223	0.05408	0.09919	0.54385	0.00246	0.04440	0.02884
1.00000	0.00130	0.00068	0.05322	0.00752	0.00067	0.02164	0.00253	0.00015	0.90767	0.00461
1.00000	0.04744	0.07995	0.51954	0.14635	0.01690	0.01597	0.02783	0.10004	0.04186	0.00412
0.00000	0.01941	0.01244	0.00814	0.16676	0.13524	0.30303	0.00831	0.09690	0.04946	0.20030
1.00000	0.00207	0.06019	0.02826	0.02061	0.34523	0.01744	0.00484	0.39708	0.00456	0.11972
1.00000	0.06310	0.00158	0.00298	0.09951	0.00115	0.78117	0.01062	0.00106	0.03739	0.00141
1.00000	0.02359	0.00575	0.15417	0.09072	0.05925	0.03431	0.05345	0.38826	0.03289	0.15763
1.00000	0.00934	0.01323	0.00601	0.03745	0.01222	0.01021	0.00465	0.01532	0.79605	0.09552
1.00000	0.04819	0.00885	0.04206	0.05501	0.19024	0.03998	0.00390	0.03048	0.17271	0.40859
1.00000	0.01166	0.01236	0.72087	0.02441	0.02743	0.06407	0.02795	0.00082	0.08942	0.02101
1.00000	0.08024	0.01896	0.00979	0.00465	0.02644	0.73617	0.06878	0.00304	0.04772	0.00420
1.00000	0.00385	0.00182	0.87201	0.03506	0.03873	0.00573	0.00750	0.00144	0.00318	0.03069
1.00000	0.02773	0.00940	0.03053	0.65158	0.00508	0.15239	0.01315	0.02975	0.07680	0.00359
1.00000	0.04075	0.00176	0.04952	0.03013	0.03538	0.09282	0.01181	0.00471	0.67069	0.06242
0.00000	0.01594	0.00228	0.27423	0.14720	0.00245	0.05856	0.00231	0.00322	0.48629	0.00752
1.00000	0.00703	0.00022	0.01172	0.81507	0.00070	0.04862	0.00058	0.00590	0.09376	0.01639
1.00000	0.00113	0.00247	0.00033	0.01160	0.09725	0.02582	0.00162	0.01483	0.08660	0.75836
1.00000	0.00441	0.00368	0.00260	0.00869	0.00606	0.00327	0.96670	0.00014	0.00370	0.00074
1.00000	0.00092	0.00500	0.00421	0.00863	0.02366	0.00366	0.00025	0.92644	0.00296	0.02426
1.00000	0.91381	0.00063	0.01183	0.00199	0.00267	0.01453	0.05327	0.00043	0.00058	0.00025
1.00000	0.92064	0.00144	0.00502	0.01613	0.00042	0.02323	0.01816	0.00318	0.01151	0.00027
1.00000	0.00577	0.00391	0.01981	0.00757	0.09955	0.79014	0.01031	0.00157	0.05169	0.00968
1.00000	0.01688	0.00616	0.70626	0.03147	0.02113	0.01059	0.17167	0.01004	0.02420	0.00162
1.00000	0.02305	0.01013	0.07206	0.82863	0.00555	0.04673	0.00237	0.00359	0.00710	0.00080
1.00000	0.00596	0.03084	0.48831	0.08263	0.09507	0.03280	0.01433	0.05198	0.13446	0.06362
1.00000	0.00270	0.00055	0.00407	0.00077	0.00473	0.78984	0.00522	0.00062	0.15797	0.03353
1.00000	0.02065	0.74022	0.02039	0.02701	0.02907	0.06769	0.00467	0.04865	0.01386	0.02778
1.00000	0.65403	0.01534	0.06761	0.00437	0.05424	0.00200	0.13259	0.04604	0.00646	0.01733
1.00000	0.05435	0.00363	0.18959	0.22264	0.00367	0.03950	0.00516	0.38757	0.06181	0.03208
1.00000	0.04599	0.00283	0.05847	0.00999	0.00876	0.07262	0.00767	0.00050	0.77517	0.01801
0.00000	0.00414	0.00255	0.00590	0.00267	0.41398	0.00759	0.00575	0.00429	0.00950	0.54363
1.00000	0.07123	0.00409	0.01055	0.00276	0.65194	0.02343	0.02926	0.01912	0.01123	0.17639
0.00000	0.00943	0.01339	0.39234	0.11918	0.00349	0.03647	0.00337	0.00545	0.41519	0.00169
1.00000	0.00805	0.01660	0.82149	0.00868	0.01769	0.05337	0.02649	0.00090	0.04338	0.00334
1.00000	0.00547	0.00749	0.05008	0.20263	0.05907	0.05174	0.01947	0.02557	0.47753	0.10095
