1.00000	0.00366	0.94993	0.00264	0.00158	0.02315	0.00464	0.00609	0.00674	0.00055	0.00100
1.00000	0.00285	0.00066	0.00311	0.00577	0.02583	0.00144	0.00113	0.95000	0.00140	0.00781
1.00000	0.91913	0.00041	0.02239	0.00142	0.00027	0.01315	0.02495	0.00134	0.00579	0.01115
1.00000	0.04034	0.00385	0.00542	0.02710	0.03571	0.80649	0.03285	0.00547	0.02729	0.01548
1.00000	0.00063	0.00674	0.00436	0.04182	0.73989	0.06820	0.01737	0.04826	0.00172	0.07101
1.00000	0.00623	0.05807	0.01435	0.00934	0.26690	0.10508	0.00195	0.29083	0.01482	0.23243
1.00000	0.00561	0.00134	0.00042	0.01071	0.00357	0.95925	0.00357	0.00040	0.01128	0.00385
1.00000	0.13827	0.01130	0.41769	0.04684	0.06920	0.04035	0.25252	0.00551	0.00454	0.01379
0.00000	0.00143	0.00587	0.02410	0.02586	0.16888	0.02280	0.01934	0.13603	0.01579	0.57989
0.00000	0.04969	0.03311	0.01483	0.03163	0.31773	0.08497	0.03226	0.04382	0.15676	0.23519
1.00000	0.01008	0.89686	0.01916	0.01697	0.00553	0.00622	0.00547	0.02503	0.00693	0.00774
1.00000	0.00572	0.00029	0.94129	0.00053	0.00270	0.00145	0.04697	0.00067	0.00020	0.00018
1.00000	0.00456	0.06878	0.00673	0.01258	0.67668	0.03410	0.00977	0.02259	0.00794	0.15627
1.00000	0.00760	0.90625	0.00185	0.00157	0.02553	0.02764	0.00738	0.00924	0.00554	0.00740
1.00000	0.00921	0.77261	0.01791	0.01582	0.00408	0.07042	0.00184	0.06685	0.03271	0.00854
1.00000	0.01495	0.00319	0.05541	0.28284	0.04740	0.11360	0.14609	0.12010	0.09249	0.12393
1.00000	0.00855	0.96077	0.00299	0.00222	0.00429	0.00866	0.00250	0.00626	0.00056	0.00321
1.00000	0.00597	0.02323	0.01612	0.01414	0.00337	0.07604	0.84315	0.00014	0.01658	0.00126
1.00000	0.00002	0.00206	0.00171	0.00545	0.94164	0.01993	0.01793	0.00079	0.00180	0.00866
1.00000	0.00041	0.00086	0.01511	0.03090	0.28587	0.02977	0.01846	0.09468	0.03220	0.49173
1.00000	0.00821	0.00061	0.00215	0.84090	0.00331	0.03766	0.02728	0.00071	0.07629	0.00288
1.00000	0.00100	0.00081	0.00417	0.01609	0.76151	0.01138	0.01050	0.00490	0.02297	0.16669
1.00000	0.00028	0.00028	0.00062	0.00031	0.02452	0.01265	0.00164	0.00697	0.01324	0.93950
1.00000	0.13147	0.02558	0.04769	0.08967	0.01585	0.02351	0.04092	0.01698	0.55999	0.04834
1.00000	0.00113	0.00042	0.00953	0.00237	0.03267	0.00888	0.00515	0.00615	0.13937	0.79432
1.00000	0.61442	0.00338	0.07350	0.04167	0.00261	0.07991	0.12511	0.00741	0.03035	0.02164
1.00000	0.00500	0.00034	0.00099	0.01175	0.00557	0.00451	0.00118	0.77756	0.02211	0.17097
1.00000	0.07436	0.00129	0.03471	0.00244	0.00129	0.01360	0.86034	0.00113	0.00928	0.00157
1.00000	0.04947	0.01456	0.04257	0.00403	0.09800	0.23280	0.08864	0.01408	0.34888	0.10697
1.00000	0.00498	0.00003	0.00062	0.00003	0.00042	0.00031	0.99310	0.00001	0.00014	0.00035
1.00000	0.01434	0.61157	0.11579	0.08113	0.01525	0.00718	0.00498	0.04852	0.06639	0.03485
1.00000	0.06697	0.00292	0.00769	0.81040	0.00138	0.05105	0.01085	0.00111	0.04541	0.00222
1.00000	0.00326	0.92506	0.02406	0.02956	0.00071	0.00408	0.00141	0.00211	0.00750	0.00226
1.00000	0.07148	0.00204	0.05236	0.02418	0.64662	0.04457	0.05222	0.03715	0.03234	0.03703
1.00000	0.00655	0.00073	0.00874	0.00018	0.01479	0.00177	0.96549	0.00023	0.00026	0.00126
1.00000	0.01028	0.06863	0.65070	0.08283	0.04207	0.01819	0.08151	0.00849	0.03003	0.00726
1.00000	0.00700	0.01289	0.00224	0.02227	0.23952	0.15461	0.04185	0.04646	0.37407	0.09909
1.00000	0.85472	0.00321	0.06337	0.00267	0.02106	0.00551	0.02348	0.00588	0.00235	0.01775
1.00000	0.01697	0.04190	0.03084	0.01461	0.50634	0.09987	0.02266	0.07360	0.02323	0.16998
1.00000	0.01738	0.01924	0.48035	0.06343	0.01415	0.02090	0.05405	0.02277	0.20317	0.10455
1.00000	0.11636	0.00169	0.03720	0.62432	0.00871	0.08916	0.04359	0.00176	0.07602	0.00119
1.00000	0.00263	0.00264	0.86695	0.04822	0.00643	0.01242	0.00888	0.00545	0.04371	0.00266
1.00000	0.99049	0.00021	0.00215	0.00017	0.00047	0.00229	0.00384	0.00011	0.00013	0.00015
1.00000	0.00409	0.00400	0.04804	0.02858	0.30126	0.02213	0.02947	0.03067	0.03225	0.49950
1.00000	0.04155	0.03334	0.56735	0.19887	0.01007	0.04223	0.02090	0.00352	0.08109	0.00107
1.00000	0.00434	0.96244	0.00251	0.01163	0.00586	0.00197	0.00536	0.00374	0.00038	0.00175
1.00000	0.01919	0.00625	0.02840	0.77201	0.00486	0.03832	0.01257	0.03549	0.07587	0.00704
1.00000	0.00566	0.00593	0.02230	0.88730	0.00829	0.01234	0.00439	0.01608	0.03323	0.00448
0.00000	0.01373	0.00357	0.01318	0.57793	0.00414	0.03714	0.00185	0.00466	0.26209	0.08173
1.00000	0.02558	0.00253	0.00939	0.24490	0.01657	0.53635	0.07141	0.00377	0.07063	0.01887
1.00000	0.01342	0.00378	0.01528	0.01017	0.38147	0.06310	0.17348	0.00919	0.25790	0.07221
1.00000	0.02850	0.00483	0.01277	0.01476	0.00364	0.05686	0.87102	0.00029	0.00589	0.00145
1.00000	0.00637	0.05058	0.05663	0.11084	0.00141	0.00256	0.00084	0.67087	0.02901	0.07087
1.00000	0.05018	0.02597	0.00406	0.03234	0.00945	0.06219	0.02144	0.73504	0.00453	0.05481
1.00000	0.01011	0.00200	0.00777	0.10726	0.00520	0.81246	0.00618	0.00263	0.04528	0.00110
1.00000	0.00238	0.00881	0.02659	0.02556	0.17319	0.03823	0.02995	0.07006	0.01474	0.61048
1.00000	0.00324	0.00241	0.01922	0.00521	0.87692	0.02060	0.03769	0.00597	0.00731	0.02143
1.00000	0.01340	0.00492	0.00765	0.01057	0.84801	0.01518	0.02630	0.03521	0.00549	0.03325
1.00000	0.70583	0.01291	0.05269	0.05753	0.00408	0.05358	0.08461	0.00467	0.01254	0.01155
1.00000	0.02763	0.05069	0.00489	0.03516	0.08909	0.04973	0.09008	0.03279	0.40257	0.21738
1.00000	0.00468	0.00454	0.00970	0.06235	0.10329	0.58306	0.11649	0.00794	0.01946	0.08847
1.00000	0.47601	0.00411	0.00816	0.09441	0.00648	0.12562	0.02427	0.09273	0.06292	0.10528
1.00000	0.00691	0.00204	0.00142	0.00460	0.65039	0.10162	0.02273	0.02430	0.01536	0.17062
1.00000	0.00029	0.00081	0.00204	0.00400	0.09262	0.02494	0.00250	0.05191	0.00427	0.81662
1.00000	0.01734	0.00149	0.01041	0.11414	0.03955	0.00306	0.00552	0.79262	0.00610	0.00976
1.00000	0.00344	0.00081	0.00103	0.00183	0.01217	0.00312	0.00393	0.95973	0.00204	0.01189
1.00000	0.06142	0.00325	0.08191	0.00643	0.08870	0.03646	0.10640	0.09384	0.02220	0.49937
1.00000	0.00116	0.00247	0.01411	0.07986	0.04140	0.01345	0.00119	0.80318	0.01911	0.02407
1.00000	0.00065	0.00060	0.00225	0.00853	0.14199	0.03283	0.00374	0.06742	0.00661	0.73537
1.00000	0.07719	0.03110	0.08508	0.05105	0.07684	0.02255	0.54456	0.08164	0.01679	0.01320
1.00000	0.80438	0.00290	0.01820	0.02221	0.00466	0.07144	0.05210	0.00587	0.01354	0.00471
1.00000	0.04425	0.00597	0.00197	0.23347	0.02834	0.46320	0.13376	0.00847	0.01752	0.06306
1.00000	0.00338	0.00453	0.01573	0.00423	0.00357	0.86032	0.00246	0.04714	0.02395	0.03468
1.00000	0.04831	0.00611	0.03423	0.02794	0.02014	0.00827	0.78245	0.01442	0.02022	0.03789
1.00000	0.00975	0.00211	0.03408	0.00213	0.01057	0.08236	0.84662	0.00091	0.00685	0.00462
1.00000	0.04363	0.05639	0.04400	0.00146	0.05837	0.66745	0.01225	0.02964	0.06110	0.02571
0.00000	0.00321	0.00222	0.02255	0.03667	0.08658	0.02652	0.00313	0.34095	0.07782	0.40035
1.00000	0.29655	0.02321	0.03698	0.11328	0.02079	0.19528	0.04484	0.17412	0.03875	0.05619
1.00000	0.00142	0.00051	0.00142	0.00400	0.01776	0.00859	0.00167	0.94243	0.01444	0.00775
1.00000	0.02343	0.01356	0.00089	0.00119	0.03333	0.83192	0.00083	0.02589	0.01930	0.04967
1.00000	0.00022	0.00100	0.00153	0.02526	0.17462	0.04463	0.00188	0.05251	0.01019	0.68815
1.00000	0.00156	0.02466	0.04288	0.01462	0.56143	0.09943	0.11460	0.04742	0.03339	0.06001
1.00000	0.00422	0.00988	0.04552	0.00614	0.83181	0.04270	0.00778	0.03294	0.00342	0.01557
1.00000	0.00123	0.00074	0.00785	0.01045	0.23194	0.00638	0.01847	0.02431	0.03504	0.66360
1.00000	0.00181	0.00059	0.95582	0.00921	0.00049	0.00135	0.00511	0.00117	0.02422	0.00023
1.00000	0.93684	0.00016	0.00734	0.02218	0.00187	0.00460	0.02097	0.00068	0.00473	0.00063
1.00000	0.10331	0.00167	0.64328	0.03044	0.01184	0.01536	0.16638	0.00287	0.02162	0.00324
0.00000	0.00104	0.00153	0.00040	0.00461	0.07943	0.01388	0.00112	0.31030	0.00073	0.58695
1.00000	0.00647	0.91355	0.02395	0.00222	0.00420	0.01201	0.00390	0.03093	0.00038	0.00240
1.00000	0.02336	0.07093	0.04643	0.67248	0.00233	0.10462	0.01923	0.00685	0.04421	0.00956
1.00000	0.00186	0.00121	0.92383	0.00324	0.00691	0.01121	0.01576	0.00666	0.02467	0.00464
1.00000	0.87914	0.00603	0.03103	0.00786	0.02459	0.01172	0.01207	0.00824	0.00779	0.01153
1.00000	0.01835	0.00243	0.02677	0.00022	0.00449	0.01869	0.92821	0.00018	0.00056	0.00010
1.00000	0.00088	0.88682	0.05242	0.02520	0.00434	0.00664	0.00046	0.00565	0.00826	0.00933
1.00000	0.00298	0.00106	0.00033	0.01730	0.04161	0.00058	0.00090	0.89022	0.00593	0.03910
1.00000	0.01441	0.00713	0.01093	0.00369	0.16079	0.09790	0.03510	0.43436	0.04113	0.19456
0.00000	0.12471	0.01081	0.00535	0.02095	0.39918	0.04936	0.01962	0.26605	0.00634	0.09763
0.00000	0.00196	0.00050	0.00112	0.02520	0.10678	0.00348	0.00659	0.03165	0.09839	0.72432
1.00000	0.00877	0.00102	0.02156	0.00090	0.83270	0.00663	0.04981	0.01895	0.02614	0.03353
1.00000	0.00687	0.00064	0.00060	0.00210	0.03931	0.00806	0.00090	0.87512	0.00529	0.06110
1.00000	0.00423	0.03531	0.04879	0.04474	0.12873	0.14985	0.00679	0.38426	0.12423	0.07307
1.00000	0.00145	0.00716	0.02984	0.00762	0.34335	0.00586	0.59341	0.00726	0.00090	0.00317
1.00000	0.00103	0.00121	0.00116	0.01935	0.00030	0.00142	0.00214	0.00073	0.96782	0.00485
0.00000	0.01235	0.00429	0.03911	0.02802	0.60225	0.02333	0.15806	0.08584	0.00606	0.04070
1.00000	0.20221	0.01029	0.31449	0.23618	0.01904	0.01314	0.09052	0.00289	0.10574	0.00549
1.00000	0.00216	0.00027	0.00159	0.02752	0.00433	0.84991	0.00104	0.00091	0.11177	0.00050
1.00000	0.10358	0.01576	0.01105	0.01032	0.70342	0.01953	0.06037	0.04062	0.02660	0.00876
1.00000	0.01431	0.00541	0.00766	0.85697	0.00609	0.03451	0.01988	0.01499	0.03342	0.00675
1.00000	0.00053	0.00139	0.00101	0.00047	0.77590	0.05283	0.01270	0.00306	0.00234	0.14978
1.00000	0.00180	0.00021	0.00048	0.00237	0.00915	0.00429	0.00017	0.95085	0.00100	0.02968
0.00000	0.09435	0.01437	0.10332	0.08636	0.08437	0.17457	0.05980	0.12121	0.07395	0.18770
1.00000	0.02101	0.00109	0.00766	0.10527	0.00724	0.02594	0.00973	0.01141	0.78201	0.02864
1.00000	0.00257	0.00511	0.00832	0.02910	0.07888	0.00971	0.00525	0.00905	0.80289	0.04912
1.00000	0.00070	0.06075	0.00704	0.03760	0.00910	0.01368	0.00158	0.76055	0.04899	0.06001
1.00000	0.01213	0.81619	0.00496	0.03524	0.01690	0.05793	0.00430	0.03315	0.00965	0.00955
1.00000	0.09639	0.00222	0.04581	0.70196	0.00030	0.13673	0.00511	0.00338	0.00715	0.00094
1.00000	0.01398	0.00032	0.00354	0.00051	0.01718	0.00649	0.95744	0.00007	0.00027	0.00023
1.00000	0.00133	0.00278	0.00149	0.00129	0.14176	0.00270	0.00585	0.00471	0.01278	0.82532
1.00000	0.00982	0.94012	0.00960	0.00383	0.00116	0.00337	0.01107	0.00450	0.00798	0.00855
1.00000	0.00447	0.00638	0.01143	0.02170	0.07784	0.02521	0.00197	0.82216	0.00687	0.02197
1.00000	0.00127	0.00104	0.04165	0.04852	0.71174	0.00664	0.10054	0.00937	0.01159	0.06763
0.00000	0.01577	0.05555	0.13995	0.04135	0.33496	0.08537	0.18707	0.11769	0.00845	0.01384
1.00000	0.05284	0.00235	0.15372	0.61769	0.00203	0.02865	0.07791	0.02979	0.03212	0.00290
1.00000	0.87594	0.00232	0.00383	0.00453	0.02873	0.03579	0.00384	0.03592	0.00482	0.00429
1.00000	0.00948	0.05215	0.00673	0.03246	0.01784	0.57128	0.01072	0.09168	0.03840	0.16926
1.00000	0.01457	0.00057	0.03010	0.84366	0.00065	0.07515	0.01430	0.00097	0.01032	0.00971
1.00000	0.02756	0.01016	0.58359	0.02632	0.08117	0.00380	0.23482	0.00565	0.00903	0.01788
1.00000	0.01666	0.00350	0.07257	0.72852	0.02656	0.05674	0.01523	0.00359	0.05205	0.02458
1.00000	0.02460	0.00315	0.03519	0.19303	0.01157	0.68309	0.02606	0.00252	0.01113	0.00965
1.00000	0.00095	0.00021	0.00048	0.13085	0.00279	0.83639	0.00035	0.00008	0.02587	0.00202
1.00000	0.00012	0.00008	0.00085	0.00052	0.04781	0.00287	0.00063	0.02118	0.00873	0.91722
0.00000	0.02495	0.00939	0.04427	0.22024	0.04137	0.21848	0.16890	0.02004	0.17337	0.07899
1.00000	0.00624	0.00155	0.00476	0.00069	0.03841	0.00280	0.94295	0.00061	0.00067	0.00131
1.00000	0.00042	0.00042	0.00125	0.00591	0.81980	0.02916	0.02123	0.04451	0.00238	0.07491
1.00000	0.87599	0.00339	0.01445	0.01783	0.01166	0.04738	0.01490	0.00240	0.00298	0.00901
1.00000	0.03597	0.01663	0.02008	0.02888	0.03642	0.04990	0.00999	0.01501	0.50535	0.28176
1.00000	0.96917	0.00049	0.00385	0.00049	0.00250	0.00478	0.01516	0.00070	0.00223	0.00064
1.00000	0.01283	0.00745	0.01899	0.07818	0.04003	0.03492	0.01097	0.74500	0.02454	0.02710
1.00000	0.15471	0.03006	0.28049	0.15102	0.00418	0.19982	0.09178	0.05419	0.02731	0.00643
1.00000	0.06422	0.05545	0.00573	0.02781	0.08593	0.02720	0.01314	0.15441	0.35962	0.20648
1.00000	0.02660	0.00470	0.06208	0.30067	0.00709	0.10205	0.08433	0.01057	0.38989	0.01202
1.00000	0.07908	0.00273	0.09905	0.10093	0.01514	0.25586	0.08042	0.00130	0.34955	0.01595
1.00000	0.00118	0.00105	0.00062	0.00265	0.00669	0.00264	0.00221	0.94165	0.00394	0.03737
1.00000	0.00819	0.05143	0.33084	0.29319	0.02298	0.02043	0.04430	0.03621	0.17686	0.01558
1.00000	0.00428	0.00269	0.07481	0.01333	0.01279	0.01402	0.81760	0.03123	0.02641	0.00285
1.00000	0.85684	0.00141	0.01838	0.00244	0.01275	0.04936	0.03249	0.02079	0.00330	0.00224
1.00000	0.03124	0.02434	0.00476	0.01554	0.01032	0.76419	0.05966	0.01738	0.05227	0.02031
1.00000	0.01543	0.01237	0.00498	0.39019	0.01082	0.49188	0.01209	0.01550	0.02868	0.01805
1.00000	0.03761	0.00194	0.83429	0.06038	0.01227	0.00265	0.02034	0.00263	0.02518	0.00271
1.00000	0.01095	0.00114	0.00107	0.00853	0.00222	0.96465	0.00329	0.00095	0.00566	0.00153
1.00000	0.01813	0.63196	0.03074	0.12000	0.02262	0.04388	0.01723	0.01938	0.05461	0.04146
1.00000	0.00178	0.00018	0.00202	0.97143	0.00039	0.01384	0.00205	0.00167	0.00541	0.00124
1.00000	0.01956	0.01336	0.04423	0.01449	0.03425	0.01003	0.77596	0.02192	0.02536	0.04084
1.00000	0.07279	0.00205	0.06816	0.01213	0.62571	0.07342	0.10579	0.00298	0.02430	0.01268
1.00000	0.00974	0.06171	0.04319	0.08561	0.05347	0.00755	0.00180	0.59886	0.02475	0.11332
1.00000	0.00049	0.00112	0.00214	0.00021	0.94073	0.00735	0.02116	0.01443	0.00050	0.01185
1.00000	0.86728	0.00357	0.00663	0.01694	0.00449	0.03413	0.02043	0.00083	0.01530	0.03039
0.00000	0.02773	0.03373	0.30390	0.22764	0.00269	0.03351	0.00548	0.00973	0.34672	0.00887
1.00000	0.51302	0.00526	0.03982	0.01451	0.02301	0.01741	0.23911	0.04090	0.02189	0.08507
0.00000	0.03286	0.00777	0.18077	0.57282	0.01683	0.00797	0.01357	0.09401	0.06466	0.00875
1.00000	0.00285	0.00048	0.00507	0.00695	0.12483	0.03019	0.02662	0.02193	0.03755	0.74353
1.00000	0.01671	0.01481	0.83588	0.03623	0.00496	0.01040	0.01011	0.01009	0.05963	0.00120
1.00000	0.00826	0.00226	0.00123	0.12721	0.00160	0.77414	0.01008	0.00311	0.02927	0.04285
1.00000	0.32419	0.00248	0.39130	0.03639	0.00921	0.02377	0.16916	0.00680	0.03127	0.00542
0.00000	0.02657	0.00760	0.07109	0.01181	0.38091	0.13666	0.11730	0.01504	0.08733	0.14569
1.00000	0.00080	0.00155	0.00764	0.09775	0.08346	0.04625	0.00637	0.02799	0.12911	0.59910
1.00000	0.00061	0.00008	0.00042	0.00270	0.10194	0.01932	0.00188	0.05401	0.00216	0.81689
1.00000	0.03235	0.02332	0.07502	0.03174	0.06040	0.02410	0.69204	0.01905	0.01374	0.02823
1.00000	0.04561	0.02017	0.05999	0.07498	0.02381	0.02158	0.00512	0.00525	0.69366	0.04983
1.00000	0.14372	0.00124	0.67397	0.03246	0.00884	0.01412	0.05401	0.00267	0.06490	0.00407
1.00000	0.59564	0.00215	0.01422	0.03707	0.01298	0.04096	0.16298	0.01604	0.07159	0.04636
1.00000	0.01136	0.01381	0.04017	0.15040	0.01368	0.00241	0.00139	0.01261	0.73360	0.02059
1.00000	0.00199	0.00927	0.00213	0.00398	0.00031	0.89767	0.05065	0.00299	0.02982	0.00118
1.00000	0.00244	0.00271	0.00279	0.02213	0.72027	0.02495	0.02702	0.03248	0.00850	0.15672
1.00000	0.00504	0.00029	0.01045	0.00065	0.00899	0.00251	0.96799	0.00091	0.00297	0.00019
1.00000	0.04401	0.00510	0.04089	0.01897	0.62467	0.02534	0.02792	0.01313	0.03608	0.16389
1.00000	0.02453	0.00023	0.00105	0.04684	0.00404	0.00428	0.00077	0.90872	0.00300	0.00653
1.00000	0.02186	0.01542	0.04875	0.59943	0.00975	0.03680	0.00493	0.05229	0.06167	0.14910
1.00000	0.00622	0.00575	0.01635	0.01810	0.03233	0.02242	0.01481	0.01088	0.86062	0.01252
0.00000	0.02146	0.01099	0.22080	0.20552	0.03196	0.00603	0.01645	0.03114	0.40869	0.04694
1.00000	0.40394	0.00646	0.04887	0.01284	0.12199	0.03169	0.15365	0.12923	0.03974	0.05159
1.00000	0.00438	0.00432	0.03542	0.62046	0.01141	0.07716	0.01817	0.02511	0.17211	0.03146
1.00000	0.04878	0.00810	0.00251	0.00167	0.04074	0.07125	0.79075	0.00063	0.03432	0.00125
1.00000	0.00202	0.94404	0.01281	0.02228	0.00425	0.00650	0.00034	0.00401	0.00215	0.00158
1.00000	0.00526	0.00219	0.01567	0.86511	0.00136	0.04791	0.00577	0.00300	0.04228	0.01144
1.00000	0.15831	0.00394	0.07039	0.25106	0.00367	0.06492	0.08946	0.00378	0.33100	0.02347
1.00000	0.01123	0.00602	0.02610	0.09107	0.03223	0.07457	0.03006	0.00339	0.54126	0.18409
1.00000	0.03125	0.00147	0.00373	0.00114	0.02397	0.88352	0.03905	0.00243	0.00649	0.00697
0.00000	0.16089	0.01146	0.14672	0.26604	0.00822	0.03615	0.04159	0.02822	0.15372	0.14699
1.00000	0.09673	0.00691	0.04006	0.63948	0.00530	0.02385	0.01791	0.00607	0.13477	0.02891
1.00000	0.26652	0.03915	0.08325	0.46316	0.00123	0.03470	0.01751	0.00886	0.08446	0.00118
1.00000	0.00273	0.00167	0.00152	0.00660	0.67989	0.01071	0.05386	0.03915	0.02821	0.17565
1.00000	0.01371	0.00456	0.18536	0.61191	0.00119	0.06727	0.01451	0.00478	0.08996	0.00675
0.00000	0.01018	0.00876	0.42512	0.10888	0.09617	0.08638	0.03775	0.09110	0.11173	0.02394
1.00000	0.11158	0.01146	0.08639	0.16361	0.01352	0.05651	0.04658	0.00928	0.41201	0.08907
1.00000	0.01191	0.04649	0.06783	0.16119	0.04834	0.06941	0.01180	0.04029	0.51284	0.02988
1.00000	0.98087	0.00024	0.00169	0.00047	0.00061	0.00278	0.01219	0.00026	0.00036	0.00053
1.00000	0.01343	0.00030	0.00117	0.08273	0.00491	0.86509	0.00999	0.00049	0.00352	0.01837
1.00000	0.00317	0.00735	0.02539	0.95104	0.00009	0.00908	0.00039	0.00083	0.00210	0.00056
1.00000	0.03019	0.00627	0.01656	0.00250	0.70788	0.05327	0.08918	0.01330	0.06779	0.01308
1.00000	0.00571	0.04620	0.11150	0.01140	0.59259	0.15316	0.02941	0.03275	0.00445	0.01284
1.00000	0.00073	0.00021	0.00068	0.00224	0.02012	0.00112	0.00421	0.03860	0.02520	0.90690
1.00000	0.02649	0.02039	0.00224	0.02294	0.23150	0.19646	0.03256	0.14090	0.05031	0.27621
1.00000	0.00229	0.00225	0.05609	0.91677	0.00051	0.00178	0.00271	0.00116	0.01585	0.00058
1.00000	0.00193	0.00339	0.03484	0.01869	0.21347	0.05587	0.01255	0.02985	0.07602	0.55339
1.00000	0.03267	0.00254	0.00477	0.01985	0.01723	0.24564	0.07439	0.02240	0.44220	0.13832
1.00000	0.00014	0.00056	0.00017	0.00560	0.12368	0.02571	0.00244	0.00442	0.00156	0.83572
1.00000	0.00480	0.00425	0.00531	0.07674	0.01797	0.03799	0.01934	0.00235	0.61549	0.21576
1.00000	0.90511	0.00070	0.00785	0.01330	0.00404	0.00636	0.05302	0.00676	0.00122	0.00164
1.00000	0.00094	0.86970	0.06729	0.04050	0.00150	0.00368	0.00085	0.00282	0.01041	0.00232
1.00000	0.00363	0.00060	0.00275	0.51674	0.00678	0.05908	0.00800	0.00457	0.26309	0.13476
1.00000	0.88856	0.00135	0.00714	0.00895	0.00020	0.01695	0.05899	0.00085	0.01687	0.00015
1.00000	0.01546	0.00831	0.65411	0.01523	0.17567	0.01535	0.01447	0.06907	0.01013	0.02222
1.00000	0.00287	0.00207	0.00117	0.01010	0.03275	0.04065	0.00251	0.07384	0.06432	0.76971
1.00000	0.00057	0.00076	0.00209	0.00064	0.00914	0.00444	0.00039	0.90836	0.00205	0.07157
1.00000	0.02194	0.00220	0.04145	0.01283	0.00421	0.09563	0.16734	0.00032	0.64337	0.01072
1.00000	0.22225	0.00567	0.00911	0.02544	0.13101	0.05238	0.01639	0.43706	0.04913	0.05155
1.00000	0.97579	0.00004	0.00490	0.00066	0.00306	0.00070	0.01406	0.00028	0.00023	0.00027
1.00000	0.00094	0.00638	0.00103	0.03065	0.04818	0.01015	0.00371	0.06645	0.02702	0.80548
1.00000	0.02059	0.00172	0.10366	0.00466	0.04465	0.00639	0.79585	0.01204	0.00437	0.00607
1.00000	0.00123	0.01722	0.00591	0.05088	0.00165	0.00332	0.00052	0.88417	0.00400	0.03110
1.00000	0.00945	0.01375	0.00206	0.00272	0.87777	0.04909	0.00833	0.00348	0.00486	0.02850
1.00000	0.01839	0.00086	0.00248	0.00434	0.07262	0.01617	0.00151	0.73742	0.00348	0.14273
1.00000	0.00233	0.51691	0.21062	0.05074	0.01598	0.00822	0.00204	0.01713	0.15573	0.02032
1.00000	0.00021	0.00069	0.00095	0.00754	0.04769	0.02391	0.00122	0.01031	0.11297	0.79450
1.00000	0.06301	0.00777	0.58158	0.18810	0.00591	0.00973	0.04617	0.08587	0.00972	0.00214
1.00000	0.10543	0.01896	0.38849	0.15840	0.04276	0.06452	0.08184	0.02671	0.06558	0.04731
1.00000	0.00945	0.00404	0.72712	0.21109	0.00473	0.00237	0.01809	0.00039	0.02196	0.00074
1.00000	0.01110	0.93230	0.00361	0.00472	0.01281	0.01974	0.00550	0.00261	0.00125	0.00636
1.00000	0.00144	0.00576	0.04984	0.09295	0.01858	0.00490	0.00770	0.00567	0.77677	0.03638
1.00000	0.02919	0.00069	0.02632	0.79907	0.00496	0.03730	0.00196	0.00406	0.06066	0.03579
1.00000	0.01037	0.00122	0.01324	0.88487	0.01775	0.02320	0.00975	0.00160	0.03555	0.00245
1.00000	0.00099	0.00159	0.00378	0.94714	0.00082	0.00765	0.00085	0.00098	0.02818	0.00803
1.00000	0.00493	0.00073	0.00085	0.00312	0.05633	0.01204	0.00246	0.87233	0.00090	0.04634
1.00000	0.59337	0.01949	0.05561	0.06121	0.01251	0.06916	0.12392	0.03636	0.01640	0.01198
1.00000	0.22493	0.02882	0.01329	0.02235	0.12849	0.03274	0.11927	0.03475	0.11669	0.27867
1.00000	0.56543	0.00229	0.03966	0.00134	0.09577	0.02212	0.11470	0.07030	0.02325	0.06513
1.00000	0.02028	0.00764	0.02858	0.53690	0.01932	0.02664	0.02435	0.01233	0.28803	0.03593
1.00000	0.00423	0.96901	0.00432	0.00274	0.00050	0.00365	0.00194	0.00309	0.00788	0.00264
1.00000	0.01538	0.01419	0.00380	0.62358	0.00076	0.28469	0.00346	0.00762	0.03776	0.00874
1.00000	0.03297	0.00440	0.00593	0.01498	0.08189	0.02098	0.04437	0.74508	0.00766	0.04176
1.00000	0.00236	0.00049	0.00044	0.02384	0.02013	0.86386	0.03363	0.00059	0.05153	0.00312
1.00000	0.07929	0.29573	0.03232	0.01781	0.00357	0.50609	0.02959	0.00542	0.02363	0.00657
1.00000	0.02048	0.00660	0.03522	0.03574	0.02371	0.05308	0.02397	0.05032	0.64997	0.10092
1.00000	0.00849	0.01569	0.02882	0.04969	0.09523	0.00595	0.00489	0.64605	0.00346	0.14173
1.00000	0.01441	0.00077	0.00845	0.16505	0.00869	0.01752	0.00842	0.02971	0.69303	0.05397
1.00000	0.00094	0.11509	0.04301	0.03207	0.69988	0.00688	0.01917	0.01601	0.01482	0.05214
1.00000	0.02286	0.00597	0.00374	0.05005	0.00212	0.85759	0.01277	0.00171	0.03154	0.01164
1.00000	0.04689	0.00471	0.05078	0.00136	0.74774	0.05909	0.07006	0.00555	0.00705	0.00678
1.00000	0.01568	0.00279	0.82106	0.01715	0.03106	0.04421	0.04469	0.00708	0.01236	0.00393
1.00000	0.00603	0.04084	0.01340	0.01561	0.03394	0.00960	0.01820	0.03776	0.09895	0.72566
1.00000	0.01075	0.93140	0.00492	0.02151	0.00099	0.01423	0.00068	0.01181	0.00186	0.00187
1.00000	0.00042	0.01247	0.01121	0.00325	0.75268	0.08746	0.01412	0.01208	0.00261	0.10371
1.00000	0.01290	0.01717	0.05401	0.10301	0.00175	0.00632	0.01696	0.00575	0.72170	0.06042
1.00000	0.00020	0.00035	0.00029	0.00042	0.03616	0.00464	0.00033	0.02461	0.00149	0.93151
1.00000	0.02315	0.00104	0.00485	0.09604	0.03185	0.57987	0.00205	0.05812	0.17510	0.02792
0.00000	0.02394	0.06896	0.04647	0.26203	0.16652	0.14030	0.03201	0.15465	0.02627	0.07884
1.00000	0.01639	0.00164	0.00911	0.01953	0.01042	0.02883	0.00181	0.00123	0.88315	0.02788
1.00000	0.02878	0.00531	0.11054	0.27846	0.01132	0.04512	0.06174	0.00140	0.45177	0.00556
1.00000	0.88013	0.00110	0.03156	0.01465	0.00298	0.02505	0.02673	0.00050	0.00921	0.00809
1.00000	0.01172	0.00507	0.01262	0.10624	0.05483	0.41365	0.31435	0.03071	0.03325	0.01757
1.00000	0.21702	0.00758	0.41518	0.12722	0.06065	0.04268	0.05219	0.00448	0.06909	0.00390
1.00000	0.04179	0.00355	0.02080	0.01284	0.02676	0.20125	0.64688	0.00305	0.03986	0.00322
1.00000	0.08029	0.01300	0.07853	0.10828	0.00639	0.01470	0.02324	0.61055	0.04732	0.01770
1.00000	0.00464	0.01892	0.01331	0.78272	0.01570	0.01887	0.00852	0.05455	0.04301	0.03976
1.00000	0.00024	0.00043	0.00125	0.00096	0.08079	0.00185	0.00207	0.01553	0.02152	0.87536
1.00000	0.00430	0.00600	0.90882	0.03777	0.00277	0.01092	0.01081	0.00256	0.01104	0.00502
1.00000	0.00904	0.00311	0.00636	0.03793	0.01818	0.03241	0.00333	0.00156	0.85328	0.03479
1.00000	0.04938	0.01621	0.03479	0.00186	0.04773	0.67646	0.09300	0.00655	0.01446	0.05954
1.00000	0.02654	0.00728	0.12054	0.16146	0.13433	0.06473	0.09543	0.07570	0.23062	0.08337
1.00000	0.00116	0.00276	0.00324	0.03252	0.03662	0.02486	0.00434	0.05602	0.03638	0.80212
1.00000	0.01240	0.00235	0.92979	0.02011	0.00264	0.00143	0.01610	0.00719	0.00746	0.00054
1.00000	0.00322	0.00543	0.03099	0.01556	0.00722	0.00700	0.89242	0.00815	0.00930	0.02071
1.00000	0.00069	0.00114	0.00263	0.00171	0.18733	0.00414	0.00399	0.02927	0.00364	0.76545
1.00000	0.00129	0.02149	0.64156	0.05478	0.06685	0.04446	0.08944	0.04896	0.01659	0.01459
1.00000	0.95766	0.00032	0.01211	0.00673	0.00030	0.00842	0.00769	0.00273	0.00334	0.00069
1.00000	0.03736	0.12603	0.05170	0.00927	0.07206	0.16831	0.48635	0.00846	0.02985	0.01058
0.00000	0.00186	0.00292	0.01592	0.17861	0.01165	0.01459	0.01755	0.00235	0.68557	0.06898
1.00000	0.92822	0.00091	0.00164	0.00382	0.00648	0.03812	0.01109	0.00313	0.00622	0.00037
1.00000	0.11161	0.00979	0.05113	0.00904	0.00959	0.15916	0.62344	0.01019	0.01365	0.00239
1.00000	0.40709	0.00211	0.00335	0.11015	0.01291	0.25382	0.08096	0.04950	0.02537	0.05474
1.00000	0.04341	0.01196	0.04345	0.75419	0.00063	0.07134	0.02754	0.00216	0.03250	0.01282
1.00000	0.01010	0.01187	0.74316	0.11713	0.00699	0.02770	0.01688	0.03466	0.02848	0.00304
1.00000	0.00117	0.00057	0.01178	0.00058	0.00331	0.00063	0.96634	0.00458	0.00971	0.00133
1.00000	0.00328	0.03322	0.02909	0.09193	0.10420	0.15005	0.00802	0.14068	0.03058	0.40895
1.00000	0.01942	0.00274	0.00845	0.01288	0.02334	0.00670	0.00061	0.89934	0.00239	0.02412
1.00000	0.00438	0.00034	0.00280	0.00273	0.13242	0.00396	0.01836	0.04863	0.02865	0.75772
1.00000	0.71664	0.01138	0.00297	0.01352	0.00329	0.07635	0.03619	0.04646	0.07602	0.01719
1.00000	0.00591	0.00031	0.00094	0.00164	0.10253	0.00569	0.00293	0.12240	0.01013	0.74752
0.00000	0.25797	0.00661	0.02508	0.36591	0.00680	0.06485	0.04005	0.02220	0.20581	0.00472
1.00000	0.02217	0.01036	0.04274	0.01803	0.03625	0.03969	0.01319	0.02835	0.58909	0.20011
1.00000	0.00256	0.00339	0.04692	0.00193	0.10514	0.00486	0.81912	0.00404	0.00202	0.01002
1.00000	0.00324	0.00072	0.00201	0.00661	0.01094	0.00259	0.00182	0.91179	0.00977	0.05052
1.00000	0.08346	0.00214	0.00127	0.02918	0.04270	0.71140	0.04276	0.00212	0.07252	0.01246
1.00000	0.83405	0.00185	0.00766	0.01604	0.00114	0.05416	0.01955	0.02731	0.03429	0.00394
1.00000	0.00056	0.94102	0.01348	0.03076	0.00300	0.00847	0.00055	0.00144	0.00037	0.00036
0.00000	0.41127	0.01295	0.01381	0.21002	0.00805	0.19519	0.02220	0.02253	0.07034	0.03364
1.00000	0.04711	0.00242	0.63226	0.01352	0.14482	0.01347	0.02035	0.00958	0.11146	0.00500
1.00000	0.01036	0.00014	0.00028	0.00228	0.00305	0.91385	0.00335	0.00016	0.06522	0.00131
1.00000	0.01190	0.00364	0.00682	0.00496	0.77987	0.00651	0.01380	0.04176	0.02581	0.10492
1.00000	0.00140	0.00445	0.02937	0.02934	0.23717	0.01502	0.02228	0.64707	0.00799	0.00590
1.00000	0.01013	0.00683	0.34436	0.32707	0.00485	0.02773	0.06456	0.04687	0.15623	0.01136
1.00000	0.02483	0.00623	0.04443	0.16006	0.01122	0.05404	0.01012	0.00366	0.66907	0.01634
1.00000	0.00107	0.00014	0.00290	0.00019	0.00035	0.00211	0.98860	0.00012	0.00407	0.00045
1.00000	0.04061	0.00172	0.05251	0.00404	0.06431	0.00394	0.62042	0.00566	0.14598	0.06079
1.00000	0.00254	0.95397	0.00652	0.00117	0.00198	0.00315	0.00813	0.02092	0.00022	0.00140
0.00000	0.62290	0.00523	0.12480	0.05266	0.02169	0.05934	0.02993	0.01341	0.04006	0.02998
1.00000	0.00048	0.00030	0.00079	0.01342	0.00283	0.00320	0.00007	0.97258	0.00060	0.00573
1.00000	0.03341	0.00701	0.56720	0.08687	0.13013	0.02336	0.02655	0.05425	0.03002	0.04120
0.00000	0.18607	0.00287	0.19926	0.25672	0.00419	0.03136	0.10563	0.00108	0.20394	0.00887
1.00000	0.10343	0.00235	0.03267	0.04299	0.01113	0.50895	0.14078	0.00694	0.14721	0.00354
1.00000	0.00658	0.00067	0.00110	0.01416	0.01025	0.00634	0.00025	0.88332	0.02866	0.04867
1.00000	0.15541	0.00596	0.00263	0.06987	0.00338	0.10466	0.63431	0.00146	0.01295	0.00937
1.00000	0.80257	0.00136	0.03049	0.04600	0.00297	0.01469	0.09208	0.00297	0.00383	0.00303
1.00000	0.01400	0.00169	0.00257	0.67205	0.01884	0.11565	0.01946	0.00328	0.09350	0.05896
1.00000	0.00030	0.00070	0.00013	0.00197	0.93984	0.00067	0.00090	0.01634	0.00076	0.03838
1.00000	0.00182	0.00359	0.91576	0.00810	0.00793	0.00225	0.01653	0.00359	0.03989	0.00055
1.00000	0.02173	0.00974	0.00796	0.03555	0.50061	0.03425	0.11297	0.02260	0.17519	0.07940
1.00000	0.01102	0.00140	0.00945	0.17363	0.02259	0.71969	0.01810	0.00779	0.02589	0.01043
1.00000	0.01129	0.83896	0.01208	0.01218	0.00279	0.04272	0.04994	0.00137	0.02428	0.00440
1.00000	0.00611	0.01899	0.09773	0.03210	0.23883	0.08868	0.01508	0.40385	0.00635	0.09229
1.00000	0.04343	0.02082	0.23574	0.02895	0.04357	0.06583	0.12364	0.00475	0.41280	0.02047
1.00000	0.76595	0.01287	0.08086	0.00868	0.04347	0.01496	0.04233	0.01003	0.00952	0.01133
1.00000	0.00333	0.93581	0.00252	0.00532	0.02386	0.00735	0.00392	0.00717	0.00330	0.00742
1.00000	0.03278	0.00152	0.01676	0.00243	0.88881	0.00294	0.01654	0.01538	0.00880	0.01404
1.00000	0.00513	0.00110	0.00162	0.01707	0.80349	0.01122	0.01913	0.11299	0.00627	0.02198
1.00000	0.09059	0.00929	0.00596	0.00602	0.02346	0.78228	0.01052	0.01448	0.04217	0.01525
1.00000	0.02689	0.00262	0.00460	0.07223	0.04267	0.54284	0.00660	0.10180	0.16160	0.03816
1.00000	0.00264	0.00053	0.00553	0.00751	0.12915	0.02676	0.01306	0.01212	0.04807	0.75462
1.00000	0.80233	0.00141	0.11997	0.00942	0.00253	0.00984	0.02609	0.00413	0.01327	0.01101
1.00000	0.00247	0.00074	0.93951	0.03687	0.00082	0.00140	0.01027	0.00012	0.00757	0.00022
1.00000	0.03629	0.69060	0.04636	0.02479	0.00245	0.06134	0.00791	0.01329	0.04821	0.06875
1.00000	0.00878	0.00122	0.04693	0.00082	0.87645	0.00182	0.03150	0.01917	0.01135	0.00196
1.00000	0.78754	0.01199	0.01012	0.01166	0.07868	0.01108	0.02820	0.03475	0.00830	0.01768
1.00000	0.00121	0.00017	0.00202	0.00519	0.00537	0.00723	0.00165	0.93732	0.00797	0.03187
1.00000	0.01665	0.05772	0.11056	0.02106	0.05430	0.04296	0.10489	0.02613	0.45215	0.11358
1.00000	0.06316	0.00426	0.00155	0.14547	0.05124	0.37390	0.04079	0.02649	0.05114	0.24202
1.00000	0.01800	0.16721	0.01972	0.05107	0.00270	0.16645	0.01177	0.16046	0.26253	0.14012
1.00000	0.00141	0.00326	0.03785	0.02428	0.09453	0.05206	0.03293	0.01070	0.09276	0.65022
1.00000	0.05815	0.00182	0.00380	0.14591	0.03720	0.34272	0.06172	0.01904	0.27615	0.05348
1.00000	0.04803	0.04761	0.03973	0.25077	0.04447	0.30590	0.07432	0.01820	0.10472	0.06625
1.00000	0.00027	0.00070	0.00604	0.00260	0.88862	0.01991	0.01871	0.01239	0.00386	0.04688
1.00000	0.00232	0.00088	0.01359	0.13058	0.14662	0.00259	0.00583	0.57107	0.01526	0.11127
1.00000	0.02385	0.83649	0.01946	0.02560	0.02224	0.00519	0.00564	0.04637	0.00611	0.00906
1.00000	0.05231	0.00218	0.00231	0.00591	0.04793	0.08372	0.00315	0.69300	0.04093	0.06856
1.00000	0.00151	0.01223	0.02159	0.15839	0.00184	0.00793	0.00460	0.73362	0.03956	0.01872
1.00000	0.01370	0.07161	0.51990	0.24039	0.00273	0.02432	0.04005	0.01394	0.07197	0.00140
1.00000	0.00085	0.00043	0.98481	0.00790	0.00039	0.00028	0.00229	0.00075	0.00134	0.00096
1.00000	0.00391	0.96516	0.00560	0.00176	0.00341	0.00297	0.00567	0.00961	0.00034	0.00157
1.00000	0.01348	0.95491	0.00457	0.01126	0.00088	0.00784	0.00079	0.00322	0.00120	0.00186
1.00000	0.01055	0.00237	0.00324	0.01084	0.07485	0.04994	0.01733	0.01070	0.01371	0.80648
1.00000	0.00327	0.94215	0.00471	0.00208	0.00760	0.00737	0.00223	0.02752	0.00020	0.00285
1.00000	0.77403	0.00202	0.02713	0.00488	0.01694	0.03575	0.09357	0.02061	0.00342	0.02166
1.00000	0.00056	0.00073	0.00146	0.01121	0.00387	0.03998	0.00052	0.00063	0.93775	0.00330
1.00000	0.87377	0.00152	0.00950	0.00128	0.00053	0.03616	0.06901	0.00529	0.00156	0.00138
1.00000	0.00017	0.00582	0.00127	0.00130	0.96768	0.00663	0.01203	0.00263	0.00046	0.00200
1.00000	0.00108	0.06335	0.01111	0.03458	0.65787	0.04819	0.02236	0.00440	0.01382	0.14323
1.00000	0.05439	0.00413	0.56723	0.09991	0.02732	0.00545	0.15050	0.00272	0.05092	0.03741
1.00000	0.02593	0.00274	0.03559	0.80433	0.01402	0.05004	0.01134	0.01276	0.02438	0.01887
1.00000	0.00364	0.00043	0.00263	0.05056	0.00341	0.00141	0.00027	0.92819	0.00040	0.00907
1.00000	0.72960	0.00270	0.04601	0.02550	0.01313	0.01977	0.09557	0.02359	0.02432	0.01981
1.00000	0.00124	0.00040	0.01026	0.00008	0.00356	0.00195	0.98095	0.00035	0.00106	0.00016
1.00000	0.00077	0.00072	0.00808	0.00808	0.80313	0.02247	0.00833	0.01215	0.00896	0.12731
1.00000	0.00435	0.00949	0.03092	0.12216	0.03773	0.01301	0.00413	0.71288	0.04607	0.01927
1.00000	0.09451	0.03622	0.20018	0.09039	0.03225	0.01265	0.01055	0.01263	0.43088	0.07973
1.00000	0.00879	0.93734	0.01136	0.00161	0.00187	0.01185	0.01321	0.00466	0.00242	0.00689
1.00000	0.01260	0.05760	0.05481	0.48460	0.02019	0.04816	0.03946	0.01772	0.15343	0.11142
1.00000	0.00698	0.00545	0.03440	0.68197	0.00103	0.00517	0.00111	0.01008	0.22370	0.03011
1.00000	0.00346	0.06391	0.74607	0.09770	0.01263	0.01294	0.01963	0.00307	0.03826	0.00233
1.00000	0.01907	0.00692	0.78203	0.03578	0.00095	0.00466	0.13868	0.00121	0.01016	0.00052
0.00000	0.02068	0.00730	0.28821	0.17658	0.02195	0.02432	0.01953	0.01800	0.41863	0.00481
1.00000	0.87337	0.00171	0.00566	0.01735	0.00101	0.00523	0.08753	0.00095	0.00615	0.00106
1.00000	0.01191	0.00188	0.79179	0.02494	0.02013	0.00683	0.11228	0.00108	0.00907	0.02009
1.00000	0.01079	0.00412	0.00415	0.93205	0.00205	0.03323	0.00299	0.00104	0.00344	0.00613
1.00000	0.00924	0.00725	0.04406	0.10727	0.05210	0.17408	0.10385	0.01372	0.46130	0.02713
1.00000	0.03352	0.00024	0.04137	0.00146	0.00187	0.00826	0.91056	0.00012	0.00080	0.00181
1.00000	0.00037	0.00100	0.00232	0.01043	0.02254	0.03139	0.00090	0.06141	0.02012	0.84951
1.00000	0.03750	0.12908	0.04248	0.25143	0.02101	0.06760	0.02017	0.23728	0.09898	0.09448
1.00000	0.00251	0.00609	0.08054	0.05427	0.19712	0.01179	0.62976	0.00630	0.00432	0.00732
1.00000	0.01688	0.01164	0.00296	0.02813	0.00154	0.05713	0.00152	0.00102	0.84224	0.03695
1.00000	0.00122	0.00022	0.00089	0.02772	0.00327	0.91719	0.04029	0.00016	0.00897	0.00008
0.00000	0.01598	0.02311	0.11436	0.03083	0.19687	0.01115	0.28316	0.00279	0.29254	0.02921
1.00000	0.01595	0.00323	0.01741	0.00523	0.12537	0.01745	0.04981	0.02413	0.03911	0.70231
1.00000	0.00343	0.00988	0.03468	0.00833	0.01915	0.07235	0.00224	0.75551	0.00638	0.08805
1.00000	0.00487	0.18463	0.51908	0.11420	0.00623	0.02048	0.09746	0.00429	0.04300	0.00578
1.00000	0.00080	0.00034	0.00092	0.00304	0.01005	0.00599	0.00078	0.97340	0.00121	0.00347
1.00000	0.02757	0.00146	0.01407	0.02555	0.03460	0.00590	0.03404	0.04341	0.78887	0.02454
0.00000	0.01105	0.00290	0.00803	0.35042	0.00761	0.10659	0.00356	0.01264	0.40306	0.09414
1.00000	0.10040	0.00946	0.01288	0.07374	0.01300	0.71572	0.03554	0.00179	0.02905	0.00842
1.00000	0.40649	0.00999	0.07193	0.02340	0.01527	0.05328	0.21158	0.03439	0.11038	0.06328
1.00000	0.00773	0.11650	0.17815	0.17371	0.00816	0.00284	0.00627	0.32294	0.14180	0.04190
1.00000	0.00020	0.00188	0.00225	0.00042	0.87280	0.02087	0.00811	0.00136	0.00231	0.08980
1.00000	0.01112	0.00045	0.01737	0.00572	0.08964	0.00840	0.01712	0.01894	0.07904	0.75218
1.00000	0.02989	0.02288	0.06513	0.47766	0.00724	0.25751	0.04710	0.00557	0.07485	0.01215
1.00000	0.01132	0.00186	0.00502	0.10635	0.04280	0.67245	0.02223	0.00205	0.13325	0.00266
1.00000	0.00312	0.00228	0.00141	0.00097	0.88759	0.03395	0.00273	0.05577	0.00176	0.01040
1.00000	0.07404	0.01264	0.15654	0.45047	0.00422	0.04620	0.09294	0.00158	0.15256	0.00882
1.00000	0.92604	0.00058	0.01341	0.02875	0.00192	0.00972	0.01113	0.00262	0.00471	0.00112
1.00000	0.00638	0.01029	0.55339	0.31017	0.00262	0.01348	0.02861	0.00940	0.06312	0.00254
1.00000	0.11805	0.00522	0.15040	0.00764	0.21308	0.03348	0.11906	0.03065	0.04358	0.27884
1.00000	0.26367	0.01844	0.00643	0.51565	0.00486	0.07312	0.02909	0.00309	0.08108	0.00457
1.00000	0.00138	0.95112	0.00789	0.00128	0.02170	0.00260	0.00361	0.00593	0.00029	0.00419
1.00000	0.08644	0.00553	0.01267	0.00179	0.00127	0.10629	0.77735	0.00031	0.00641	0.00194
1.00000	0.00015	0.00082	0.00046	0.00199	0.06116	0.03780	0.00110	0.01932	0.00348	0.87370
1.00000	0.00425	0.92302	0.00365	0.00524	0.02102	0.00494	0.00342	0.02347	0.00148	0.00951
1.00000	0.00044	0.00087	0.00039	0.04437	0.03100	0.00433	0.00046	0.06903	0.02706	0.82204
1.00000	0.06294	0.00440	0.00766	0.84921	0.00031	0.04589	0.02009	0.00103	0.00525	0.00322
0.00000	0.42964	0.03652	0.23574	0.16436	0.00218	0.04016	0.02283	0.02971	0.02703	0.01184
1.00000	0.01416	0.01883	0.00372	0.00098	0.78539	0.01396	0.10138	0.01459	0.00968	0.03733
1.00000	0.00068	0.00110	0.00137	0.00070	0.70063	0.06358	0.00438	0.03297	0.00061	0.19398
1.00000	0.01227	0.00544	0.04253	0.88678	0.00047	0.01834	0.00202	0.00552	0.01420	0.01242
1.00000	0.78946	0.00258	0.01027	0.01273	0.03243	0.05289	0.02117	0.01964	0.01237	0.04645
1.00000	0.01179	0.00671	0.01437	0.00824	0.73811	0.01984	0.05583	0.04021	0.06289	0.04201
1.00000	0.05403	0.00299	0.03270	0.00129	0.70436	0.05304	0.05443	0.01601	0.02532	0.05584
1.00000	0.00196	0.84063	0.01576	0.02007	0.00139	0.05700	0.00305	0.03325	0.01491	0.01197
1.00000	0.02830	0.00341	0.04041	0.50222	0.01048	0.11136	0.01780	0.01357	0.23020	0.04225
1.00000	0.55217	0.00697	0.02756	0.07889	0.01691	0.06371	0.10433	0.00902	0.08370	0.05673
1.00000	0.00047	0.00064	0.00169	0.01683	0.04419	0.04221	0.00284	0.01910	0.00700	0.86502
1.00000	0.00041	0.00141	0.00053	0.00120	0.22206	0.00180	0.00885	0.00388	0.01104	0.74882
1.00000	0.03397	0.20538	0.07885	0.02572	0.00937	0.12778	0.48392	0.00487	0.02385	0.00629
1.00000	0.00852	0.00444	0.14485	0.08983	0.00203	0.00828	0.01087	0.00035	0.72738	0.00345
1.00000	0.01179	0.03063	0.44194	0.26899	0.02144	0.00827	0.05374	0.08770	0.06720	0.00830
0.00000	0.00806	0.03279	0.00349	0.19878	0.16202	0.21187	0.05605	0.04459	0.07964	0.20270
1.00000	0.00674	0.16956	0.05489	0.00643	0.20714	0.04646	0.00825	0.40543	0.00592	0.08918
1.00000	0.05446	0.00314	0.00760	0.13012	0.00482	0.68890	0.04516	0.00037	0.06204	0.00340
1.00000	0.01070	0.00704	0.08320	0.16589	0.11870	0.02206	0.09042	0.21946	0.17120	0.11133
1.00000	0.05157	0.02195	0.01832	0.03575	0.01775	0.01927	0.02656	0.00573	0.70976	0.09334
1.00000	0.02591	0.00459	0.01056	0.04283	0.13482	0.01532	0.02548	0.07108	0.20140	0.46801
1.00000	0.01005	0.00126	0.62992	0.03171	0.05243	0.00397	0.09578	0.00567	0.14277	0.02646
1.00000	0.10387	0.00520	0.00699	0.00082	0.00807	0.78134	0.05959	0.01344	0.01129	0.00940
1.00000	0.01049	0.00585	0.76504	0.09401	0.03603	0.00556	0.05309	0.00385	0.00446	0.02161
1.00000	0.05497	0.01617	0.03611	0.58140	0.02744	0.20817	0.02535	0.01996	0.02391	0.00653
1.00000	0.06616	0.00329	0.03863	0.04408	0.00653	0.07207	0.05140	0.01740	0.60119	0.09927
0.00000	0.03321	0.00491	0.33537	0.11027	0.00207	0.02771	0.04495	0.00210	0.42265	0.01676
1.00000	0.00337	0.00348	0.00760	0.84303	0.00029	0.03909	0.00122	0.00240	0.09772	0.00180
1.00000	0.00138	0.00048	0.00224	0.00542	0.09022	0.02276	0.00115	0.02135	0.13785	0.71715
1.00000	0.00062	0.00018	0.01208	0.00066	0.00051	0.00223	0.98332	0.00003	0.00021	0.00017
1.00000	0.00301	0.01112	0.00903	0.02412	0.09294	0.00341	0.00135	0.79978	0.00586	0.04936
1.00000	0.92415	0.00199	0.00749	0.00221	0.00549	0.02590	0.02503	0.00381	0.00295	0.00098
1.00000	0.91775	0.00173	0.00751	0.01384	0.00217	0.01810	0.01463	0.00657	0.01592	0.00177
1.00000	0.01968	0.00464	0.00493	0.00310	0.02734	0.90871	0.00840	0.01216	0.00480	0.00626
1.00000	0.06321	0.00433	0.70395	0.04542	0.00072	0.00495	0.16247	0.00050	0.01331	0.00114
1.00000	0.04319	0.00066	0.10450	0.83961	0.00037	0.00320	0.00136	0.00079	0.00558	0.00075
1.00000	0.01121	0.00534	0.63004	0.03407	0.06986	0.00717	0.09462	0.00489	0.05361	0.08918
1.00000	0.00675	0.00042	0.00391	0.00429	0.00866	0.84209	0.04997	0.00347	0.05937	0.02108
1.00000	0.00696	0.80923	0.00806	0.03955	0.03802	0.07290	0.01549	0.00341	0.00190	0.00449
1.00000	0.67560	0.00374	0.12198	0.00328	0.04502	0.02417	0.07891	0.01745	0.01043	0.01941
1.00000	0.01429	0.01030	0.17609	0.19119	0.01072	0.00325	0.01997	0.46291	0.10604	0.00524
1.00000	0.02098	0.00720	0.07851	0.00671	0.00498	0.00801	0.03507	0.00044	0.82828	0.00980
0.00000	0.00096	0.00697	0.00239	0.00442	0.27721	0.00866	0.03416	0.01469	0.00606	0.64448
1.00000	0.06378	0.00399	0.00897	0.00190	0.51813	0.05886	0.09353	0.01733	0.04072	0.19278
1.00000	0.01403	0.01840	0.43704	0.22128	0.00550	0.01528	0.00804	0.00744	0.27168	0.00132
1.00000	0.00313	0.01428	0.87316	0.03452	0.03675	0.00255	0.01344	0.00014	0.01985	0.00217
0.00000	0.00855	0.03383	0.01697	0.36045	0.06134	0.05668	0.02375	0.02251	0.30609	0.10984
