1.00000	0.01087	0.91851	0.02119	0.00410	0.00367	0.00442	0.00239	0.02975	0.00239	0.00271
1.00000	0.00051	0.00016	0.00007	0.01868	0.00151	0.00092	0.00007	0.97212	0.00036	0.00560
1.00000	0.90782	0.00028	0.00120	0.00503	0.00034	0.01288	0.05671	0.00312	0.01041	0.00221
1.00000	0.01144	0.00953	0.00286	0.05566	0.02046	0.79111	0.00512	0.00937	0.08239	0.01207
1.00000	0.00665	0.00082	0.00346	0.00625	0.85693	0.06134	0.00288	0.03275	0.00546	0.02347
1.00000	0.00340	0.09474	0.01275	0.00784	0.20931	0.01803	0.00111	0.48080	0.02947	0.14254
1.00000	0.00443	0.00038	0.00025	0.00229	0.00051	0.98088	0.00055	0.00050	0.00774	0.00248
1.00000	0.18765	0.06771	0.41279	0.00359	0.02267	0.05975	0.20107	0.03861	0.00258	0.00359
0.00000	0.00474	0.00424	0.03569	0.00532	0.11824	0.04213	0.00355	0.25749	0.01393	0.51467
1.00000	0.09705	0.00374	0.01606	0.02168	0.29713	0.09247	0.00605	0.04596	0.11576	0.30408
1.00000	0.00700	0.84045	0.02808	0.01227	0.00713	0.00387	0.00164	0.06208	0.03122	0.00625
1.00000	0.01871	0.00315	0.93765	0.00224	0.00221	0.00058	0.02957	0.00361	0.00099	0.00128
1.00000	0.00344	0.02263	0.00365	0.00268	0.78290	0.05838	0.00238	0.00789	0.04093	0.07514
1.00000	0.00551	0.92022	0.00264	0.00264	0.00104	0.00200	0.00060	0.04465	0.01576	0.00493
1.00000	0.01488	0.69640	0.02167	0.02084	0.01509	0.00754	0.00108	0.21316	0.00638	0.00295
1.00000	0.02736	0.02586	0.05668	0.26755	0.08257	0.18413	0.02754	0.17882	0.07774	0.07175
1.00000	0.00916	0.90733	0.00346	0.00196	0.00301	0.00280	0.00118	0.05956	0.00741	0.00413
1.00000	0.01267	0.00373	0.01730	0.02326	0.00407	0.06500	0.85870	0.00095	0.01316	0.00115
1.00000	0.00018	0.00052	0.00083	0.00017	0.97424	0.01111	0.00139	0.00178	0.00087	0.00892
1.00000	0.00100	0.00209	0.00609	0.01027	0.15194	0.02076	0.00317	0.07931	0.01817	0.70719
1.00000	0.02561	0.00494	0.01845	0.82616	0.00604	0.09005	0.00325	0.00384	0.01924	0.00242
1.00000	0.00200	0.00141	0.00607	0.00433	0.77819	0.00646	0.03166	0.01828	0.01572	0.13588
1.00000	0.00094	0.00051	0.00034	0.00013	0.02526	0.00989	0.00018	0.00777	0.00232	0.95266
1.00000	0.10869	0.00937	0.07542	0.19552	0.01782	0.01211	0.02972	0.01088	0.50931	0.03116
1.00000	0.00632	0.00081	0.00139	0.00043	0.02243	0.03412	0.00164	0.00978	0.13356	0.78953
1.00000	0.53187	0.00843	0.09485	0.08535	0.02603	0.17510	0.03739	0.01897	0.01024	0.01177
1.00000	0.00215	0.00049	0.00365	0.00741	0.00124	0.01332	0.00015	0.75831	0.00159	0.21169
1.00000	0.12342	0.00275	0.01153	0.00260	0.00229	0.00280	0.78682	0.03855	0.02292	0.00631
1.00000	0.02846	0.02968	0.09666	0.03431	0.11577	0.15236	0.03520	0.05858	0.41568	0.03329
1.00000	0.01870	0.00009	0.01153	0.00016	0.00615	0.00132	0.96111	0.00032	0.00030	0.00032
1.00000	0.05606	0.56232	0.02876	0.05518	0.00732	0.01440	0.01007	0.10740	0.14862	0.00988
1.00000	0.04495	0.00290	0.08654	0.76126	0.00311	0.08512	0.00053	0.00628	0.00869	0.00063
1.00000	0.00880	0.88828	0.01327	0.01010	0.00114	0.00746	0.00403	0.01485	0.03932	0.01274
1.00000	0.03523	0.00702	0.02873	0.04795	0.57294	0.03675	0.10069	0.02908	0.06909	0.07253
1.00000	0.02140	0.00034	0.01285	0.00066	0.00499	0.00567	0.94205	0.00699	0.00041	0.00463
1.00000	0.00568	0.06725	0.84663	0.00601	0.00321	0.00711	0.03330	0.00694	0.00692	0.01694
1.00000	0.00404	0.00568	0.00529	0.04856	0.20556	0.15855	0.00996	0.02219	0.50796	0.03222
1.00000	0.92742	0.00036	0.01672	0.00113	0.00367	0.00286	0.04480	0.00083	0.00084	0.00136
1.00000	0.00370	0.08225	0.01539	0.00575	0.51274	0.10771	0.01118	0.09497	0.01238	0.15394
1.00000	0.07657	0.00228	0.47840	0.13278	0.01533	0.01648	0.01567	0.07603	0.12430	0.06215
1.00000	0.16083	0.00245	0.07049	0.45659	0.00959	0.12671	0.01105	0.01155	0.14935	0.00140
1.00000	0.00280	0.00219	0.96290	0.00797	0.00076	0.00121	0.00807	0.01011	0.00170	0.00230
1.00000	0.97145	0.00008	0.00078	0.00201	0.00122	0.00857	0.01429	0.00038	0.00094	0.00029
1.00000	0.00458	0.01633	0.06467	0.00470	0.16422	0.04036	0.00730	0.03839	0.02242	0.63703
1.00000	0.01645	0.01660	0.68206	0.17699	0.00279	0.03308	0.01537	0.00766	0.04794	0.00106
1.00000	0.00283	0.93426	0.00387	0.00332	0.00507	0.00083	0.00122	0.04210	0.00275	0.00374
1.00000	0.00382	0.00311	0.01990	0.80577	0.00631	0.04289	0.00177	0.06328	0.05006	0.00311
1.00000	0.00137	0.00880	0.05619	0.75208	0.00327	0.02724	0.00062	0.08487	0.06050	0.00507
0.00000	0.00507	0.00631	0.02132	0.39563	0.01096	0.03296	0.00012	0.04138	0.46685	0.01940
1.00000	0.01730	0.00621	0.03373	0.13147	0.03407	0.63064	0.02077	0.02216	0.08815	0.01551
1.00000	0.04538	0.00301	0.08153	0.02198	0.38166	0.02175	0.04573	0.02594	0.28087	0.09214
1.00000	0.01471	0.00208	0.00434	0.01797	0.00141	0.08631	0.84297	0.00253	0.02695	0.00072
1.00000	0.00177	0.03662	0.02206	0.01458	0.00149	0.00205	0.00049	0.87864	0.02112	0.02116
1.00000	0.12287	0.00739	0.01301	0.02882	0.00283	0.02632	0.00673	0.61619	0.02142	0.15442
1.00000	0.03719	0.00628	0.02734	0.13997	0.00281	0.67679	0.04202	0.00500	0.05931	0.00329
1.00000	0.00972	0.03223	0.02955	0.01605	0.14347	0.03851	0.00857	0.04856	0.02067	0.65267
1.00000	0.00115	0.00179	0.03740	0.00450	0.87873	0.00891	0.01414	0.00311	0.01008	0.04020
1.00000	0.02591	0.00556	0.01954	0.01894	0.67505	0.06082	0.01236	0.07064	0.02785	0.08333
1.00000	0.72850	0.00732	0.02491	0.03951	0.00798	0.02965	0.05111	0.01427	0.07261	0.02412
1.00000	0.03588	0.00039	0.01696	0.01133	0.01378	0.06455	0.00647	0.05450	0.60551	0.19063
1.00000	0.00688	0.00205	0.00683	0.04716	0.07973	0.68714	0.02829	0.02772	0.04509	0.06912
1.00000	0.56781	0.02326	0.03588	0.08158	0.00854	0.12239	0.00466	0.06184	0.01811	0.07592
1.00000	0.03336	0.00141	0.00917	0.00832	0.62501	0.05295	0.01932	0.08727	0.02671	0.13648
1.00000	0.00084	0.00122	0.00048	0.00106	0.03531	0.00624	0.00056	0.06153	0.01339	0.87937
1.00000	0.00126	0.00043	0.01468	0.03996	0.00786	0.01960	0.00008	0.91285	0.00163	0.00165
1.00000	0.01298	0.00043	0.00034	0.01042	0.01710	0.01634	0.00551	0.88883	0.01825	0.02982
1.00000	0.07342	0.01297	0.04116	0.00884	0.04306	0.01862	0.04388	0.09982	0.01285	0.64537
1.00000	0.00083	0.00244	0.00828	0.05939	0.03345	0.01691	0.00032	0.81308	0.03305	0.03225
1.00000	0.00056	0.00103	0.00060	0.00798	0.05952	0.02197	0.00017	0.11921	0.00625	0.78272
1.00000	0.02812	0.01505	0.11009	0.03535	0.01166	0.01473	0.67728	0.03795	0.04680	0.02297
1.00000	0.83489	0.00030	0.03495	0.00532	0.00132	0.07812	0.02635	0.00484	0.01359	0.00033
1.00000	0.07878	0.00827	0.00304	0.15102	0.01290	0.65788	0.02708	0.04823	0.00741	0.00538
1.00000	0.00276	0.00380	0.00086	0.00930	0.01234	0.88748	0.00169	0.01836	0.04824	0.01516
1.00000	0.01415	0.00112	0.11808	0.01050	0.03935	0.01878	0.75671	0.01870	0.00831	0.01429
1.00000	0.00590	0.00224	0.07170	0.00068	0.00703	0.08018	0.81242	0.00438	0.01284	0.00264
1.00000	0.04412	0.06243	0.06731	0.03144	0.03967	0.67422	0.00328	0.06089	0.01119	0.00547
1.00000	0.01921	0.00602	0.03459	0.02616	0.01513	0.01616	0.00041	0.56130	0.11950	0.20152
1.00000	0.37587	0.01196	0.08151	0.08326	0.01174	0.14828	0.00808	0.25813	0.01087	0.01029
1.00000	0.01759	0.00014	0.00040	0.00355	0.00267	0.00593	0.00016	0.95300	0.00085	0.01571
1.00000	0.01519	0.01929	0.00272	0.02150	0.02452	0.81029	0.00243	0.06513	0.03380	0.00512
1.00000	0.00100	0.00171	0.00175	0.00311	0.08112	0.05012	0.00096	0.09174	0.01757	0.75093
1.00000	0.00242	0.00874	0.01187	0.00423	0.60486	0.03198	0.08124	0.04027	0.04880	0.16559
1.00000	0.00517	0.00659	0.05185	0.00981	0.84270	0.01490	0.00495	0.04047	0.01217	0.01139
1.00000	0.00690	0.00070	0.00274	0.00057	0.17486	0.00794	0.00085	0.02331	0.02139	0.76073
1.00000	0.00065	0.00042	0.97524	0.01752	0.00002	0.00012	0.00466	0.00034	0.00081	0.00022
1.00000	0.93134	0.00067	0.00794	0.01637	0.00046	0.00849	0.00966	0.01639	0.00513	0.00355
1.00000	0.04131	0.01159	0.69555	0.01761	0.02155	0.01877	0.11283	0.00214	0.06280	0.01585
1.00000	0.01134	0.00077	0.00022	0.00153	0.06345	0.01646	0.00019	0.47912	0.00296	0.42395
1.00000	0.02105	0.82185	0.00586	0.00195	0.01711	0.02893	0.00139	0.09580	0.00268	0.00339
1.00000	0.00846	0.04567	0.06251	0.54725	0.00221	0.21511	0.02938	0.01340	0.07089	0.00512
1.00000	0.01258	0.00077	0.88963	0.00643	0.02089	0.00028	0.04248	0.01961	0.00336	0.00396
1.00000	0.89828	0.00201	0.02378	0.00676	0.00944	0.00794	0.03395	0.00610	0.00172	0.01001
1.00000	0.03558	0.00728	0.16216	0.00143	0.00750	0.03225	0.75202	0.00066	0.00076	0.00035
1.00000	0.01019	0.89774	0.01813	0.00492	0.00213	0.00230	0.00165	0.04703	0.01393	0.00197
1.00000	0.00278	0.00021	0.00184	0.01515	0.00116	0.00282	0.00029	0.96282	0.00300	0.00992
1.00000	0.02599	0.00405	0.00648	0.00741	0.08624	0.04999	0.00558	0.73031	0.01402	0.06993
0.00000	0.10582	0.00204	0.03909	0.02211	0.34534	0.16764	0.02376	0.20293	0.01438	0.07690
0.00000	0.00792	0.00026	0.00092	0.00248	0.06519	0.01265	0.00107	0.02624	0.13547	0.74780
1.00000	0.03044	0.02128	0.01298	0.00694	0.70769	0.02070	0.10355	0.04759	0.00615	0.04268
1.00000	0.02427	0.00017	0.00014	0.00299	0.00239	0.00336	0.00399	0.95081	0.00081	0.01108
1.00000	0.00957	0.05587	0.06377	0.02149	0.08580	0.10129	0.02560	0.52927	0.03205	0.07528
1.00000	0.00874	0.00601	0.05814	0.00744	0.26135	0.04186	0.50045	0.09054	0.00376	0.02172
1.00000	0.00179	0.00005	0.00140	0.00698	0.00034	0.00028	0.00002	0.00220	0.98537	0.00157
0.00000	0.01358	0.04368	0.04671	0.07002	0.42691	0.03622	0.13373	0.10383	0.01620	0.10913
1.00000	0.12553	0.02458	0.41581	0.20142	0.00591	0.02091	0.07747	0.01106	0.11325	0.00407
1.00000	0.00591	0.00206	0.00619	0.00538	0.00042	0.90650	0.00010	0.00155	0.07152	0.00037
1.00000	0.11786	0.00594	0.02122	0.01825	0.54410	0.07334	0.05227	0.02633	0.03019	0.11049
1.00000	0.09700	0.00477	0.03048	0.67311	0.00331	0.09132	0.00262	0.04912	0.04072	0.00755
1.00000	0.00130	0.00029	0.00120	0.00052	0.70532	0.09394	0.00141	0.00430	0.00322	0.18851
1.00000	0.00602	0.00011	0.00007	0.00106	0.00033	0.00044	0.00004	0.98915	0.00008	0.00271
0.00000	0.27421	0.01556	0.11899	0.15049	0.01897	0.08499	0.05912	0.07001	0.03530	0.17237
1.00000	0.01762	0.00088	0.01744	0.03186	0.00130	0.01015	0.00115	0.00308	0.83468	0.08185
1.00000	0.00105	0.00034	0.00148	0.01071	0.00515	0.00226	0.00032	0.03276	0.92784	0.01809
1.00000	0.00369	0.06255	0.00030	0.00461	0.01638	0.00132	0.00027	0.90383	0.00183	0.00523
1.00000	0.00804	0.82392	0.00507	0.01349	0.00354	0.02948	0.00236	0.07837	0.00779	0.02793
1.00000	0.04051	0.00533	0.11803	0.62387	0.00070	0.17969	0.00261	0.01970	0.00601	0.00356
1.00000	0.02054	0.00064	0.03539	0.00090	0.00111	0.00840	0.92632	0.00212	0.00085	0.00373
1.00000	0.00090	0.00046	0.00107	0.00058	0.12859	0.00454	0.00028	0.00625	0.01012	0.84721
1.00000	0.00472	0.87421	0.01355	0.00450	0.01224	0.00146	0.00221	0.02437	0.03064	0.03211
1.00000	0.00020	0.00282	0.00048	0.00542	0.02294	0.00150	0.00021	0.94863	0.00384	0.01396
1.00000	0.00677	0.00123	0.02484	0.00685	0.71135	0.01916	0.04581	0.05337	0.03702	0.09360
0.00000	0.04128	0.04047	0.11847	0.09833	0.21660	0.07822	0.16175	0.17786	0.02330	0.04372
1.00000	0.06818	0.01215	0.23000	0.45362	0.00581	0.08389	0.04151	0.06509	0.03641	0.00333
1.00000	0.78404	0.01365	0.03133	0.04665	0.04017	0.01496	0.03221	0.01511	0.01799	0.00388
1.00000	0.01753	0.07407	0.00223	0.04640	0.01885	0.49092	0.00715	0.13308	0.09565	0.11413
1.00000	0.01040	0.00196	0.00614	0.85072	0.00027	0.08552	0.00241	0.03261	0.00963	0.00034
1.00000	0.01248	0.00603	0.67198	0.01932	0.07190	0.00814	0.18507	0.01031	0.00607	0.00870
1.00000	0.01302	0.00761	0.10946	0.64669	0.00402	0.01044	0.00965	0.00698	0.19116	0.00097
1.00000	0.05753	0.01053	0.00543	0.20346	0.00189	0.69148	0.01084	0.00293	0.01433	0.00158
1.00000	0.00317	0.00168	0.00587	0.12404	0.00050	0.82958	0.00004	0.00090	0.03307	0.00115
1.00000	0.00084	0.00007	0.00012	0.00009	0.01495	0.00236	0.00008	0.00365	0.00678	0.97106
0.00000	0.05012	0.01646	0.05942	0.33644	0.06753	0.24449	0.09250	0.01879	0.09213	0.02213
1.00000	0.00153	0.00029	0.00347	0.00184	0.00236	0.00645	0.96188	0.01960	0.00184	0.00073
1.00000	0.00453	0.00034	0.00092	0.00703	0.92887	0.00615	0.00290	0.02202	0.00283	0.02443
1.00000	0.93070	0.00024	0.01797	0.00941	0.00436	0.02510	0.00539	0.00331	0.00317	0.00036
1.00000	0.01077	0.00627	0.01468	0.01887	0.04385	0.04308	0.00180	0.02738	0.61495	0.21833
1.00000	0.97372	0.00027	0.00249	0.00417	0.00237	0.01311	0.00243	0.00067	0.00048	0.00028
1.00000	0.00811	0.02004	0.01197	0.08816	0.01674	0.04460	0.00897	0.72931	0.01953	0.05257
1.00000	0.14693	0.01903	0.43326	0.06769	0.00326	0.18686	0.03957	0.02363	0.07302	0.00677
1.00000	0.04701	0.02684	0.01679	0.01908	0.12556	0.11700	0.01861	0.16249	0.28802	0.17860
1.00000	0.08518	0.00135	0.05986	0.27913	0.00573	0.07932	0.03830	0.01320	0.43519	0.00274
1.00000	0.14929	0.00470	0.07336	0.14831	0.01726	0.26849	0.02329	0.01847	0.29372	0.00310
1.00000	0.00190	0.00071	0.00023	0.00608	0.00032	0.00294	0.00006	0.98516	0.00089	0.00171
1.00000	0.00721	0.05037	0.45052	0.16001	0.00461	0.01338	0.00205	0.07369	0.22564	0.01252
1.00000	0.00593	0.01728	0.03258	0.02348	0.02474	0.01106	0.82245	0.04737	0.01334	0.00177
1.00000	0.89147	0.00095	0.02601	0.00132	0.02455	0.00934	0.03052	0.00563	0.00115	0.00906
1.00000	0.01982	0.02425	0.02168	0.03365	0.03761	0.67731	0.02147	0.00466	0.10951	0.05003
1.00000	0.03885	0.01202	0.01385	0.15700	0.00329	0.54845	0.00590	0.03463	0.18010	0.00592
1.00000	0.02298	0.00186	0.87990	0.03419	0.00594	0.00531	0.00328	0.00932	0.02457	0.01265
1.00000	0.00216	0.00396	0.00084	0.03283	0.00150	0.92176	0.00499	0.00306	0.02795	0.00093
1.00000	0.02307	0.67248	0.00823	0.04125	0.03679	0.02484	0.00317	0.09421	0.04157	0.05440
1.00000	0.00138	0.00041	0.01045	0.94775	0.00086	0.02240	0.00184	0.00570	0.00873	0.00049
1.00000	0.02102	0.00586	0.02986	0.03188	0.04131	0.01679	0.75935	0.03874	0.02302	0.03217
1.00000	0.15106	0.00619	0.12821	0.00411	0.51734	0.03934	0.07191	0.00737	0.00925	0.06521
1.00000	0.02152	0.02592	0.01433	0.03266	0.00683	0.00291	0.00108	0.87082	0.00174	0.02219
1.00000	0.00530	0.00064	0.01359	0.00023	0.88339	0.01861	0.02538	0.01505	0.00251	0.03531
1.00000	0.91515	0.00095	0.00621	0.02450	0.00053	0.01622	0.01527	0.00237	0.01816	0.00064
0.00000	0.03273	0.05753	0.34989	0.16813	0.00254	0.01434	0.00181	0.00374	0.36538	0.00391
1.00000	0.39690	0.02163	0.10619	0.01457	0.02483	0.01826	0.20270	0.12992	0.01800	0.06700
0.00000	0.05500	0.01432	0.31342	0.40524	0.00216	0.02335	0.01438	0.07358	0.08376	0.01478
1.00000	0.00810	0.00077	0.00158	0.00465	0.02150	0.04220	0.00311	0.01605	0.02657	0.87547
1.00000	0.00955	0.00357	0.88677	0.02484	0.00134	0.00294	0.01594	0.01657	0.03614	0.00232
1.00000	0.01562	0.01993	0.00081	0.06279	0.00331	0.81432	0.00224	0.00807	0.06066	0.01225
0.00000	0.42743	0.01024	0.23279	0.00714	0.01121	0.01679	0.20924	0.00992	0.06142	0.01382
0.00000	0.02573	0.02357	0.04947	0.00627	0.34043	0.09896	0.09297	0.03478	0.18214	0.14568
1.00000	0.00321	0.00401	0.00282	0.02695	0.04539	0.04286	0.01477	0.07644	0.09696	0.68660
1.00000	0.00090	0.00013	0.00019	0.00157	0.03944	0.00906	0.00010	0.05141	0.00758	0.88962
1.00000	0.04267	0.00994	0.03551	0.02937	0.05941	0.00791	0.73959	0.02618	0.02065	0.02879
1.00000	0.00246	0.00236	0.14400	0.05417	0.00631	0.01867	0.00351	0.00720	0.74597	0.01534
1.00000	0.15710	0.00299	0.74491	0.04206	0.00393	0.00462	0.01909	0.01335	0.00919	0.00275
1.00000	0.79718	0.00105	0.02124	0.01831	0.00171	0.03601	0.03639	0.01079	0.07414	0.00319
1.00000	0.02518	0.00986	0.00823	0.10737	0.00080	0.00883	0.00122	0.01143	0.79091	0.03615
1.00000	0.00342	0.00094	0.00320	0.01409	0.00140	0.95506	0.01675	0.00074	0.00432	0.00006
1.00000	0.00327	0.00210	0.00150	0.00641	0.82700	0.01059	0.00391	0.03948	0.02680	0.07895
1.00000	0.02076	0.00012	0.06027	0.00010	0.00808	0.00294	0.90129	0.00375	0.00013	0.00255
1.00000	0.02396	0.00562	0.07222	0.01424	0.60930	0.01975	0.06609	0.01452	0.04019	0.13411
1.00000	0.03592	0.00117	0.00062	0.00125	0.00010	0.00095	0.00008	0.95791	0.00009	0.00190
1.00000	0.05441	0.02972	0.02052	0.55250	0.02715	0.05645	0.00675	0.10120	0.06002	0.09128
1.00000	0.00296	0.00042	0.00518	0.02759	0.00222	0.04732	0.00072	0.00584	0.88426	0.02350
0.00000	0.00703	0.00631	0.32522	0.17661	0.00123	0.00399	0.00056	0.04139	0.43059	0.00708
0.00000	0.30033	0.00997	0.02611	0.00456	0.32394	0.04145	0.10378	0.06514	0.04489	0.07982
1.00000	0.04324	0.01175	0.00855	0.51221	0.04158	0.11644	0.00604	0.06245	0.16543	0.03231
1.00000	0.00411	0.00844	0.01901	0.00282	0.01762	0.01887	0.90439	0.00864	0.01474	0.00136
1.00000	0.00512	0.89007	0.00914	0.00156	0.00361	0.00155	0.00084	0.08381	0.00300	0.00130
1.00000	0.00855	0.00153	0.01798	0.78195	0.00069	0.07409	0.00100	0.03302	0.07869	0.00250
1.00000	0.26431	0.00325	0.04179	0.17864	0.01533	0.00800	0.00086	0.00516	0.46588	0.01679
1.00000	0.01866	0.00234	0.04429	0.06642	0.01806	0.00948	0.01077	0.01278	0.75834	0.05886
1.00000	0.00903	0.00330	0.00570	0.00420	0.00749	0.93293	0.01290	0.00100	0.02097	0.00250
0.00000	0.15707	0.03396	0.04729	0.25103	0.05497	0.07704	0.06680	0.05324	0.15033	0.10826
1.00000	0.06476	0.03822	0.04437	0.69122	0.02179	0.02009	0.02540	0.00595	0.05445	0.03375
1.00000	0.36875	0.02144	0.13043	0.36923	0.00204	0.03414	0.01490	0.01469	0.04373	0.00066
1.00000	0.01321	0.00589	0.00887	0.02060	0.59694	0.00818	0.02251	0.07845	0.06603	0.17933
1.00000	0.02564	0.01108	0.15077	0.51469	0.00661	0.02517	0.00405	0.00704	0.23364	0.02131
0.00000	0.02484	0.02827	0.45206	0.17011	0.03648	0.01065	0.07350	0.14971	0.04333	0.01105
1.00000	0.16915	0.00627	0.08594	0.14306	0.02503	0.05591	0.00873	0.06732	0.30637	0.13223
1.00000	0.01123	0.00580	0.19606	0.21536	0.04766	0.02754	0.00998	0.01630	0.44742	0.02265
1.00000	0.98008	0.00007	0.00104	0.00083	0.00026	0.00822	0.00762	0.00109	0.00068	0.00010
1.00000	0.01105	0.00120	0.00048	0.06280	0.00085	0.91737	0.00061	0.00073	0.00179	0.00313
1.00000	0.00818	0.00559	0.14013	0.83406	0.00065	0.00621	0.00045	0.00104	0.00341	0.00029
1.00000	0.04599	0.00491	0.04921	0.00746	0.62752	0.09744	0.03005	0.04153	0.04257	0.05333
1.00000	0.03143	0.06658	0.03720	0.02481	0.62549	0.08085	0.01219	0.03070	0.02294	0.06781
1.00000	0.00152	0.00029	0.00116	0.00083	0.01725	0.00186	0.00029	0.02655	0.02165	0.92860
1.00000	0.05646	0.00936	0.00341	0.03634	0.18129	0.12958	0.00931	0.25032	0.03181	0.29211
1.00000	0.01087	0.00094	0.22149	0.72810	0.00048	0.01379	0.00363	0.00303	0.01637	0.00132
1.00000	0.00484	0.00134	0.00938	0.02217	0.02928	0.01028	0.00879	0.17602	0.05818	0.67972
1.00000	0.01770	0.01469	0.00891	0.00653	0.01505	0.15863	0.01672	0.00347	0.61590	0.14239
1.00000	0.00127	0.00063	0.00023	0.00142	0.10705	0.00355	0.00092	0.01899	0.01267	0.85327
1.00000	0.00750	0.01486	0.00558	0.04932	0.00466	0.03476	0.00303	0.03063	0.74496	0.10469
1.00000	0.89764	0.00177	0.01928	0.00314	0.00278	0.02363	0.03284	0.00206	0.01563	0.00123
1.00000	0.00767	0.87491	0.03602	0.00448	0.00550	0.00181	0.01453	0.01516	0.02438	0.01554
1.00000	0.00527	0.00106	0.00823	0.51865	0.01595	0.00754	0.00016	0.03500	0.32516	0.08299
1.00000	0.91304	0.00030	0.00780	0.01070	0.00036	0.04174	0.02303	0.00034	0.00256	0.00013
1.00000	0.01840	0.01773	0.57740	0.00858	0.22102	0.00418	0.00671	0.08674	0.00409	0.05516
1.00000	0.00232	0.00060	0.00098	0.00885	0.03298	0.02501	0.00018	0.16660	0.12442	0.63805
1.00000	0.00012	0.00005	0.00019	0.00174	0.00283	0.00082	0.00002	0.97661	0.00070	0.01693
1.00000	0.00642	0.00169	0.02688	0.01205	0.00157	0.07727	0.04466	0.00036	0.81983	0.00927
1.00000	0.17203	0.00272	0.00138	0.00591	0.03739	0.10441	0.01021	0.60609	0.00498	0.05486
1.00000	0.96914	0.00016	0.00852	0.00534	0.00093	0.00080	0.00547	0.00176	0.00617	0.00170
1.00000	0.00658	0.00963	0.00058	0.01115	0.04051	0.00760	0.00080	0.12603	0.04163	0.75549
1.00000	0.06488	0.00102	0.12938	0.00400	0.05051	0.00293	0.72286	0.00475	0.01587	0.00378
1.00000	0.00381	0.03078	0.00177	0.00326	0.00085	0.00054	0.00010	0.93278	0.00359	0.02250
1.00000	0.00212	0.00099	0.00361	0.00590	0.85745	0.06519	0.00382	0.01496	0.00549	0.04047
1.00000	0.00854	0.00114	0.00091	0.00100	0.00653	0.00180	0.00031	0.87542	0.00033	0.10402
1.00000	0.03441	0.55557	0.10372	0.02466	0.00933	0.00504	0.01127	0.07091	0.16912	0.01597
1.00000	0.00291	0.00232	0.00161	0.00675	0.03543	0.04701	0.00018	0.01539	0.06320	0.82519
1.00000	0.12273	0.00974	0.51609	0.15407	0.00122	0.01231	0.02581	0.15101	0.00554	0.00146
1.00000	0.13804	0.06711	0.32283	0.10072	0.03472	0.04020	0.12613	0.08490	0.06628	0.01906
1.00000	0.01462	0.00122	0.79534	0.10871	0.00023	0.00145	0.05301	0.00279	0.02236	0.00027
1.00000	0.00154	0.91602	0.00648	0.00459	0.00573	0.00237	0.00115	0.04085	0.01248	0.00878
1.00000	0.00085	0.00090	0.05736	0.05501	0.00142	0.00391	0.00346	0.00188	0.86971	0.00550
1.00000	0.01554	0.00465	0.02354	0.77921	0.00704	0.01967	0.00030	0.01725	0.12152	0.01127
1.00000	0.01164	0.00508	0.04685	0.80191	0.00285	0.03019	0.00078	0.00872	0.09019	0.00181
1.00000	0.00219	0.00178	0.00851	0.89755	0.00152	0.01364	0.00019	0.00636	0.06727	0.00100
1.00000	0.04977	0.00016	0.00210	0.00089	0.00430	0.00308	0.00150	0.89833	0.00297	0.03689
1.00000	0.66131	0.00817	0.08337	0.09151	0.00499	0.02856	0.06437	0.04877	0.00681	0.00215
1.00000	0.18450	0.01902	0.02299	0.01682	0.10140	0.02757	0.13055	0.02871	0.15342	0.31503
1.00000	0.51489	0.01172	0.04720	0.00268	0.04208	0.06843	0.11690	0.07083	0.04046	0.08482
1.00000	0.09571	0.00270	0.01120	0.43608	0.02626	0.04328	0.01226	0.01301	0.30965	0.04985
1.00000	0.00384	0.95641	0.00682	0.00577	0.00123	0.00084	0.00156	0.00653	0.01137	0.00563
1.00000	0.01550	0.05506	0.00549	0.56926	0.00094	0.25848	0.00249	0.01194	0.07666	0.00418
1.00000	0.03541	0.01768	0.00280	0.01906	0.00633	0.08245	0.00307	0.78468	0.01499	0.03354
1.00000	0.03141	0.00023	0.00412	0.04249	0.00800	0.88017	0.01521	0.00130	0.01509	0.00198
0.00000	0.07877	0.35496	0.05206	0.04962	0.01315	0.34984	0.01949	0.01834	0.06251	0.00126
1.00000	0.03589	0.02778	0.01229	0.06522	0.02007	0.03166	0.00491	0.01748	0.66430	0.12040
1.00000	0.00288	0.00502	0.00298	0.00782	0.01239	0.00188	0.00009	0.94292	0.00155	0.02247
1.00000	0.02283	0.00140	0.00450	0.04266	0.00279	0.02239	0.00557	0.01237	0.85565	0.02984
1.00000	0.00456	0.06107	0.00469	0.00123	0.71007	0.02295	0.01480	0.01562	0.05339	0.11161
1.00000	0.02103	0.01416	0.00303	0.11766	0.00540	0.76442	0.00655	0.00269	0.06312	0.00194
1.00000	0.04381	0.00636	0.04116	0.02098	0.74262	0.08230	0.01822	0.00835	0.01859	0.01761
1.00000	0.00639	0.00376	0.88548	0.01695	0.03268	0.00202	0.02952	0.01528	0.00516	0.00276
1.00000	0.00252	0.03263	0.01107	0.00638	0.06240	0.03000	0.00521	0.06827	0.13573	0.64579
1.00000	0.00169	0.87944	0.00460	0.00189	0.00379	0.00198	0.00046	0.09557	0.00797	0.00260
1.00000	0.00166	0.00322	0.00593	0.00127	0.79716	0.07093	0.00220	0.00973	0.00447	0.10342
1.00000	0.00664	0.01084	0.02664	0.08497	0.00111	0.01881	0.00421	0.00561	0.79748	0.04369
1.00000	0.00203	0.00291	0.00062	0.00114	0.03961	0.00647	0.00023	0.02030	0.00506	0.92164
1.00000	0.07488	0.01406	0.00706	0.05413	0.01924	0.47338	0.00170	0.06987	0.26944	0.01623
0.00000	0.01414	0.06157	0.03281	0.14787	0.19233	0.15414	0.01563	0.25161	0.03170	0.09821
1.00000	0.00337	0.00012	0.00446	0.01002	0.00082	0.03043	0.00028	0.00133	0.92643	0.02272
1.00000	0.02741	0.00184	0.11159	0.23890	0.00621	0.03954	0.00978	0.00498	0.55905	0.00070
1.00000	0.84240	0.00677	0.00459	0.05281	0.00400	0.03612	0.01658	0.00530	0.01725	0.01418
1.00000	0.00535	0.02794	0.00366	0.11867	0.02899	0.37572	0.18168	0.04182	0.19976	0.01641
1.00000	0.14002	0.01268	0.59190	0.08947	0.01389	0.02584	0.04008	0.00853	0.07221	0.00539
1.00000	0.05477	0.00327	0.00213	0.01322	0.00978	0.27608	0.57117	0.00185	0.06479	0.00293
1.00000	0.06528	0.01885	0.04437	0.08199	0.00377	0.02557	0.01482	0.65369	0.04894	0.04272
1.00000	0.00387	0.00797	0.00929	0.58678	0.01841	0.07444	0.00173	0.19965	0.08113	0.01672
1.00000	0.00124	0.00004	0.00495	0.00352	0.04501	0.00352	0.00078	0.01153	0.01478	0.91464
1.00000	0.00651	0.00276	0.93498	0.02669	0.00062	0.00641	0.00086	0.00116	0.01965	0.00036
1.00000	0.03680	0.00065	0.00733	0.06728	0.00048	0.02098	0.00097	0.00823	0.83969	0.01759
1.00000	0.00883	0.00552	0.00510	0.02716	0.08178	0.76260	0.03952	0.00271	0.04417	0.02261
0.00000	0.12721	0.02317	0.23760	0.02501	0.09737	0.01706	0.03525	0.08422	0.19315	0.15997
1.00000	0.00098	0.00537	0.00048	0.00253	0.03623	0.01721	0.00102	0.12016	0.02663	0.78939
1.00000	0.01296	0.00222	0.87612	0.01767	0.00464	0.00258	0.01788	0.02566	0.03882	0.00146
1.00000	0.00416	0.00056	0.01250	0.02597	0.00632	0.01238	0.89424	0.02941	0.00498	0.00947
1.00000	0.00529	0.01896	0.00382	0.00381	0.10028	0.00480	0.00235	0.07546	0.00579	0.77943
1.00000	0.00146	0.01653	0.76230	0.03034	0.00927	0.00641	0.03648	0.11597	0.00440	0.01685
1.00000	0.91191	0.00011	0.00097	0.00585	0.00018	0.04010	0.00378	0.03111	0.00394	0.00205
1.00000	0.04846	0.07629	0.06550	0.00534	0.04372	0.09218	0.60713	0.00142	0.05414	0.00583
0.00000	0.01447	0.00098	0.06162	0.07979	0.01030	0.01325	0.00402	0.00409	0.79964	0.01183
1.00000	0.92808	0.00649	0.00232	0.01781	0.00234	0.00723	0.02780	0.00057	0.00714	0.00022
1.00000	0.20396	0.00846	0.13191	0.00613	0.04191	0.16862	0.42712	0.00287	0.00833	0.00068
1.00000	0.42253	0.00892	0.00545	0.07475	0.00373	0.28440	0.02246	0.15144	0.01169	0.01464
1.00000	0.01892	0.01247	0.05882	0.55834	0.00175	0.22827	0.05538	0.01238	0.05161	0.00207
1.00000	0.00622	0.00415	0.89970	0.02884	0.00175	0.00304	0.00889	0.03373	0.01165	0.00205
1.00000	0.00312	0.00162	0.01269	0.00081	0.00060	0.00148	0.97553	0.00252	0.00092	0.00070
1.00000	0.01037	0.03266	0.04313	0.10478	0.03979	0.08536	0.00290	0.19448	0.08264	0.40388
1.00000	0.00302	0.00073	0.00026	0.00272	0.00082	0.00040	0.00002	0.98099	0.00089	0.01014
1.00000	0.00729	0.00077	0.00912	0.00337	0.03466	0.01703	0.00721	0.09860	0.00733	0.81462
1.00000	0.85050	0.00420	0.01055	0.01747	0.00940	0.07887	0.00052	0.01272	0.01008	0.00570
1.00000	0.02300	0.00073	0.01319	0.00220	0.04273	0.02298	0.00614	0.17021	0.01439	0.70444
0.00000	0.24349	0.01699	0.03520	0.46714	0.02220	0.03978	0.02270	0.00691	0.13838	0.00722
1.00000	0.03381	0.00411	0.07317	0.06843	0.04880	0.01472	0.00348	0.03554	0.56651	0.15143
1.00000	0.00701	0.00278	0.09102	0.00126	0.11737	0.00862	0.74550	0.01248	0.00390	0.01006
1.00000	0.00591	0.00019	0.00072	0.02305	0.02446	0.02535	0.00093	0.84150	0.01062	0.06727
1.00000	0.12458	0.00155	0.00315	0.09007	0.02111	0.71318	0.01346	0.00808	0.02233	0.00249
1.00000	0.85821	0.00016	0.01191	0.00528	0.00081	0.07161	0.00567	0.01136	0.03430	0.00067
1.00000	0.00823	0.93827	0.01274	0.00210	0.00212	0.00109	0.00350	0.02911	0.00160	0.00123
0.00000	0.31628	0.03596	0.04231	0.22090	0.00811	0.23586	0.00868	0.03600	0.08034	0.01556
1.00000	0.11933	0.00589	0.62269	0.01365	0.06144	0.01853	0.02237	0.05121	0.01885	0.06603
1.00000	0.03290	0.00060	0.00047	0.00505	0.00130	0.93301	0.00016	0.00698	0.01911	0.00042
1.00000	0.01950	0.00362	0.02910	0.01260	0.50642	0.04867	0.04067	0.07701	0.04510	0.21731
1.00000	0.00107	0.01130	0.00991	0.00801	0.07892	0.00981	0.00522	0.85066	0.00289	0.02221
1.00000	0.04767	0.00496	0.39472	0.28304	0.00145	0.02270	0.00939	0.14194	0.08974	0.00438
1.00000	0.00401	0.00125	0.04485	0.06783	0.00484	0.00601	0.00110	0.00763	0.84410	0.01839
1.00000	0.02596	0.00024	0.01521	0.00025	0.00130	0.00356	0.94607	0.00040	0.00618	0.00083
1.00000	0.09232	0.00375	0.06844	0.00468	0.07684	0.01744	0.51393	0.02235	0.13477	0.06547
1.00000	0.02505	0.85821	0.00341	0.00385	0.00366	0.00750	0.00545	0.08173	0.00152	0.00960
0.00000	0.52357	0.00919	0.11062	0.13114	0.00776	0.07481	0.00642	0.02963	0.08177	0.02508
1.00000	0.02532	0.00075	0.00008	0.00071	0.00019	0.00011	0.00001	0.97156	0.00004	0.00124
1.00000	0.07067	0.01954	0.60308	0.01775	0.11167	0.00799	0.01963	0.12157	0.00616	0.02195
0.00000	0.32822	0.00348	0.10296	0.22628	0.00321	0.03911	0.04326	0.00477	0.24761	0.00109
1.00000	0.09267	0.01233	0.04937	0.11737	0.05115	0.45795	0.04882	0.02417	0.13409	0.01209
1.00000	0.00080	0.00081	0.00015	0.00206	0.00145	0.00114	0.00003	0.98427	0.00320	0.00609
1.00000	0.18524	0.00197	0.01189	0.05306	0.00603	0.11329	0.60032	0.00600	0.01928	0.00294
1.00000	0.82623	0.01106	0.08096	0.01427	0.00148	0.00954	0.03596	0.00249	0.00631	0.01169
1.00000	0.02442	0.01133	0.00823	0.59393	0.01525	0.19338	0.00530	0.01897	0.11813	0.01105
1.00000	0.00031	0.00054	0.00021	0.00019	0.82919	0.01419	0.00104	0.00552	0.00318	0.14564
1.00000	0.00166	0.00079	0.96013	0.00369	0.00305	0.00106	0.02178	0.00338	0.00225	0.00220
1.00000	0.06606	0.01479	0.01501	0.00555	0.52414	0.04209	0.05915	0.04780	0.11816	0.10726
1.00000	0.02222	0.00846	0.02782	0.15467	0.00323	0.70588	0.00417	0.00780	0.05392	0.01185
1.00000	0.02728	0.77769	0.02209	0.02007	0.00360	0.01040	0.03283	0.00210	0.09004	0.01391
1.00000	0.01857	0.03460	0.05523	0.00741	0.14452	0.03821	0.00207	0.52748	0.03709	0.13481
1.00000	0.05672	0.00172	0.15712	0.02779	0.02455	0.07167	0.02841	0.02295	0.57753	0.03153
1.00000	0.67085	0.02404	0.14496	0.00904	0.00757	0.03711	0.09214	0.00575	0.00630	0.00224
1.00000	0.00426	0.91988	0.00285	0.00270	0.00300	0.00188	0.00134	0.03878	0.01218	0.01316
1.00000	0.01134	0.00313	0.04523	0.00724	0.80671	0.01202	0.04438	0.01852	0.01815	0.03329
1.00000	0.00166	0.00232	0.00337	0.01733	0.69315	0.03930	0.03352	0.16570	0.00801	0.03561
1.00000	0.02829	0.00136	0.00097	0.03924	0.01507	0.78608	0.01076	0.03104	0.07471	0.01249
1.00000	0.03457	0.00700	0.00987	0.05924	0.05281	0.48312	0.00347	0.19050	0.12831	0.03112
1.00000	0.00208	0.00038	0.00292	0.00188	0.06590	0.00306	0.00276	0.02362	0.01763	0.87975
1.00000	0.74866	0.00423	0.06208	0.02778	0.05291	0.01371	0.06438	0.01281	0.01054	0.00290
1.00000	0.02047	0.00031	0.93782	0.00763	0.02569	0.00156	0.00408	0.00028	0.00045	0.00171
1.00000	0.01523	0.66288	0.01498	0.03279	0.02420	0.00886	0.00444	0.01907	0.13939	0.07817
1.00000	0.00921	0.00126	0.00439	0.00401	0.83386	0.00908	0.05082	0.07138	0.00463	0.01135
1.00000	0.88232	0.00397	0.02149	0.00954	0.00482	0.02192	0.01712	0.01788	0.01751	0.00343
1.00000	0.01227	0.00005	0.00026	0.00846	0.00087	0.00204	0.00014	0.95548	0.00067	0.01974
1.00000	0.11597	0.05420	0.04578	0.04735	0.10446	0.05222	0.13146	0.09592	0.24249	0.11016
0.00000	0.06730	0.00678	0.00246	0.20582	0.05726	0.13409	0.02250	0.09594	0.20610	0.20175
0.00000	0.03590	0.18569	0.04985	0.05018	0.02649	0.10378	0.00150	0.24002	0.23393	0.07266
1.00000	0.01000	0.00432	0.03458	0.00421	0.11579	0.04616	0.00743	0.02078	0.11496	0.64177
1.00000	0.09719	0.00507	0.01350	0.19021	0.04438	0.35908	0.00753	0.03026	0.23598	0.01681
0.00000	0.02738	0.07709	0.01182	0.23340	0.00742	0.11403	0.08672	0.01866	0.35443	0.06907
1.00000	0.00257	0.00164	0.00104	0.00114	0.91852	0.02525	0.00563	0.00865	0.00286	0.03269
1.00000	0.00379	0.00085	0.01455	0.02525	0.05883	0.00747	0.00388	0.79507	0.00182	0.08849
1.00000	0.00460	0.81222	0.01848	0.01354	0.00709	0.00411	0.00216	0.12736	0.00475	0.00569
1.00000	0.05350	0.00076	0.00048	0.00538	0.02512	0.02439	0.00181	0.86967	0.00328	0.01561
1.00000	0.00131	0.01341	0.01124	0.01671	0.00832	0.00452	0.00024	0.90769	0.01405	0.02251
1.00000	0.00421	0.03125	0.64839	0.18850	0.00196	0.05497	0.04851	0.00823	0.01289	0.00109
1.00000	0.00044	0.00451	0.98176	0.00231	0.00011	0.00077	0.00690	0.00257	0.00030	0.00034
1.00000	0.02188	0.89908	0.00481	0.00215	0.00077	0.00187	0.00137	0.06167	0.00165	0.00475
1.00000	0.00176	0.92184	0.00541	0.00343	0.00209	0.00094	0.00042	0.05750	0.00409	0.00252
1.00000	0.00270	0.00035	0.00049	0.00042	0.03621	0.03480	0.00147	0.01454	0.01819	0.89082
1.00000	0.01406	0.86333	0.01335	0.00356	0.00273	0.02596	0.00574	0.06400	0.00141	0.00585
1.00000	0.72298	0.00742	0.01276	0.00129	0.02857	0.07934	0.09462	0.02851	0.00291	0.02159
1.00000	0.00032	0.00008	0.00576	0.00408	0.00033	0.00219	0.00013	0.00072	0.97462	0.01178
1.00000	0.90537	0.00005	0.01728	0.00247	0.00350	0.05049	0.00743	0.00979	0.00315	0.00046
1.00000	0.00016	0.00020	0.00260	0.00028	0.96927	0.01402	0.01092	0.00115	0.00109	0.00031
1.00000	0.00760	0.05472	0.00816	0.04428	0.58275	0.02650	0.01323	0.02845	0.05592	0.17839
1.00000	0.12280	0.00284	0.70204	0.04131	0.02569	0.02162	0.06276	0.00640	0.01110	0.00344
1.00000	0.03147	0.00163	0.05302	0.79771	0.00613	0.01321	0.00312	0.01245	0.07424	0.00703
1.00000	0.00040	0.00191	0.00065	0.00446	0.00010	0.00061	0.00005	0.98453	0.00028	0.00702
1.00000	0.84670	0.00260	0.03029	0.03162	0.00329	0.02320	0.04508	0.00728	0.00770	0.00226
1.00000	0.00471	0.00013	0.05876	0.00020	0.00241	0.00333	0.92773	0.00039	0.00178	0.00055
1.00000	0.00209	0.00050	0.00863	0.00153	0.81191	0.07750	0.00141	0.01970	0.01694	0.05979
1.00000	0.00155	0.00299	0.01947	0.02393	0.00257	0.00438	0.00017	0.90869	0.02441	0.01184
1.00000	0.02788	0.03168	0.17141	0.09108	0.01539	0.00959	0.00802	0.07055	0.55010	0.02430
1.00000	0.00473	0.91516	0.01039	0.00261	0.00313	0.00742	0.00501	0.03406	0.01115	0.00634
1.00000	0.02787	0.16860	0.02600	0.37207	0.01574	0.10406	0.00344	0.02582	0.21664	0.03976
1.00000	0.00555	0.00741	0.01484	0.46620	0.00247	0.03110	0.00011	0.09205	0.36504	0.01523
1.00000	0.00407	0.05473	0.81060	0.00443	0.00425	0.02395	0.00800	0.00623	0.08260	0.00113
1.00000	0.00823	0.02109	0.86298	0.00083	0.00165	0.01308	0.08576	0.00240	0.00338	0.00062
0.00000	0.04961	0.00209	0.25101	0.14928	0.00339	0.03607	0.00587	0.02085	0.47860	0.00323
1.00000	0.89875	0.00015	0.01394	0.01959	0.00615	0.00779	0.04293	0.00327	0.00723	0.00020
1.00000	0.01013	0.00928	0.83339	0.03714	0.00628	0.00311	0.04869	0.00506	0.03716	0.00976
1.00000	0.03767	0.04143	0.01497	0.82142	0.00137	0.06232	0.00594	0.00306	0.00839	0.00342
1.00000	0.01964	0.00379	0.04584	0.07937	0.00893	0.15614	0.01315	0.00919	0.65942	0.00452
1.00000	0.13998	0.00935	0.04514	0.00146	0.00265	0.01520	0.77694	0.00803	0.00068	0.00058
1.00000	0.00084	0.00368	0.00157	0.00385	0.00627	0.02316	0.00019	0.06405	0.02825	0.86814
0.00000	0.04190	0.08562	0.01347	0.13157	0.01878	0.09311	0.00168	0.34995	0.13817	0.12573
1.00000	0.00492	0.00767	0.05358	0.06308	0.07443	0.01586	0.63402	0.11523	0.02263	0.00857
1.00000	0.06687	0.00292	0.00344	0.04295	0.00518	0.05175	0.00030	0.00817	0.80068	0.01775
1.00000	0.00706	0.00067	0.00256	0.05153	0.00123	0.91184	0.00271	0.00027	0.02185	0.00029
0.00000	0.02738	0.06978	0.22072	0.02952	0.13561	0.04867	0.24363	0.00131	0.20011	0.02326
1.00000	0.03167	0.00145	0.02580	0.00062	0.09366	0.02639	0.00758	0.01691	0.00856	0.78736
1.00000	0.00377	0.00756	0.00088	0.00543	0.00207	0.01239	0.00022	0.92691	0.00152	0.03926
1.00000	0.02092	0.18211	0.64231	0.06330	0.00117	0.02205	0.03058	0.00429	0.02953	0.00374
1.00000	0.00024	0.00046	0.00010	0.00084	0.00036	0.00184	0.00006	0.99449	0.00043	0.00119
1.00000	0.06126	0.00098	0.02851	0.02309	0.00199	0.01071	0.00152	0.00791	0.79615	0.06788
0.00000	0.00318	0.00218	0.00451	0.28673	0.02709	0.03682	0.00013	0.02613	0.55948	0.05374
1.00000	0.07944	0.01088	0.01922	0.12617	0.02616	0.65267	0.00466	0.00101	0.07697	0.00282
1.00000	0.61264	0.00815	0.03213	0.00709	0.04239	0.05997	0.14904	0.02839	0.05068	0.00953
1.00000	0.03135	0.11969	0.18856	0.11141	0.00325	0.00173	0.00157	0.42501	0.09978	0.01765
1.00000	0.00115	0.00054	0.00029	0.00047	0.90841	0.02759	0.00092	0.00098	0.00298	0.05667
1.00000	0.05202	0.00029	0.02131	0.00230	0.01697	0.00330	0.00454	0.02093	0.02550	0.85284
1.00000	0.02399	0.05904	0.04124	0.59445	0.04683	0.16749	0.00286	0.00514	0.05273	0.00622
1.00000	0.13207	0.01409	0.00441	0.08785	0.00178	0.65812	0.00118	0.00856	0.08228	0.00966
1.00000	0.00580	0.00043	0.00906	0.00273	0.82247	0.09636	0.01196	0.02171	0.01499	0.01448
1.00000	0.05250	0.00522	0.30167	0.36611	0.00430	0.05266	0.06276	0.00400	0.14523	0.00556
1.00000	0.80437	0.00048	0.01669	0.07568	0.00766	0.02861	0.01137	0.01651	0.03335	0.00528
1.00000	0.00619	0.00435	0.80632	0.15417	0.00037	0.00380	0.00356	0.01006	0.01063	0.00055
1.00000	0.07976	0.00459	0.17250	0.00647	0.13006	0.02311	0.10933	0.06003	0.01531	0.39884
1.00000	0.22515	0.00755	0.06149	0.52853	0.00630	0.09720	0.01129	0.00710	0.05443	0.00097
1.00000	0.02370	0.90892	0.00779	0.00268	0.00081	0.00078	0.00325	0.04857	0.00110	0.00239
1.00000	0.06251	0.01856	0.03502	0.00137	0.00477	0.14732	0.72024	0.00412	0.00475	0.00133
1.00000	0.00111	0.00072	0.00082	0.00163	0.02256	0.02042	0.00049	0.02646	0.01607	0.90972
1.00000	0.00144	0.85140	0.00680	0.00621	0.02164	0.00242	0.00138	0.06463	0.02173	0.02234
1.00000	0.00170	0.00104	0.00020	0.00731	0.03291	0.00330	0.00014	0.13000	0.06679	0.75661
1.00000	0.03161	0.01595	0.05079	0.80089	0.00272	0.06034	0.00642	0.00388	0.02499	0.00241
0.00000	0.60991	0.03414	0.16782	0.04247	0.01582	0.05067	0.03788	0.02010	0.01712	0.00406
1.00000	0.01722	0.00560	0.02164	0.01086	0.60972	0.01551	0.15283	0.04749	0.01192	0.10720
1.00000	0.00131	0.00038	0.00027	0.00099	0.69835	0.08200	0.00085	0.03970	0.00344	0.17271
1.00000	0.03367	0.02102	0.10391	0.66964	0.00314	0.03639	0.00058	0.03168	0.08058	0.01939
1.00000	0.85406	0.00195	0.00526	0.00375	0.05060	0.06098	0.00142	0.01434	0.00307	0.00456
1.00000	0.00746	0.00380	0.01899	0.02232	0.66299	0.03659	0.03300	0.07300	0.03643	0.10542
1.00000	0.05387	0.00063	0.01862	0.01299	0.66079	0.05163	0.07384	0.05406	0.01204	0.06154
1.00000	0.01025	0.77476	0.01505	0.03934	0.00635	0.01852	0.00337	0.09383	0.03530	0.00322
1.00000	0.06361	0.00411	0.01320	0.35709	0.00954	0.11296	0.01183	0.07032	0.20601	0.15133
1.00000	0.62666	0.00631	0.03669	0.05504	0.01651	0.05738	0.10069	0.02012	0.02401	0.05661
1.00000	0.00063	0.00033	0.00025	0.00107	0.01786	0.01824	0.00076	0.02376	0.00839	0.92870
1.00000	0.00608	0.00233	0.00109	0.00129	0.12343	0.00710	0.00217	0.00546	0.03594	0.81510
1.00000	0.00964	0.08396	0.03343	0.00581	0.00860	0.14214	0.64477	0.00275	0.06456	0.00435
1.00000	0.00426	0.00078	0.10646	0.01489	0.00454	0.00841	0.00987	0.00051	0.84868	0.00160
1.00000	0.02166	0.02993	0.57106	0.13313	0.00249	0.03737	0.02419	0.12325	0.04848	0.00845
1.00000	0.02481	0.00847	0.00728	0.10123	0.04693	0.23967	0.00872	0.23844	0.06803	0.25642
1.00000	0.00270	0.07279	0.00988	0.02927	0.10888	0.02939	0.00050	0.66159	0.01052	0.07449
1.00000	0.02604	0.01820	0.06326	0.15526	0.00210	0.63601	0.03895	0.00309	0.05511	0.00197
1.00000	0.00522	0.00979	0.20277	0.19476	0.03151	0.02104	0.04131	0.37185	0.02077	0.10098
1.00000	0.01347	0.02943	0.00753	0.00429	0.01229	0.02204	0.00048	0.01122	0.83457	0.06468
1.00000	0.00707	0.01398	0.01050	0.01437	0.14792	0.02052	0.00778	0.13400	0.22363	0.42024
1.00000	0.04426	0.00294	0.74968	0.02158	0.02593	0.00733	0.01575	0.00688	0.08530	0.04035
1.00000	0.06100	0.01047	0.01352	0.00095	0.00681	0.87223	0.00468	0.01105	0.01226	0.00702
1.00000	0.02044	0.00142	0.90185	0.01152	0.00473	0.02393	0.00739	0.01242	0.00182	0.01446
1.00000	0.06585	0.01537	0.02226	0.57413	0.00312	0.24662	0.01069	0.03114	0.01891	0.01191
1.00000	0.04243	0.00107	0.03236	0.02813	0.01630	0.11371	0.01681	0.00755	0.65937	0.08228
0.00000	0.03621	0.00350	0.32188	0.15990	0.04485	0.00690	0.00482	0.01522	0.39704	0.00967
1.00000	0.02879	0.00119	0.02928	0.75218	0.00353	0.04331	0.00050	0.00833	0.12995	0.00293
1.00000	0.00866	0.00043	0.00108	0.00472	0.02416	0.03321	0.00056	0.05041	0.13271	0.74408
1.00000	0.00044	0.00011	0.02612	0.00016	0.00141	0.00533	0.96177	0.00389	0.00060	0.00018
1.00000	0.00060	0.00553	0.00087	0.01096	0.00855	0.00295	0.00015	0.95325	0.00070	0.01643
1.00000	0.92508	0.00246	0.04662	0.00296	0.00170	0.00439	0.01448	0.00109	0.00094	0.00028
1.00000	0.91393	0.00104	0.00281	0.01125	0.00291	0.04937	0.00645	0.00337	0.00793	0.00094
1.00000	0.00870	0.00676	0.00584	0.03971	0.03007	0.84492	0.01187	0.02482	0.01916	0.00813
1.00000	0.02106	0.00151	0.77389	0.00491	0.00098	0.00793	0.16172	0.02366	0.00348	0.00087
1.00000	0.05564	0.00284	0.20565	0.69538	0.00306	0.00895	0.00323	0.00242	0.02240	0.00042
1.00000	0.01841	0.00738	0.72665	0.05998	0.00687	0.01315	0.06337	0.03323	0.02876	0.04220
1.00000	0.02610	0.00137	0.01201	0.00506	0.01309	0.73998	0.00194	0.00485	0.16017	0.03544
1.00000	0.00829	0.83700	0.00845	0.00813	0.00714	0.02745	0.00757	0.06313	0.01612	0.01671
1.00000	0.67395	0.00954	0.06485	0.04312	0.03104	0.00654	0.14422	0.00793	0.01067	0.00815
1.00000	0.07288	0.02496	0.18909	0.13255	0.00305	0.00554	0.00559	0.47694	0.07900	0.01040
1.00000	0.00545	0.00685	0.01241	0.00499	0.01686	0.00773	0.00440	0.00126	0.93713	0.00292
0.00000	0.00521	0.01652	0.02295	0.00942	0.20762	0.01912	0.01487	0.05478	0.02547	0.62405
1.00000	0.12852	0.00426	0.01500	0.01830	0.47655	0.01478	0.06421	0.03191	0.02235	0.22411
1.00000	0.00158	0.00291	0.58146	0.08944	0.00132	0.00310	0.00248	0.00490	0.31095	0.00187
1.00000	0.00836	0.01030	0.94540	0.00742	0.00227	0.00700	0.00920	0.00190	0.00762	0.00052
1.00000	0.00615	0.00712	0.02285	0.22987	0.01365	0.08826	0.00344	0.07297	0.43925	0.11643
