1.00000	0.00278	0.87204	0.03700	0.00809	0.01729	0.00589	0.00358	0.02561	0.00284	0.02488
1.00000	0.00047	0.00450	0.00702	0.00511	0.00356	0.00085	0.00001	0.97131	0.00337	0.00378
1.00000	0.93563	0.00145	0.00633	0.00429	0.00231	0.01240	0.01389	0.00099	0.02193	0.00079
1.00000	0.05527	0.03183	0.00793	0.04552	0.02005	0.72437	0.00492	0.01508	0.07562	0.01942
1.00000	0.01199	0.00212	0.00125	0.00580	0.88267	0.00458	0.00175	0.04466	0.00367	0.04152
1.00000	0.00765	0.08689	0.01525	0.00767	0.16873	0.00906	0.00193	0.39261	0.00672	0.30349
1.00000	0.01082	0.00414	0.00438	0.01970	0.00170	0.92864	0.00445	0.00154	0.01243	0.01221
1.00000	0.12537	0.01359	0.64057	0.02777	0.05043	0.05819	0.03297	0.00927	0.03131	0.01052
0.00000	0.00063	0.00579	0.03632	0.00464	0.21841	0.00289	0.00071	0.11922	0.00891	0.60248
0.00000	0.05786	0.03322	0.04106	0.02890	0.38420	0.06296	0.02345	0.06728	0.06918	0.23190
1.00000	0.00462	0.81238	0.02416	0.03745	0.00733	0.00158	0.00049	0.07100	0.01351	0.02750
1.00000	0.00425	0.00020	0.96734	0.00467	0.00425	0.00068	0.00756	0.00043	0.00978	0.00084
1.00000	0.00417	0.03234	0.00483	0.01341	0.61934	0.01362	0.02133	0.00820	0.01954	0.26321
1.00000	0.00235	0.89076	0.00827	0.00670	0.01735	0.00183	0.00138	0.04646	0.00809	0.01682
1.00000	0.00779	0.70484	0.01305	0.01014	0.01612	0.02703	0.01447	0.10658	0.05486	0.04513
1.00000	0.00554	0.01520	0.05300	0.31745	0.17560	0.05587	0.02689	0.11412	0.08449	0.15185
1.00000	0.00196	0.92719	0.01984	0.00524	0.00720	0.00082	0.00081	0.02852	0.00293	0.00549
1.00000	0.00804	0.00441	0.02878	0.01765	0.02009	0.04174	0.83544	0.00540	0.03635	0.00209
1.00000	0.00004	0.00565	0.00095	0.00031	0.94964	0.00660	0.00040	0.00131	0.00105	0.03404
1.00000	0.01218	0.00233	0.01460	0.01368	0.14656	0.00324	0.00250	0.02585	0.03030	0.74876
1.00000	0.00760	0.00151	0.00677	0.85336	0.00276	0.01355	0.01181	0.00747	0.09189	0.00328
1.00000	0.02116	0.00110	0.00184	0.00278	0.67050	0.00038	0.00099	0.01349	0.00611	0.28165
1.00000	0.00048	0.00009	0.00272	0.00211	0.02346	0.00371	0.00237	0.03417	0.00105	0.92984
1.00000	0.13914	0.01254	0.06437	0.11332	0.00556	0.01164	0.01843	0.01112	0.58222	0.04166
1.00000	0.00446	0.00131	0.00047	0.00246	0.02946	0.00047	0.00015	0.01109	0.06898	0.88116
1.00000	0.71442	0.00323	0.08878	0.02597	0.02143	0.01654	0.04933	0.00698	0.06279	0.01053
1.00000	0.00812	0.00462	0.00598	0.00723	0.01142	0.00164	0.00007	0.78013	0.01151	0.16929
1.00000	0.04199	0.00167	0.03765	0.00480	0.00803	0.00445	0.81440	0.00270	0.07819	0.00612
1.00000	0.01707	0.03627	0.03826	0.01139	0.10532	0.18759	0.04253	0.02146	0.52141	0.01871
1.00000	0.00611	0.00028	0.01923	0.00247	0.00336	0.00088	0.95887	0.00488	0.00255	0.00137
1.00000	0.02104	0.60664	0.01400	0.04662	0.06213	0.03106	0.00403	0.05853	0.09999	0.05597
1.00000	0.02307	0.00056	0.00677	0.89352	0.00413	0.04530	0.00334	0.00811	0.01431	0.00090
1.00000	0.00668	0.91578	0.01093	0.01148	0.00155	0.00818	0.00131	0.00467	0.02957	0.00986
1.00000	0.03014	0.00849	0.01603	0.00603	0.60700	0.05108	0.01912	0.07403	0.08040	0.10770
1.00000	0.00371	0.00030	0.01765	0.00038	0.02327	0.00355	0.94220	0.00345	0.00391	0.00155
1.00000	0.01212	0.07529	0.80045	0.03806	0.01823	0.00202	0.02234	0.01103	0.01765	0.00282
1.00000	0.01731	0.00714	0.01256	0.01314	0.14633	0.07283	0.06119	0.03242	0.54357	0.09351
1.00000	0.82608	0.00124	0.08834	0.00665	0.02461	0.00333	0.02522	0.01881	0.00241	0.00331
1.00000	0.00130	0.10199	0.01037	0.03503	0.55736	0.05204	0.01448	0.07301	0.01087	0.14356
1.00000	0.07033	0.00279	0.47788	0.05270	0.00772	0.00180	0.01552	0.08595	0.17422	0.11107
1.00000	0.11641	0.00299	0.03651	0.53186	0.00208	0.09818	0.01991	0.00305	0.15039	0.03862
1.00000	0.00080	0.00277	0.95491	0.00390	0.00060	0.00113	0.00256	0.00133	0.03129	0.00072
1.00000	0.97730	0.00010	0.00082	0.00194	0.00021	0.01125	0.00749	0.00005	0.00078	0.00006
1.00000	0.00696	0.00465	0.02850	0.00350	0.17705	0.00394	0.01315	0.03045	0.00518	0.72661
1.00000	0.06041	0.04169	0.52212	0.16735	0.01054	0.02235	0.02345	0.03303	0.11473	0.00433
1.00000	0.00236	0.90412	0.03383	0.02062	0.00445	0.00142	0.00307	0.01873	0.00403	0.00737
1.00000	0.01170	0.03890	0.08157	0.61103	0.00691	0.03982	0.00343	0.05048	0.15075	0.00539
1.00000	0.00070	0.00835	0.09850	0.72459	0.01261	0.00195	0.00321	0.06239	0.08037	0.00733
0.00000	0.00175	0.00317	0.00347	0.29989	0.00848	0.00334	0.00075	0.03493	0.58296	0.06125
1.00000	0.01920	0.01234	0.03215	0.09390	0.03260	0.51211	0.10473	0.02302	0.12336	0.04661
1.00000	0.03238	0.00918	0.03743	0.02261	0.32610	0.03762	0.02665	0.07887	0.31482	0.11433
1.00000	0.01364	0.00177	0.00411	0.04439	0.00553	0.06273	0.85693	0.00054	0.00524	0.00513
1.00000	0.01286	0.08066	0.02868	0.02783	0.00233	0.00344	0.00074	0.64999	0.06463	0.12884
1.00000	0.03872	0.01202	0.01066	0.00955	0.01295	0.04896	0.00367	0.82698	0.00377	0.03273
1.00000	0.07907	0.00721	0.00986	0.14191	0.01598	0.62907	0.00565	0.00337	0.09816	0.00972
1.00000	0.00597	0.03484	0.04754	0.01249	0.11373	0.00638	0.00482	0.05070	0.01422	0.70933
1.00000	0.00349	0.00165	0.02522	0.00074	0.88414	0.00235	0.00539	0.00942	0.00201	0.06561
1.00000	0.01210	0.00456	0.03085	0.00970	0.76432	0.00922	0.04389	0.06246	0.01535	0.04755
1.00000	0.70692	0.00147	0.07865	0.05288	0.00441	0.01527	0.06599	0.01173	0.04842	0.01426
1.00000	0.06037	0.00246	0.00497	0.04885	0.03374	0.02309	0.01721	0.02592	0.53652	0.24688
1.00000	0.01514	0.00389	0.04654	0.09740	0.16433	0.38534	0.07804	0.01417	0.11072	0.08444
1.00000	0.58049	0.05492	0.02887	0.02091	0.00986	0.10652	0.01773	0.11063	0.03267	0.03738
1.00000	0.03397	0.00329	0.00157	0.00316	0.59368	0.06108	0.05535	0.02416	0.04387	0.17987
1.00000	0.00027	0.00140	0.00072	0.00038	0.05886	0.00029	0.00012	0.02842	0.00175	0.90778
1.00000	0.00319	0.02841	0.01478	0.06200	0.01783	0.00140	0.00049	0.86516	0.00500	0.00173
1.00000	0.00113	0.00325	0.00155	0.00137	0.01554	0.01412	0.00233	0.92363	0.01829	0.01880
1.00000	0.18101	0.01179	0.01825	0.04584	0.04432	0.04209	0.01404	0.11935	0.04103	0.48227
1.00000	0.00108	0.00475	0.00900	0.08232	0.01541	0.00291	0.00010	0.82935	0.02719	0.02788
1.00000	0.00027	0.00039	0.00031	0.00837	0.03785	0.00086	0.00071	0.05515	0.00526	0.89084
1.00000	0.21603	0.02151	0.08917	0.01088	0.06554	0.01371	0.44977	0.04968	0.06327	0.02043
1.00000	0.82170	0.00141	0.02430	0.00597	0.00245	0.02316	0.04769	0.00304	0.06858	0.00170
1.00000	0.07302	0.00943	0.01125	0.20411	0.03445	0.56754	0.03188	0.04492	0.01526	0.00814
1.00000	0.01133	0.05564	0.00683	0.00581	0.05171	0.66283	0.00081	0.07559	0.09066	0.03879
1.00000	0.09625	0.00872	0.10323	0.01184	0.05670	0.02312	0.63488	0.01543	0.02129	0.02854
1.00000	0.00606	0.00455	0.13951	0.00200	0.07488	0.07479	0.61947	0.00103	0.07158	0.00613
1.00000	0.03693	0.04592	0.01713	0.01927	0.16383	0.52559	0.01886	0.03694	0.05177	0.08376
0.00000	0.01032	0.00403	0.01905	0.03545	0.02941	0.00323	0.00058	0.33062	0.14689	0.42042
1.00000	0.42781	0.02346	0.07570	0.03774	0.01194	0.20429	0.00601	0.16970	0.01104	0.03230
1.00000	0.00184	0.00088	0.00094	0.00084	0.00151	0.00138	0.00031	0.95235	0.00072	0.03924
1.00000	0.03972	0.02926	0.00498	0.00500	0.12975	0.48231	0.00161	0.17342	0.10427	0.02968
1.00000	0.00036	0.00953	0.00041	0.00238	0.07850	0.00125	0.00185	0.07622	0.01210	0.81741
1.00000	0.00275	0.00641	0.01299	0.05722	0.66955	0.04484	0.08411	0.01663	0.04416	0.06134
1.00000	0.00150	0.00596	0.01147	0.01320	0.85533	0.05923	0.00176	0.04044	0.00338	0.00773
1.00000	0.00245	0.00031	0.00478	0.00277	0.10953	0.00037	0.00248	0.02105	0.00384	0.85242
1.00000	0.00126	0.00085	0.99038	0.00119	0.00007	0.00021	0.00445	0.00101	0.00031	0.00027
1.00000	0.93922	0.00031	0.00402	0.00815	0.00164	0.00468	0.01177	0.00105	0.02808	0.00107
1.00000	0.02168	0.00521	0.69559	0.06837	0.01714	0.01733	0.10375	0.04266	0.00638	0.02190
0.00000	0.00164	0.00130	0.00052	0.00069	0.06365	0.00335	0.00022	0.35420	0.00106	0.57336
1.00000	0.01431	0.87235	0.02829	0.00398	0.00270	0.00231	0.00134	0.05171	0.00181	0.02119
1.00000	0.00647	0.02836	0.05836	0.63716	0.04630	0.09955	0.01259	0.04173	0.06170	0.00778
1.00000	0.00745	0.00242	0.92828	0.01194	0.00427	0.00268	0.00822	0.00334	0.01736	0.01404
1.00000	0.77545	0.01196	0.07455	0.00583	0.00789	0.02301	0.02076	0.05785	0.00155	0.02113
1.00000	0.06942	0.00195	0.08086	0.01971	0.00385	0.04707	0.73734	0.03539	0.00139	0.00302
1.00000	0.00311	0.91174	0.03555	0.00390	0.00846	0.00169	0.00041	0.01317	0.00620	0.01577
1.00000	0.03916	0.00502	0.01259	0.01737	0.00100	0.00066	0.00178	0.89168	0.01856	0.01217
1.00000	0.02885	0.01864	0.01029	0.01105	0.10269	0.01925	0.00755	0.62417	0.02093	0.15658
0.00000	0.16852	0.00945	0.00382	0.01745	0.16225	0.10157	0.01170	0.23741	0.04788	0.23995
0.00000	0.00421	0.00255	0.00038	0.00628	0.14199	0.00845	0.01101	0.07100	0.04990	0.70423
1.00000	0.03354	0.00389	0.03443	0.00259	0.74116	0.00295	0.05342	0.05577	0.02262	0.04962
1.00000	0.01687	0.00126	0.00094	0.00459	0.00679	0.00130	0.00049	0.93419	0.00433	0.02926
1.00000	0.02060	0.07881	0.02593	0.04876	0.13981	0.04086	0.01118	0.46616	0.03994	0.12795
0.00000	0.00326	0.00509	0.06251	0.00793	0.48437	0.01305	0.34839	0.02259	0.00069	0.05213
1.00000	0.00010	0.00011	0.00100	0.00752	0.00015	0.00090	0.00004	0.00104	0.98730	0.00185
0.00000	0.04059	0.04275	0.09359	0.02009	0.44025	0.05479	0.07654	0.15352	0.00804	0.06984
1.00000	0.12030	0.00926	0.33613	0.21377	0.00885	0.02584	0.06117	0.01143	0.21114	0.00212
1.00000	0.00730	0.00137	0.03465	0.03281	0.00152	0.81133	0.00159	0.00358	0.10557	0.00029
1.00000	0.04194	0.01158	0.00821	0.00405	0.74728	0.06508	0.02642	0.03209	0.01904	0.04430
1.00000	0.06492	0.00206	0.00607	0.81509	0.01834	0.05362	0.00756	0.01635	0.01523	0.00076
1.00000	0.00114	0.00183	0.00163	0.00028	0.73528	0.00976	0.00135	0.00238	0.00208	0.24427
1.00000	0.00509	0.00381	0.00123	0.00738	0.00093	0.00101	0.00020	0.96856	0.00096	0.01083
0.00000	0.26496	0.03775	0.15396	0.11209	0.04963	0.03674	0.07330	0.15242	0.03311	0.08604
1.00000	0.00242	0.00042	0.00619	0.00618	0.00106	0.00442	0.00094	0.00387	0.94669	0.02782
1.00000	0.00148	0.00076	0.00319	0.01087	0.00703	0.00060	0.00052	0.01688	0.93413	0.02454
1.00000	0.00112	0.12148	0.00070	0.02007	0.00427	0.00251	0.00033	0.74162	0.02340	0.08450
1.00000	0.00363	0.83335	0.02437	0.02193	0.00415	0.01872	0.00904	0.05704	0.01411	0.01366
1.00000	0.05650	0.00570	0.04476	0.74430	0.00169	0.09602	0.01267	0.01640	0.02096	0.00100
1.00000	0.01101	0.00045	0.04657	0.00276	0.02023	0.01521	0.89817	0.00121	0.00343	0.00096
1.00000	0.00066	0.00081	0.00026	0.00109	0.06297	0.00256	0.00010	0.01865	0.00837	0.90454
1.00000	0.00541	0.84161	0.00916	0.00583	0.05199	0.00134	0.00229	0.03397	0.01748	0.03092
1.00000	0.00101	0.00989	0.00811	0.01833	0.01440	0.00386	0.00055	0.89689	0.00749	0.03947
1.00000	0.00711	0.00314	0.01623	0.00242	0.82665	0.00943	0.03559	0.01369	0.01848	0.06726
0.00000	0.01024	0.01889	0.17252	0.04839	0.45859	0.03128	0.09231	0.12865	0.02503	0.01412
1.00000	0.01920	0.04187	0.33611	0.50441	0.00984	0.01258	0.04825	0.01252	0.01349	0.00174
1.00000	0.93427	0.00074	0.01347	0.00407	0.00331	0.01485	0.01366	0.00879	0.00471	0.00212
1.00000	0.01318	0.12151	0.01008	0.06720	0.06902	0.32104	0.00546	0.14086	0.12048	0.13117
1.00000	0.01279	0.00092	0.03067	0.78774	0.00131	0.11259	0.02815	0.01689	0.00500	0.00394
1.00000	0.04073	0.00247	0.74880	0.02287	0.06828	0.00205	0.10127	0.00476	0.00288	0.00589
1.00000	0.00463	0.00389	0.10246	0.65669	0.00225	0.01560	0.00981	0.01439	0.17360	0.01668
1.00000	0.06851	0.00248	0.01333	0.18069	0.00236	0.65905	0.00348	0.02229	0.04567	0.00215
1.00000	0.00364	0.00211	0.00120	0.13111	0.01255	0.64469	0.00293	0.00058	0.19569	0.00550
1.00000	0.00005	0.00002	0.00007	0.00833	0.05435	0.00017	0.00022	0.00451	0.00102	0.93126
0.00000	0.04817	0.01943	0.08217	0.09545	0.06132	0.12969	0.12776	0.06878	0.23725	0.12998
1.00000	0.00192	0.00381	0.01905	0.01938	0.05568	0.00262	0.88532	0.00153	0.00374	0.00695
1.00000	0.00032	0.00425	0.00031	0.00029	0.92463	0.00183	0.00222	0.04538	0.00172	0.01906
1.00000	0.93822	0.00073	0.01175	0.00126	0.00046	0.02500	0.00534	0.00388	0.01269	0.00067
1.00000	0.00276	0.00625	0.00792	0.01928	0.01273	0.01322	0.00232	0.07419	0.54372	0.31761
1.00000	0.97394	0.00077	0.00247	0.00160	0.00035	0.00948	0.00774	0.00111	0.00188	0.00066
1.00000	0.00968	0.03921	0.00526	0.08322	0.00882	0.04289	0.00107	0.76858	0.02468	0.01659
1.00000	0.23253	0.01881	0.34569	0.11688	0.02886	0.13741	0.01943	0.03068	0.05882	0.01089
1.00000	0.05697	0.04139	0.00569	0.01405	0.03501	0.02412	0.04867	0.28140	0.33975	0.15296
1.00000	0.02400	0.00860	0.05636	0.29200	0.01330	0.04618	0.01818	0.01019	0.51493	0.01626
1.00000	0.13306	0.00506	0.06229	0.11018	0.01662	0.23869	0.03834	0.00602	0.38337	0.00638
1.00000	0.00078	0.00271	0.00620	0.00445	0.00300	0.00093	0.00011	0.97678	0.00035	0.00469
1.00000	0.00564	0.08368	0.44287	0.10404	0.01446	0.00312	0.01446	0.05842	0.25116	0.02215
1.00000	0.04546	0.00251	0.09544	0.03160	0.05841	0.01399	0.71191	0.02185	0.01310	0.00574
1.00000	0.91783	0.00196	0.00482	0.00083	0.02060	0.01567	0.00817	0.02112	0.00369	0.00530
1.00000	0.02327	0.05662	0.02215	0.03044	0.05344	0.51406	0.03134	0.04010	0.07807	0.15051
1.00000	0.10524	0.02415	0.05394	0.20351	0.01505	0.44152	0.02090	0.02980	0.09309	0.01281
1.00000	0.00447	0.01882	0.89904	0.05017	0.00074	0.00282	0.00235	0.00595	0.01254	0.00310
1.00000	0.02881	0.00775	0.00515	0.07719	0.07297	0.75902	0.01061	0.00103	0.03183	0.00563
1.00000	0.00738	0.57660	0.08027	0.09949	0.07887	0.00860	0.01797	0.02715	0.06752	0.03614
1.00000	0.00117	0.00104	0.03733	0.91808	0.00311	0.00568	0.00265	0.01006	0.01614	0.00474
1.00000	0.06742	0.00651	0.12856	0.01310	0.06304	0.04618	0.58923	0.04385	0.03001	0.01211
1.00000	0.10937	0.00715	0.08813	0.01095	0.57564	0.03071	0.05857	0.05583	0.02153	0.04212
1.00000	0.02168	0.07260	0.06783	0.06665	0.03570	0.00091	0.00493	0.59620	0.00772	0.12577
1.00000	0.00263	0.00092	0.00546	0.00112	0.96428	0.00600	0.00558	0.00563	0.00230	0.00608
1.00000	0.91714	0.00147	0.01131	0.00236	0.00054	0.01508	0.01389	0.00138	0.03552	0.00130
0.00000	0.02868	0.06205	0.27998	0.05536	0.00233	0.00768	0.00093	0.02418	0.53450	0.00431
1.00000	0.52947	0.00567	0.07031	0.00279	0.03501	0.01560	0.14355	0.10028	0.01075	0.08656
0.00000	0.04524	0.03598	0.34201	0.28791	0.00251	0.06709	0.02987	0.14285	0.03879	0.00776
1.00000	0.00219	0.00167	0.00344	0.00102	0.03708	0.00758	0.00440	0.01838	0.01941	0.90483
1.00000	0.03525	0.01261	0.84440	0.05252	0.00078	0.00219	0.00156	0.02745	0.02025	0.00299
1.00000	0.03651	0.00508	0.00633	0.15487	0.02958	0.57031	0.01606	0.02002	0.11905	0.04219
0.00000	0.41019	0.00634	0.28295	0.00864	0.00224	0.00952	0.11343	0.01612	0.09712	0.05344
0.00000	0.02038	0.00174	0.03614	0.00667	0.46941	0.07267	0.09028	0.03942	0.07909	0.18420
1.00000	0.00781	0.01181	0.01932	0.04554	0.06805	0.02451	0.00950	0.03209	0.14941	0.63196
1.00000	0.00047	0.00027	0.00044	0.00043	0.06101	0.00040	0.00013	0.04108	0.00875	0.88701
1.00000	0.05385	0.01127	0.23013	0.02176	0.10866	0.01870	0.50723	0.03133	0.01377	0.00330
1.00000	0.00193	0.00835	0.03310	0.04282	0.01382	0.00838	0.01518	0.01486	0.82403	0.03750
1.00000	0.11987	0.00590	0.82477	0.01240	0.00183	0.00169	0.00773	0.00417	0.02037	0.00126
1.00000	0.62173	0.01583	0.05944	0.02100	0.01557	0.07760	0.09880	0.00894	0.07682	0.00429
1.00000	0.00251	0.00270	0.01863	0.06182	0.00123	0.00323	0.00025	0.02561	0.83440	0.04962
1.00000	0.03074	0.00369	0.00432	0.02999	0.00238	0.80431	0.02484	0.00060	0.09811	0.00101
1.00000	0.00252	0.00231	0.00133	0.00390	0.72786	0.00514	0.02801	0.04278	0.01803	0.16813
1.00000	0.01366	0.00032	0.06699	0.00068	0.01041	0.00459	0.90026	0.00069	0.00097	0.00143
1.00000	0.05487	0.00296	0.04988	0.00401	0.53118	0.02375	0.01088	0.01005	0.09371	0.21870
1.00000	0.04200	0.00304	0.00120	0.00586	0.00031	0.00234	0.00057	0.93378	0.00121	0.00968
1.00000	0.04194	0.01626	0.02000	0.63109	0.00542	0.07300	0.00525	0.03616	0.11608	0.05480
1.00000	0.00795	0.00097	0.00151	0.00172	0.00162	0.00688	0.00055	0.00365	0.96406	0.01110
0.00000	0.00531	0.00933	0.22551	0.04291	0.04006	0.00198	0.00144	0.03523	0.61412	0.02412
1.00000	0.44278	0.01817	0.06642	0.01213	0.18760	0.01013	0.07041	0.07464	0.00451	0.11320
1.00000	0.00618	0.01255	0.05193	0.51219	0.11916	0.05580	0.02794	0.02553	0.15070	0.03801
1.00000	0.02891	0.00373	0.03374	0.01009	0.00431	0.09938	0.78275	0.00136	0.03152	0.00421
1.00000	0.00354	0.96364	0.00883	0.00199	0.00468	0.00232	0.00031	0.00854	0.00417	0.00197
1.00000	0.00728	0.00355	0.03804	0.79925	0.00282	0.04492	0.00071	0.01920	0.08050	0.00373
1.00000	0.18876	0.00158	0.02359	0.15749	0.00224	0.03570	0.01275	0.00565	0.53276	0.03949
1.00000	0.05845	0.00718	0.03501	0.10354	0.01281	0.01442	0.02767	0.02278	0.67392	0.04422
1.00000	0.05287	0.00942	0.00892	0.00635	0.00580	0.84262	0.00664	0.01380	0.02364	0.02994
0.00000	0.23285	0.02983	0.07823	0.25278	0.01587	0.03947	0.01765	0.07164	0.14386	0.11783
1.00000	0.03934	0.00689	0.05342	0.68478	0.00773	0.04992	0.02013	0.01057	0.10974	0.01749
1.00000	0.36243	0.00519	0.04168	0.43096	0.00111	0.04043	0.01376	0.06663	0.03406	0.00376
1.00000	0.01573	0.00564	0.00893	0.00844	0.66097	0.02574	0.00747	0.05726	0.03389	0.17594
1.00000	0.05046	0.01764	0.09573	0.53818	0.00167	0.02056	0.01141	0.05506	0.20405	0.00523
0.00000	0.01159	0.00749	0.54146	0.10563	0.10099	0.07175	0.03309	0.08147	0.01998	0.02656
1.00000	0.08582	0.01731	0.05322	0.08347	0.01725	0.04020	0.03787	0.02956	0.57981	0.05550
1.00000	0.01088	0.01668	0.08581	0.12734	0.04012	0.03201	0.01378	0.05438	0.60125	0.01776
1.00000	0.98396	0.00039	0.00235	0.00052	0.00044	0.00415	0.00279	0.00108	0.00207	0.00227
1.00000	0.01677	0.00164	0.01442	0.12705	0.01677	0.75778	0.01052	0.00718	0.04085	0.00702
1.00000	0.01997	0.00288	0.06361	0.84954	0.00072	0.00608	0.00050	0.04875	0.00740	0.00054
1.00000	0.05824	0.00388	0.03391	0.00202	0.65905	0.03450	0.02416	0.10939	0.03728	0.03759
1.00000	0.00816	0.09518	0.06270	0.01518	0.62079	0.02539	0.00926	0.01856	0.00255	0.14223
1.00000	0.00010	0.00063	0.00025	0.00030	0.01431	0.00024	0.00008	0.01164	0.02170	0.95075
1.00000	0.05052	0.03810	0.00091	0.00492	0.19215	0.14796	0.03558	0.17684	0.05458	0.29844
1.00000	0.00576	0.00553	0.14483	0.76050	0.00700	0.02053	0.00758	0.02820	0.01661	0.00345
1.00000	0.00307	0.00853	0.03657	0.01015	0.02171	0.00189	0.00518	0.07373	0.09562	0.74354
1.00000	0.00685	0.00353	0.02788	0.02548	0.01058	0.15480	0.00527	0.00785	0.64196	0.11581
1.00000	0.00026	0.00021	0.00014	0.00487	0.06861	0.00021	0.00063	0.00473	0.00137	0.91897
1.00000	0.00145	0.00204	0.00729	0.06677	0.01740	0.01859	0.01005	0.01993	0.76547	0.09101
1.00000	0.88846	0.00269	0.01969	0.01891	0.00138	0.03107	0.02958	0.00246	0.00299	0.00277
1.00000	0.00373	0.88099	0.04236	0.00591	0.01026	0.00738	0.00255	0.00695	0.01186	0.02801
0.00000	0.00187	0.00070	0.00616	0.38451	0.01852	0.00775	0.00029	0.00833	0.49338	0.07850
1.00000	0.89237	0.00035	0.00810	0.00343	0.00052	0.05244	0.03258	0.00095	0.00831	0.00097
1.00000	0.02181	0.01161	0.58730	0.01998	0.24155	0.00516	0.00602	0.06736	0.00554	0.03368
1.00000	0.00079	0.00282	0.00247	0.01249	0.07089	0.00457	0.00298	0.11333	0.12652	0.66314
1.00000	0.00015	0.00090	0.00084	0.00045	0.00379	0.00091	0.00003	0.92733	0.00024	0.06536
1.00000	0.01032	0.00361	0.02607	0.06776	0.00669	0.05953	0.02391	0.00257	0.77171	0.02783
1.00000	0.21138	0.01035	0.00959	0.01913	0.01427	0.02926	0.01956	0.54770	0.06950	0.06926
1.00000	0.98861	0.00014	0.00086	0.00362	0.00018	0.00039	0.00209	0.00023	0.00351	0.00037
1.00000	0.00114	0.00990	0.00036	0.01101	0.06961	0.00096	0.00190	0.11804	0.04112	0.74595
1.00000	0.03435	0.00761	0.28124	0.03930	0.01193	0.01472	0.51976	0.01585	0.03235	0.04289
1.00000	0.00628	0.05421	0.00299	0.01064	0.00160	0.00209	0.00012	0.82448	0.01353	0.08405
1.00000	0.03902	0.01546	0.00404	0.00109	0.79096	0.01347	0.00297	0.01493	0.00593	0.11213
1.00000	0.00798	0.00450	0.00588	0.00488	0.01073	0.00239	0.00072	0.81042	0.00988	0.14262
1.00000	0.01833	0.64620	0.04885	0.02122	0.08345	0.01040	0.00501	0.05173	0.09032	0.02448
1.00000	0.00220	0.00083	0.00041	0.00107	0.05244	0.00154	0.00091	0.02962	0.03486	0.87612
1.00000	0.03042	0.02420	0.77616	0.12255	0.00616	0.00381	0.00471	0.02844	0.00205	0.00149
1.00000	0.17221	0.03059	0.42806	0.07063	0.01480	0.01327	0.04875	0.00741	0.13055	0.08373
1.00000	0.00526	0.00316	0.81564	0.11129	0.00161	0.00133	0.01346	0.02173	0.02128	0.00525
1.00000	0.00202	0.89452	0.02142	0.01767	0.00827	0.00422	0.00703	0.02460	0.00870	0.01155
1.00000	0.00102	0.00189	0.05739	0.04176	0.00483	0.00090	0.00173	0.00892	0.85266	0.02891
1.00000	0.00089	0.00239	0.00605	0.81567	0.00080	0.00296	0.00087	0.00404	0.08213	0.08421
1.00000	0.03209	0.00125	0.02491	0.81480	0.01832	0.01231	0.00431	0.00502	0.06972	0.01727
1.00000	0.00057	0.00113	0.01443	0.86746	0.00732	0.00451	0.00015	0.00202	0.10002	0.00238
1.00000	0.01709	0.00041	0.00136	0.00065	0.00762	0.00572	0.00033	0.94713	0.00572	0.01396
1.00000	0.71728	0.00511	0.03491	0.05109	0.02337	0.03930	0.04914	0.04245	0.01886	0.01849
1.00000	0.30334	0.00597	0.03299	0.01481	0.05750	0.03912	0.04589	0.03768	0.15458	0.30812
1.00000	0.52738	0.00260	0.08966	0.00207	0.12158	0.03837	0.05834	0.04461	0.01854	0.09684
0.00000	0.01482	0.00650	0.01122	0.35638	0.01077	0.07004	0.00363	0.00709	0.36190	0.15766
1.00000	0.00731	0.91979	0.01110	0.01026	0.00223	0.00141	0.00102	0.03118	0.00822	0.00748
1.00000	0.00730	0.02436	0.00634	0.69768	0.00218	0.18703	0.01254	0.01300	0.04537	0.00422
1.00000	0.00359	0.01520	0.00666	0.00751	0.01780	0.06198	0.01378	0.83589	0.01390	0.02368
1.00000	0.01618	0.00029	0.00115	0.03253	0.00471	0.80502	0.07471	0.00748	0.05385	0.00408
1.00000	0.15655	0.23580	0.09338	0.06257	0.00649	0.30569	0.04181	0.04759	0.04669	0.00342
1.00000	0.01344	0.00987	0.00292	0.03784	0.00515	0.01017	0.00732	0.03151	0.79953	0.08225
1.00000	0.00980	0.04129	0.03548	0.01794	0.04716	0.00406	0.00827	0.63647	0.01785	0.18168
1.00000	0.01348	0.00562	0.00540	0.07791	0.00597	0.02343	0.00381	0.01231	0.78987	0.06221
1.00000	0.00666	0.06401	0.01428	0.04524	0.63084	0.00230	0.00527	0.02032	0.02415	0.18693
1.00000	0.05545	0.01610	0.01791	0.12056	0.01146	0.60667	0.01037	0.00362	0.13429	0.02357
1.00000	0.05907	0.00188	0.00820	0.00499	0.77761	0.02596	0.01025	0.04376	0.00943	0.05884
1.00000	0.04326	0.00205	0.85957	0.02013	0.03715	0.00207	0.01220	0.00174	0.01723	0.00460
1.00000	0.00220	0.03714	0.00121	0.00931	0.06949	0.00206	0.00344	0.06261	0.07273	0.73979
1.00000	0.00297	0.94989	0.00416	0.00727	0.00212	0.00194	0.00070	0.02342	0.00297	0.00456
1.00000	0.00052	0.00721	0.00240	0.00087	0.78748	0.01209	0.00807	0.00280	0.00259	0.17598
1.00000	0.00486	0.00263	0.08072	0.05136	0.00394	0.00305	0.00150	0.01115	0.82288	0.01791
1.00000	0.00033	0.00011	0.00026	0.00084	0.04175	0.00081	0.00013	0.01189	0.00374	0.94015
1.00000	0.05026	0.04286	0.01211	0.09251	0.00595	0.40114	0.00083	0.07907	0.26962	0.04566
0.00000	0.00872	0.06060	0.05623	0.25382	0.10414	0.16211	0.03923	0.15967	0.02542	0.13007
1.00000	0.00101	0.00023	0.00046	0.00151	0.00074	0.00229	0.00018	0.01712	0.96696	0.00949
1.00000	0.04160	0.01321	0.07668	0.26770	0.00132	0.05652	0.01616	0.02194	0.48945	0.01543
1.00000	0.85343	0.00455	0.02545	0.00611	0.01179	0.04256	0.03434	0.00594	0.01301	0.00283
1.00000	0.01084	0.02912	0.01864	0.17109	0.12501	0.29035	0.21429	0.00787	0.10307	0.02971
1.00000	0.07873	0.00897	0.56395	0.05567	0.02034	0.02839	0.07808	0.02225	0.11810	0.02552
1.00000	0.05968	0.00241	0.00525	0.02181	0.01204	0.20249	0.60341	0.00522	0.08119	0.00649
1.00000	0.11752	0.01410	0.04086	0.07076	0.00323	0.01431	0.00583	0.63385	0.08833	0.01121
1.00000	0.00188	0.00795	0.04195	0.62738	0.07165	0.06022	0.00910	0.05850	0.08972	0.03166
1.00000	0.00049	0.00017	0.00210	0.01243	0.07862	0.00046	0.00177	0.03379	0.00792	0.86226
1.00000	0.00899	0.00319	0.88255	0.01324	0.01576	0.02264	0.00936	0.00249	0.04060	0.00119
1.00000	0.00255	0.00086	0.00870	0.00813	0.00119	0.00327	0.00015	0.02897	0.91857	0.02761
1.00000	0.02116	0.03277	0.03155	0.01754	0.08343	0.49105	0.04401	0.00564	0.09069	0.18215
1.00000	0.06478	0.02199	0.18549	0.07351	0.17525	0.02037	0.11182	0.08101	0.19779	0.06799
1.00000	0.00029	0.00161	0.00054	0.00365	0.03995	0.00049	0.00025	0.05198	0.00333	0.89791
1.00000	0.01849	0.00087	0.88880	0.02227	0.00073	0.00091	0.02426	0.03668	0.00312	0.00387
1.00000	0.02254	0.00117	0.06626	0.00749	0.03334	0.00208	0.84182	0.01103	0.00830	0.00597
1.00000	0.00065	0.00023	0.00108	0.00192	0.10092	0.00028	0.00040	0.04237	0.00460	0.84754
1.00000	0.00079	0.00623	0.87888	0.01923	0.01325	0.00515	0.02572	0.04212	0.00214	0.00649
1.00000	0.95966	0.00011	0.00468	0.01591	0.00021	0.00642	0.00532	0.00032	0.00699	0.00037
1.00000	0.06448	0.05716	0.09084	0.06193	0.07263	0.20813	0.38252	0.00530	0.04595	0.01107
0.00000	0.00345	0.00310	0.04623	0.07752	0.01966	0.00985	0.00257	0.00448	0.79472	0.03841
1.00000	0.92126	0.00030	0.00312	0.00208	0.00068	0.02917	0.02608	0.00192	0.01504	0.00036
1.00000	0.14465	0.00626	0.14218	0.02100	0.02030	0.27630	0.34747	0.00362	0.01815	0.02007
1.00000	0.49067	0.03090	0.04020	0.01336	0.00764	0.25125	0.01699	0.11484	0.01722	0.01694
1.00000	0.01854	0.03860	0.05145	0.70551	0.01170	0.09131	0.05450	0.01479	0.00940	0.00420
1.00000	0.00194	0.00601	0.91395	0.04409	0.01047	0.00662	0.00700	0.00424	0.00322	0.00245
1.00000	0.00989	0.00084	0.01013	0.00041	0.00181	0.00392	0.94985	0.00131	0.01773	0.00411
1.00000	0.00818	0.06607	0.01510	0.05702	0.08256	0.18255	0.00306	0.09431	0.09045	0.40071
1.00000	0.00249	0.00502	0.00285	0.00400	0.00236	0.00064	0.00025	0.93791	0.00539	0.03910
1.00000	0.00056	0.00298	0.00492	0.00865	0.11825	0.00077	0.00176	0.04544	0.00470	0.81197
1.00000	0.67726	0.00477	0.01394	0.00503	0.00730	0.13731	0.00224	0.00527	0.13646	0.01041
1.00000	0.00498	0.00726	0.00139	0.01159	0.01951	0.00186	0.00060	0.15631	0.00853	0.78797
0.00000	0.15345	0.00555	0.04751	0.43091	0.01319	0.03916	0.00914	0.00698	0.26017	0.03393
1.00000	0.02545	0.00160	0.01627	0.01165	0.01096	0.01875	0.00653	0.03249	0.78713	0.08917
1.00000	0.01026	0.00176	0.22409	0.03463	0.12563	0.00546	0.56392	0.02128	0.00288	0.01010
1.00000	0.00258	0.00422	0.00097	0.00632	0.00901	0.01399	0.00072	0.90010	0.01740	0.04470
1.00000	0.15474	0.00163	0.00131	0.08237	0.00580	0.63956	0.02524	0.00721	0.07927	0.00285
1.00000	0.84367	0.00059	0.01239	0.00435	0.00084	0.04242	0.02895	0.00163	0.05936	0.00580
1.00000	0.00229	0.96366	0.00738	0.00288	0.00903	0.00570	0.00130	0.00319	0.00182	0.00275
0.00000	0.32962	0.00624	0.03065	0.23685	0.00625	0.18913	0.03213	0.03913	0.12401	0.00598
1.00000	0.08834	0.00140	0.62667	0.00901	0.07322	0.00440	0.01681	0.07074	0.01124	0.09817
1.00000	0.03129	0.00026	0.00264	0.00337	0.00235	0.75498	0.00197	0.00132	0.20127	0.00054
1.00000	0.00769	0.00218	0.03041	0.00898	0.62327	0.01618	0.04206	0.07309	0.03857	0.15757
1.00000	0.00087	0.01229	0.01639	0.01340	0.13651	0.00516	0.00148	0.79586	0.00292	0.01514
1.00000	0.06158	0.01781	0.48762	0.15507	0.00810	0.00614	0.02414	0.05013	0.18027	0.00915
1.00000	0.00136	0.00131	0.01708	0.01427	0.00278	0.00376	0.00521	0.00344	0.93368	0.01709
1.00000	0.00235	0.00031	0.04328	0.00311	0.00117	0.00316	0.94474	0.00020	0.00121	0.00046
1.00000	0.12406	0.00741	0.08070	0.04494	0.07897	0.01753	0.42026	0.01476	0.14952	0.06186
1.00000	0.01054	0.94495	0.01743	0.00268	0.00156	0.00193	0.00104	0.01071	0.00028	0.00888
0.00000	0.68539	0.00350	0.10915	0.05851	0.00856	0.01617	0.00501	0.04767	0.04349	0.02256
1.00000	0.00184	0.00218	0.00029	0.02220	0.00208	0.00017	0.00017	0.96325	0.00041	0.00740
1.00000	0.02514	0.00400	0.52719	0.04637	0.15648	0.01550	0.01004	0.13705	0.03190	0.04633
0.00000	0.09641	0.00318	0.12768	0.18506	0.01048	0.03544	0.04211	0.02262	0.45321	0.02381
1.00000	0.10183	0.01646	0.06134	0.08189	0.02375	0.33555	0.12408	0.06984	0.17083	0.01443
1.00000	0.00260	0.00214	0.00064	0.00956	0.00505	0.00214	0.00005	0.95811	0.00418	0.01555
1.00000	0.06875	0.00144	0.04231	0.09060	0.02754	0.12164	0.60555	0.00772	0.02461	0.00983
1.00000	0.81613	0.00531	0.06951	0.01563	0.00390	0.00529	0.02871	0.00139	0.03381	0.02032
1.00000	0.00341	0.00702	0.01882	0.66702	0.01519	0.11112	0.00600	0.00135	0.15476	0.01530
1.00000	0.00142	0.00686	0.00034	0.00064	0.77748	0.00030	0.00030	0.00434	0.00250	0.20581
1.00000	0.00057	0.00248	0.93832	0.01376	0.02519	0.00243	0.00070	0.01041	0.00355	0.00259
1.00000	0.14448	0.00488	0.00264	0.01046	0.34957	0.04695	0.09137	0.03787	0.19587	0.11592
1.00000	0.01933	0.01609	0.04648	0.15244	0.00570	0.49798	0.00194	0.05971	0.17809	0.02224
1.00000	0.00725	0.79369	0.04772	0.03461	0.01176	0.00726	0.02902	0.03484	0.01966	0.01419
1.00000	0.00245	0.03506	0.02735	0.03621	0.24239	0.03210	0.00229	0.47584	0.01248	0.13384
1.00000	0.00914	0.01659	0.11081	0.02563	0.01476	0.04075	0.05210	0.04103	0.68107	0.00813
1.00000	0.77049	0.00136	0.03528	0.04476	0.02770	0.02119	0.07973	0.00502	0.01032	0.00414
1.00000	0.00310	0.87918	0.02971	0.01357	0.00877	0.00352	0.00224	0.02793	0.01952	0.01245
1.00000	0.00723	0.00402	0.03038	0.00252	0.85414	0.02491	0.00593	0.02236	0.02356	0.02495
1.00000	0.00400	0.00131	0.00183	0.00870	0.78612	0.00390	0.03440	0.14171	0.00235	0.01567
1.00000	0.07007	0.02737	0.00636	0.06408	0.04831	0.61752	0.00315	0.04951	0.08030	0.03333
1.00000	0.02919	0.03070	0.00410	0.09825	0.06930	0.31933	0.00436	0.19243	0.23970	0.01264
1.00000	0.00018	0.00186	0.00171	0.00401	0.04559	0.00033	0.00124	0.00792	0.00304	0.93412
1.00000	0.71573	0.00240	0.05145	0.05654	0.00738	0.03868	0.00933	0.01888	0.03664	0.06298
1.00000	0.00562	0.00095	0.91724	0.00099	0.00301	0.00169	0.02153	0.00087	0.04748	0.00062
1.00000	0.02318	0.72606	0.01629	0.05823	0.00657	0.00582	0.00383	0.04534	0.07428	0.04039
1.00000	0.03305	0.00106	0.04727	0.00114	0.84696	0.00163	0.03362	0.02132	0.00686	0.00709
1.00000	0.91922	0.00655	0.00437	0.00958	0.00438	0.00896	0.00238	0.01200	0.02000	0.01256
1.00000	0.00994	0.00102	0.00683	0.00425	0.00333	0.00065	0.00028	0.96567	0.00062	0.00739
1.00000	0.03035	0.04268	0.10007	0.06350	0.14188	0.01542	0.08693	0.04167	0.32468	0.15283
1.00000	0.06892	0.01081	0.00423	0.24005	0.06675	0.24622	0.01862	0.03184	0.17106	0.14148
0.00000	0.02352	0.22954	0.03821	0.02619	0.02903	0.03157	0.00356	0.21101	0.20791	0.19946
1.00000	0.00287	0.00473	0.02512	0.01398	0.12407	0.00560	0.00461	0.00852	0.08767	0.72283
1.00000	0.15186	0.00751	0.00562	0.15471	0.03496	0.30510	0.05583	0.01164	0.26279	0.01000
0.00000	0.05602	0.03564	0.00417	0.29555	0.02551	0.03632	0.05339	0.03844	0.35579	0.09918
1.00000	0.00514	0.00066	0.01218	0.00123	0.89625	0.00188	0.00326	0.02136	0.00299	0.05503
1.00000	0.00327	0.00860	0.07320	0.01580	0.08589	0.00097	0.00116	0.64439	0.03132	0.13541
1.00000	0.00628	0.79711	0.05152	0.02609	0.00853	0.00140	0.00134	0.07581	0.00992	0.02201
1.00000	0.02896	0.00835	0.00245	0.00976	0.03716	0.05511	0.00192	0.79503	0.01542	0.04584
1.00000	0.02114	0.06925	0.00691	0.00580	0.00160	0.00167	0.00025	0.80197	0.05173	0.03967
1.00000	0.05259	0.04495	0.65297	0.08040	0.00754	0.00565	0.04733	0.04501	0.06173	0.00183
1.00000	0.00017	0.00076	0.98981	0.00071	0.00030	0.00052	0.00039	0.00559	0.00141	0.00033
1.00000	0.00432	0.88460	0.03553	0.00372	0.00691	0.00222	0.00225	0.04829	0.00149	0.01066
1.00000	0.00206	0.95252	0.00869	0.00485	0.00502	0.00114	0.00079	0.01734	0.00155	0.00604
1.00000	0.00363	0.00409	0.00507	0.03709	0.07993	0.03141	0.00273	0.01645	0.01221	0.80740
1.00000	0.00846	0.87417	0.01938	0.00313	0.02550	0.00489	0.00401	0.04686	0.00125	0.01235
1.00000	0.70351	0.00747	0.05593	0.00149	0.02465	0.01362	0.07259	0.04164	0.01512	0.06399
1.00000	0.00006	0.00049	0.00039	0.00051	0.00024	0.00323	0.00004	0.00226	0.95869	0.03410
1.00000	0.93766	0.00043	0.00658	0.00056	0.00035	0.01784	0.00753	0.00265	0.02037	0.00603
1.00000	0.00025	0.00050	0.00363	0.00246	0.96695	0.01907	0.00313	0.00049	0.00115	0.00235
1.00000	0.00933	0.02211	0.01046	0.07146	0.63999	0.01452	0.00296	0.00393	0.01481	0.21044
1.00000	0.06838	0.00177	0.75978	0.01666	0.00803	0.00193	0.05203	0.01118	0.07351	0.00673
1.00000	0.01251	0.00175	0.06959	0.65745	0.00411	0.01225	0.00601	0.00638	0.17387	0.05607
1.00000	0.01224	0.00263	0.00077	0.01122	0.00064	0.00039	0.00016	0.96327	0.00172	0.00697
1.00000	0.81577	0.01053	0.05102	0.00397	0.00214	0.02216	0.01893	0.02098	0.00812	0.04638
1.00000	0.00159	0.00034	0.00876	0.00039	0.00076	0.00199	0.98430	0.00075	0.00063	0.00049
1.00000	0.00087	0.00913	0.00114	0.00075	0.78183	0.00689	0.00256	0.01020	0.04822	0.13841
1.00000	0.00462	0.04266	0.02944	0.06316	0.01189	0.00153	0.00016	0.75194	0.03975	0.05486
1.00000	0.03038	0.01307	0.18185	0.12154	0.00716	0.01467	0.00985	0.04389	0.49068	0.08691
1.00000	0.00291	0.90251	0.00487	0.00463	0.02481	0.00273	0.00351	0.03169	0.00736	0.01498
1.00000	0.00838	0.11820	0.11329	0.43892	0.03197	0.01871	0.00220	0.05421	0.15125	0.06287
0.00000	0.00137	0.00386	0.02652	0.44811	0.00381	0.00159	0.00036	0.02938	0.47533	0.00967
1.00000	0.01206	0.01898	0.76632	0.01600	0.00817	0.00826	0.01221	0.00824	0.14785	0.00190
1.00000	0.00368	0.00545	0.90164	0.00518	0.00159	0.02810	0.04919	0.00122	0.00204	0.00192
0.00000	0.02842	0.01237	0.20055	0.21806	0.00881	0.02337	0.00682	0.04741	0.44873	0.00546
1.00000	0.94057	0.00033	0.01233	0.01879	0.00084	0.00733	0.00745	0.00091	0.01098	0.00045
1.00000	0.00468	0.00164	0.93766	0.00172	0.02085	0.00134	0.01569	0.00229	0.00359	0.01054
1.00000	0.00802	0.00200	0.00484	0.91005	0.00149	0.04740	0.00131	0.00766	0.01529	0.00195
1.00000	0.01115	0.03306	0.01437	0.09784	0.01157	0.12410	0.03356	0.00453	0.65029	0.01953
1.00000	0.04996	0.00095	0.04121	0.00186	0.00589	0.01561	0.87007	0.00661	0.00439	0.00345
1.00000	0.00091	0.00258	0.00036	0.00251	0.01049	0.00164	0.00039	0.01778	0.02572	0.93763
0.00000	0.00720	0.11676	0.07364	0.19385	0.02358	0.07607	0.00105	0.21225	0.12725	0.16835
1.00000	0.00377	0.01290	0.07531	0.01654	0.27536	0.00914	0.54783	0.03998	0.00742	0.01175
1.00000	0.00222	0.00031	0.00572	0.00453	0.00031	0.02105	0.00025	0.01072	0.94309	0.01180
1.00000	0.01263	0.00074	0.01066	0.05860	0.00376	0.83732	0.01004	0.00136	0.06448	0.00041
0.00000	0.01861	0.01795	0.22233	0.08812	0.22365	0.00857	0.12194	0.00430	0.27404	0.02047
1.00000	0.01642	0.00841	0.04156	0.00562	0.05620	0.00384	0.01190	0.03290	0.02572	0.79743
1.00000	0.00257	0.01317	0.00313	0.01250	0.03896	0.04682	0.00065	0.76948	0.00323	0.10951
1.00000	0.01173	0.19520	0.63588	0.02621	0.00203	0.00331	0.04568	0.01383	0.06524	0.00089
1.00000	0.00021	0.00880	0.00041	0.00240	0.00689	0.00097	0.00004	0.97281	0.00022	0.00724
1.00000	0.02777	0.00338	0.01595	0.00455	0.00188	0.00195	0.00102	0.02344	0.90457	0.01548
0.00000	0.00638	0.00548	0.01342	0.34635	0.01553	0.03133	0.00170	0.03714	0.43597	0.10669
1.00000	0.10567	0.01380	0.01598	0.15011	0.01192	0.45975	0.05320	0.01591	0.15901	0.01466
1.00000	0.58555	0.00557	0.04781	0.02975	0.00498	0.03479	0.10676	0.02065	0.12533	0.03880
1.00000	0.02641	0.11219	0.24079	0.06597	0.01701	0.00175	0.00108	0.35175	0.12140	0.06165
1.00000	0.00038	0.00069	0.00105	0.00025	0.87584	0.00053	0.00140	0.00163	0.00234	0.11589
1.00000	0.00512	0.00813	0.01469	0.00104	0.04991	0.00037	0.00429	0.03188	0.00986	0.87471
1.00000	0.02113	0.02440	0.05123	0.65169	0.01704	0.13844	0.00254	0.00636	0.06681	0.02038
1.00000	0.16108	0.00169	0.00552	0.12615	0.00324	0.49822	0.00388	0.00276	0.19493	0.00251
1.00000	0.00219	0.00224	0.00494	0.00086	0.87809	0.02665	0.00407	0.05861	0.00235	0.02000
1.00000	0.09377	0.00202	0.19198	0.41319	0.00341	0.08481	0.05153	0.00442	0.14359	0.01127
1.00000	0.90482	0.00140	0.00882	0.02434	0.00071	0.00925	0.00642	0.00868	0.03466	0.00091
1.00000	0.00187	0.00236	0.87331	0.08240	0.00292	0.00115	0.01724	0.00983	0.00853	0.00039
1.00000	0.13153	0.00888	0.18455	0.00658	0.15834	0.02717	0.07782	0.02140	0.01937	0.36437
1.00000	0.10354	0.00657	0.00472	0.72446	0.00343	0.09612	0.01756	0.02191	0.01689	0.00481
1.00000	0.00227	0.89735	0.03792	0.00499	0.00926	0.00164	0.00321	0.02809	0.00177	0.01349
1.00000	0.08319	0.01223	0.08440	0.00487	0.01471	0.18357	0.57872	0.00269	0.03023	0.00538
1.00000	0.00034	0.00011	0.00007	0.00214	0.06249	0.00098	0.00092	0.01471	0.00211	0.91614
1.00000	0.00284	0.79989	0.03305	0.01291	0.01119	0.00134	0.00307	0.07072	0.00858	0.05641
1.00000	0.00076	0.00327	0.00042	0.01088	0.02832	0.00199	0.00053	0.04019	0.03278	0.88086
1.00000	0.04544	0.00170	0.01477	0.87606	0.00033	0.03716	0.00570	0.00498	0.01299	0.00087
0.00000	0.53782	0.01366	0.18674	0.10686	0.00111	0.00964	0.01211	0.07787	0.05238	0.00181
1.00000	0.00969	0.00374	0.03175	0.00295	0.62507	0.00710	0.06577	0.04191	0.00987	0.20214
1.00000	0.00247	0.00411	0.00060	0.00155	0.72604	0.01240	0.00349	0.02969	0.00158	0.21807
1.00000	0.05647	0.03341	0.04128	0.68398	0.00143	0.01822	0.00073	0.05352	0.10005	0.01092
1.00000	0.88905	0.00649	0.00368	0.01336	0.00176	0.04718	0.00207	0.00583	0.00529	0.02529
1.00000	0.02571	0.00407	0.02498	0.00484	0.69985	0.06337	0.02412	0.06978	0.03540	0.04787
1.00000	0.10979	0.00126	0.03041	0.00089	0.69676	0.01329	0.02055	0.03620	0.00627	0.08457
1.00000	0.00729	0.74530	0.01057	0.02042	0.02577	0.03372	0.00461	0.05060	0.03450	0.06722
1.00000	0.05245	0.05660	0.00508	0.47687	0.01849	0.10313	0.01495	0.04060	0.19934	0.03249
1.00000	0.48935	0.01423	0.10123	0.01820	0.00223	0.07683	0.12751	0.07979	0.07975	0.01087
1.00000	0.00074	0.00044	0.00070	0.00305	0.08480	0.00399	0.00063	0.04798	0.00860	0.84908
1.00000	0.00048	0.00054	0.00006	0.00187	0.13260	0.00042	0.00013	0.00120	0.01605	0.84665
1.00000	0.03064	0.08251	0.17721	0.01325	0.03710	0.04211	0.57752	0.01079	0.02252	0.00635
1.00000	0.00116	0.00131	0.01911	0.01178	0.00151	0.00975	0.00315	0.02833	0.92116	0.00275
1.00000	0.00232	0.05550	0.55669	0.18431	0.05508	0.00661	0.00735	0.07796	0.05098	0.00320
1.00000	0.01072	0.01561	0.03663	0.11856	0.19067	0.20598	0.02288	0.06004	0.05768	0.28123
1.00000	0.00238	0.06820	0.01180	0.03950	0.22086	0.02508	0.00148	0.47748	0.01036	0.14287
1.00000	0.06314	0.00110	0.03052	0.19580	0.00159	0.57440	0.03096	0.00280	0.09726	0.00245
1.00000	0.01655	0.02235	0.13444	0.11043	0.12372	0.01571	0.01727	0.41083	0.05565	0.09305
1.00000	0.00362	0.01388	0.00504	0.02024	0.01668	0.00684	0.00087	0.02147	0.85984	0.05151
1.00000	0.03640	0.01874	0.00443	0.03819	0.07754	0.01122	0.01502	0.04549	0.12317	0.62979
1.00000	0.01105	0.00320	0.72286	0.02905	0.04293	0.00531	0.02884	0.00568	0.13315	0.01794
1.00000	0.09626	0.00671	0.02625	0.00163	0.02756	0.76056	0.00747	0.00551	0.04181	0.02624
1.00000	0.00203	0.00089	0.95848	0.01014	0.00324	0.00036	0.00580	0.00125	0.00240	0.01542
1.00000	0.09440	0.02104	0.04952	0.44945	0.01389	0.17969	0.03435	0.02678	0.11401	0.01688
1.00000	0.03647	0.00163	0.03679	0.00496	0.00399	0.02945	0.01363	0.03762	0.75900	0.07646
0.00000	0.02153	0.00508	0.31224	0.07221	0.02161	0.00733	0.00206	0.01271	0.49798	0.04724
1.00000	0.00479	0.00344	0.01697	0.77322	0.00387	0.01822	0.00169	0.01200	0.15920	0.00659
1.00000	0.00287	0.00110	0.00044	0.00179	0.02776	0.00094	0.00045	0.02213	0.09249	0.85002
1.00000	0.00038	0.00030	0.04138	0.00160	0.00331	0.00080	0.94702	0.00031	0.00432	0.00058
1.00000	0.00217	0.02162	0.01998	0.03180	0.03252	0.00258	0.00246	0.79474	0.01166	0.08048
1.00000	0.97923	0.00027	0.00642	0.00215	0.00032	0.00311	0.00468	0.00009	0.00350	0.00025
1.00000	0.95240	0.00906	0.00783	0.00124	0.00143	0.01887	0.00276	0.00164	0.00324	0.00153
1.00000	0.01380	0.01295	0.03145	0.03903	0.16820	0.58751	0.01648	0.01669	0.02986	0.08401
1.00000	0.02693	0.00825	0.81445	0.01704	0.00206	0.00194	0.11934	0.00177	0.00456	0.00367
1.00000	0.02453	0.00162	0.06524	0.79929	0.00182	0.00888	0.00158	0.06916	0.02692	0.00096
1.00000	0.02033	0.03024	0.55820	0.05055	0.01590	0.00128	0.05586	0.02365	0.13832	0.10566
1.00000	0.01566	0.01746	0.02817	0.00495	0.01619	0.63445	0.00302	0.00447	0.21351	0.06210
1.00000	0.00067	0.81715	0.03560	0.02552	0.00944	0.01475	0.00487	0.01322	0.04846	0.03032
1.00000	0.81513	0.00347	0.03932	0.02152	0.02525	0.00481	0.03141	0.01360	0.02717	0.01833
1.00000	0.04338	0.00476	0.17920	0.16157	0.00707	0.00294	0.01301	0.49480	0.07690	0.01639
1.00000	0.00860	0.00048	0.03774	0.00279	0.00054	0.00399	0.00902	0.00101	0.92887	0.00696
0.00000	0.00165	0.00444	0.02560	0.02694	0.26276	0.00321	0.00553	0.02104	0.00483	0.64399
1.00000	0.11510	0.01671	0.01468	0.00871	0.58263	0.01227	0.05592	0.01565	0.01283	0.16548
1.00000	0.00855	0.01993	0.42342	0.07595	0.01562	0.00569	0.00913	0.02581	0.41376	0.00213
1.00000	0.00515	0.01738	0.87352	0.02045	0.01706	0.00098	0.02656	0.00245	0.03589	0.00055
1.00000	0.01847	0.00800	0.03946	0.26766	0.05476	0.06511	0.01189	0.06194	0.43044	0.04227
