1.00000	0.00281	0.88073	0.06647	0.01083	0.01254	0.00649	0.01079	0.00132	0.00180	0.00621
1.00000	0.00075	0.00092	0.00438	0.00841	0.02141	0.00546	0.00266	0.94558	0.00226	0.00818
1.00000	0.82864	0.00081	0.01330	0.01000	0.00112	0.05590	0.06599	0.00334	0.01588	0.00503
1.00000	0.04664	0.00399	0.03053	0.05097	0.00925	0.70424	0.02434	0.01005	0.10716	0.01283
1.00000	0.00181	0.00266	0.00082	0.00920	0.89877	0.00689	0.00533	0.00433	0.00252	0.06768
1.00000	0.00611	0.03175	0.01774	0.02580	0.22301	0.03201	0.00738	0.46101	0.00883	0.18636
1.00000	0.07886	0.00157	0.00107	0.06727	0.00053	0.81991	0.00081	0.00602	0.01280	0.01115
1.00000	0.10158	0.00687	0.53140	0.04124	0.05776	0.03038	0.20844	0.00734	0.00349	0.01148
0.00000	0.00049	0.00735	0.00710	0.02080	0.12976	0.01658	0.00652	0.08868	0.02713	0.69560
0.00000	0.04199	0.01361	0.00557	0.03155	0.37087	0.02693	0.05122	0.05377	0.04458	0.35990
1.00000	0.00319	0.89375	0.03529	0.03182	0.01076	0.00263	0.00470	0.00814	0.00444	0.00529
1.00000	0.00423	0.00040	0.97210	0.00103	0.00574	0.00320	0.01065	0.00129	0.00114	0.00024
1.00000	0.00258	0.02412	0.01389	0.01464	0.78349	0.01032	0.00238	0.00933	0.00381	0.13543
1.00000	0.00142	0.94994	0.01937	0.00904	0.00465	0.00316	0.00334	0.00311	0.00145	0.00454
1.00000	0.00468	0.70730	0.05604	0.07297	0.01158	0.00728	0.00107	0.11984	0.01611	0.00314
1.00000	0.00860	0.00656	0.07217	0.37063	0.12592	0.05366	0.05807	0.05448	0.08011	0.16980
1.00000	0.00097	0.96909	0.01337	0.00549	0.00386	0.00106	0.00250	0.00192	0.00047	0.00129
1.00000	0.01036	0.00214	0.02117	0.02359	0.00515	0.07826	0.84966	0.00014	0.00614	0.00340
1.00000	0.00012	0.00135	0.00054	0.00538	0.89123	0.00446	0.00245	0.00071	0.00273	0.09103
1.00000	0.00333	0.00247	0.00996	0.04574	0.19302	0.01153	0.00730	0.01377	0.05694	0.65595
1.00000	0.00857	0.00044	0.03418	0.88790	0.00578	0.02391	0.00478	0.00105	0.02927	0.00412
1.00000	0.00098	0.00063	0.00168	0.03776	0.74129	0.01863	0.01944	0.01247	0.00578	0.16135
1.00000	0.00062	0.00040	0.00010	0.00116	0.02049	0.00580	0.00105	0.01105	0.00358	0.95574
1.00000	0.11387	0.03274	0.04734	0.14319	0.00588	0.02435	0.00320	0.02010	0.56470	0.04462
1.00000	0.00219	0.00046	0.00316	0.00507	0.02750	0.00248	0.00083	0.00537	0.12767	0.82527
1.00000	0.59195	0.00314	0.04642	0.07109	0.01104	0.08116	0.13286	0.03247	0.02453	0.00534
1.00000	0.00141	0.00121	0.00189	0.01496	0.02298	0.01042	0.00109	0.72989	0.00658	0.20958
1.00000	0.03791	0.00020	0.03085	0.00465	0.00544	0.00068	0.87439	0.00033	0.03983	0.00571
1.00000	0.04923	0.01759	0.06291	0.00285	0.08747	0.24124	0.08404	0.00662	0.41850	0.02955
1.00000	0.00251	0.00002	0.00490	0.00186	0.00056	0.00046	0.98799	0.00066	0.00044	0.00060
1.00000	0.01232	0.49847	0.08378	0.15427	0.04716	0.01001	0.00499	0.07565	0.09033	0.02302
1.00000	0.02988	0.00075	0.00384	0.91567	0.00070	0.03205	0.00089	0.00111	0.01480	0.00031
1.00000	0.00812	0.87562	0.05594	0.02446	0.00329	0.00288	0.00594	0.00572	0.01442	0.00361
1.00000	0.03218	0.01029	0.04274	0.01134	0.61485	0.05217	0.07088	0.06945	0.03228	0.06383
1.00000	0.00226	0.00032	0.01518	0.00046	0.00517	0.00250	0.97178	0.00089	0.00019	0.00124
1.00000	0.01225	0.12166	0.65992	0.05261	0.01460	0.01283	0.09230	0.00508	0.01916	0.00959
1.00000	0.00424	0.00861	0.00827	0.06941	0.15849	0.18715	0.03833	0.03236	0.43277	0.06038
1.00000	0.79474	0.00208	0.11032	0.01358	0.00514	0.01547	0.02876	0.02159	0.00190	0.00643
1.00000	0.00392	0.09431	0.02634	0.00751	0.51973	0.04340	0.01718	0.03284	0.00386	0.25092
1.00000	0.04131	0.00742	0.44102	0.05369	0.00410	0.02217	0.01683	0.10205	0.19741	0.11401
1.00000	0.12394	0.00171	0.02632	0.62994	0.00091	0.04120	0.01651	0.00188	0.15308	0.00451
1.00000	0.00078	0.00165	0.95079	0.03771	0.00122	0.00043	0.00266	0.00159	0.00293	0.00022
1.00000	0.98911	0.00006	0.00081	0.00016	0.00009	0.00144	0.00398	0.00312	0.00070	0.00053
1.00000	0.00339	0.00706	0.04539	0.02468	0.21861	0.00516	0.01959	0.02105	0.05792	0.59716
1.00000	0.08636	0.01256	0.61231	0.16794	0.00558	0.01886	0.05548	0.00200	0.03728	0.00163
1.00000	0.00208	0.91549	0.02919	0.02146	0.00964	0.00210	0.00982	0.00194	0.00545	0.00281
1.00000	0.00179	0.00164	0.05603	0.85490	0.00231	0.02957	0.00332	0.03650	0.01158	0.00236
1.00000	0.00104	0.00943	0.04114	0.86516	0.01240	0.01350	0.00706	0.01264	0.02753	0.01009
0.00000	0.00092	0.00467	0.00306	0.59219	0.00188	0.01174	0.00021	0.00260	0.36942	0.01330
1.00000	0.02431	0.00309	0.06277	0.18398	0.00425	0.53489	0.09267	0.02998	0.05692	0.00713
1.00000	0.00819	0.00910	0.06714	0.00508	0.49201	0.05074	0.09007	0.05934	0.13506	0.08325
1.00000	0.03877	0.00189	0.01322	0.03747	0.00602	0.04245	0.81936	0.00018	0.03357	0.00706
1.00000	0.00619	0.09154	0.03678	0.04611	0.00646	0.00372	0.00124	0.73966	0.01722	0.05108
1.00000	0.04455	0.01494	0.02675	0.03240	0.05495	0.08919	0.01403	0.58512	0.00855	0.12952
1.00000	0.04835	0.00486	0.03378	0.13948	0.00300	0.69509	0.00297	0.00510	0.06460	0.00278
1.00000	0.01553	0.04200	0.03842	0.00513	0.19183	0.01000	0.01268	0.01587	0.01818	0.65036
1.00000	0.00783	0.00179	0.01549	0.00659	0.88383	0.00694	0.02811	0.00613	0.00409	0.03921
1.00000	0.00723	0.00336	0.00545	0.00943	0.79767	0.00786	0.02042	0.02247	0.00339	0.12273
1.00000	0.68322	0.00623	0.03028	0.08218	0.00732	0.03516	0.09819	0.01621	0.03269	0.00852
1.00000	0.02505	0.00073	0.01897	0.02691	0.01281	0.08309	0.00294	0.01316	0.55242	0.26393
1.00000	0.03147	0.00721	0.01663	0.07103	0.04394	0.55391	0.08159	0.00071	0.05923	0.13426
1.00000	0.44468	0.01429	0.01547	0.04906	0.05071	0.13662	0.01636	0.06694	0.05295	0.15292
1.00000	0.00187	0.00116	0.00124	0.00250	0.64471	0.10897	0.05876	0.01672	0.01213	0.15194
1.00000	0.00012	0.00094	0.00057	0.00534	0.06468	0.00530	0.00081	0.01088	0.00175	0.90961
1.00000	0.00230	0.00136	0.03323	0.08113	0.00529	0.00804	0.00321	0.85917	0.00067	0.00561
1.00000	0.00057	0.00302	0.00589	0.00274	0.04680	0.01812	0.00082	0.88218	0.00153	0.03833
1.00000	0.01811	0.00361	0.02786	0.00799	0.01829	0.00856	0.03233	0.08095	0.02732	0.77499
1.00000	0.00116	0.00976	0.02310	0.11042	0.02175	0.00859	0.00085	0.74795	0.04098	0.03544
1.00000	0.00017	0.00533	0.00033	0.00845	0.06300	0.01186	0.00145	0.04871	0.00611	0.85459
1.00000	0.06122	0.00506	0.03833	0.07223	0.01239	0.02346	0.71952	0.03480	0.02512	0.00787
1.00000	0.75181	0.00142	0.04037	0.00985	0.00276	0.08335	0.09928	0.00175	0.00816	0.00125
1.00000	0.06747	0.00437	0.01182	0.23633	0.01009	0.52716	0.07935	0.01337	0.01505	0.03497
1.00000	0.01915	0.02234	0.00150	0.00338	0.00440	0.87633	0.00027	0.02087	0.03428	0.01749
1.00000	0.01405	0.00374	0.01600	0.04422	0.02165	0.00610	0.84270	0.02966	0.01474	0.00714
1.00000	0.01773	0.00172	0.06065	0.00189	0.03351	0.07211	0.77961	0.00138	0.01136	0.02003
1.00000	0.03732	0.03357	0.14996	0.00990	0.07082	0.51641	0.06137	0.02240	0.07811	0.02015
1.00000	0.01428	0.00918	0.02088	0.06316	0.07224	0.02848	0.00429	0.46369	0.10911	0.21469
1.00000	0.34924	0.06823	0.05597	0.11876	0.02586	0.17962	0.01868	0.12460	0.00887	0.05018
1.00000	0.00188	0.00089	0.00366	0.00277	0.00723	0.00981	0.00064	0.94209	0.00132	0.02972
1.00000	0.01293	0.03949	0.00271	0.00581	0.02426	0.73276	0.00132	0.09459	0.06397	0.02216
1.00000	0.00015	0.00340	0.00122	0.00697	0.16682	0.01793	0.00095	0.01305	0.00492	0.78460
1.00000	0.00251	0.00555	0.03846	0.02291	0.57847	0.02276	0.16278	0.00735	0.03569	0.12352
1.00000	0.01763	0.00782	0.03635	0.01624	0.79641	0.02832	0.00691	0.02440	0.00346	0.06246
1.00000	0.00445	0.00058	0.00516	0.01293	0.17802	0.00230	0.00669	0.00776	0.02364	0.75849
1.00000	0.00041	0.00046	0.98594	0.00555	0.00079	0.00274	0.00216	0.00033	0.00157	0.00005
1.00000	0.87430	0.00076	0.00419	0.03793	0.00128	0.02391	0.03349	0.00310	0.01897	0.00206
1.00000	0.02136	0.00497	0.77197	0.02310	0.01309	0.02367	0.10190	0.00954	0.02391	0.00648
0.00000	0.00556	0.00076	0.00047	0.00568	0.14479	0.02311	0.00061	0.30188	0.00302	0.51411
1.00000	0.00218	0.92290	0.04448	0.00406	0.00316	0.01180	0.00341	0.00445	0.00074	0.00283
1.00000	0.01591	0.02727	0.09116	0.61896	0.00326	0.16858	0.02377	0.00434	0.03952	0.00722
1.00000	0.00895	0.00376	0.90454	0.00142	0.03939	0.00188	0.00832	0.00426	0.02319	0.00428
1.00000	0.75850	0.00130	0.10708	0.00911	0.02118	0.03146	0.04138	0.02269	0.00156	0.00573
1.00000	0.03988	0.00110	0.04302	0.00054	0.00061	0.01315	0.90030	0.00038	0.00075	0.00026
1.00000	0.00537	0.82138	0.12451	0.01140	0.01365	0.00135	0.00327	0.00764	0.00935	0.00208
1.00000	0.00257	0.00020	0.00320	0.00713	0.00233	0.00251	0.00036	0.90822	0.01110	0.06238
1.00000	0.01989	0.00677	0.01209	0.01203	0.20281	0.03538	0.01318	0.44608	0.08308	0.16869
0.00000	0.16610	0.00278	0.00657	0.02705	0.34716	0.07623	0.00761	0.14186	0.05675	0.16790
0.00000	0.00200	0.00078	0.00115	0.00979	0.15247	0.00616	0.01266	0.01480	0.17863	0.62155
1.00000	0.02396	0.00113	0.01799	0.00203	0.81363	0.01166	0.05991	0.03974	0.01329	0.01665
1.00000	0.00290	0.00016	0.00196	0.00583	0.00419	0.00322	0.00025	0.95785	0.00129	0.02236
1.00000	0.01568	0.05166	0.05219	0.04828	0.11979	0.12587	0.01425	0.45562	0.05798	0.05866
1.00000	0.00094	0.00191	0.06429	0.00963	0.32216	0.00327	0.52556	0.00434	0.00397	0.06393
1.00000	0.01426	0.00080	0.01199	0.02879	0.00016	0.00098	0.00013	0.00025	0.90944	0.03319
0.00000	0.02448	0.01914	0.03882	0.01493	0.63532	0.00826	0.10956	0.08342	0.00553	0.06054
1.00000	0.17088	0.01023	0.33001	0.17110	0.00622	0.03694	0.10146	0.00106	0.15948	0.01262
1.00000	0.05205	0.00236	0.00089	0.01143	0.00025	0.82294	0.00135	0.00220	0.10424	0.00228
1.00000	0.04117	0.00346	0.02561	0.00496	0.76360	0.03555	0.05485	0.00789	0.01223	0.05068
1.00000	0.02942	0.00112	0.01584	0.84192	0.01149	0.05558	0.00836	0.02426	0.00739	0.00460
1.00000	0.00250	0.00149	0.00054	0.00586	0.57683	0.05138	0.00227	0.00422	0.00307	0.35184
1.00000	0.00044	0.00008	0.00053	0.00860	0.00090	0.00381	0.00010	0.98088	0.00050	0.00415
0.00000	0.23476	0.02067	0.13379	0.17539	0.03062	0.09480	0.08972	0.09817	0.02587	0.09621
1.00000	0.01578	0.00255	0.02900	0.02823	0.00215	0.00182	0.01073	0.00239	0.89029	0.01705
1.00000	0.00175	0.00179	0.01049	0.06951	0.02873	0.00705	0.00368	0.01285	0.83409	0.03008
1.00000	0.00081	0.05443	0.00167	0.01046	0.02256	0.02216	0.00082	0.84228	0.00355	0.04126
1.00000	0.00972	0.81927	0.02443	0.02885	0.01237	0.02791	0.00444	0.01795	0.00500	0.05007
1.00000	0.07675	0.00107	0.01661	0.75830	0.00073	0.13578	0.00173	0.00088	0.00666	0.00150
1.00000	0.00884	0.00007	0.01906	0.00037	0.00412	0.01389	0.94841	0.00020	0.00150	0.00353
1.00000	0.00056	0.00017	0.00077	0.00211	0.14008	0.00522	0.00103	0.02446	0.01293	0.81267
1.00000	0.00311	0.90595	0.03660	0.00833	0.00785	0.00715	0.00497	0.00673	0.00705	0.01226
1.00000	0.00183	0.03174	0.00451	0.03967	0.03094	0.03055	0.00304	0.80975	0.00191	0.04604
1.00000	0.00077	0.00161	0.04084	0.01052	0.72636	0.00526	0.04225	0.00391	0.03641	0.13206
0.00000	0.00693	0.05614	0.13626	0.11182	0.41074	0.04602	0.17050	0.03439	0.00096	0.02623
1.00000	0.00876	0.00655	0.31449	0.52248	0.00067	0.02728	0.02912	0.03427	0.05398	0.00241
1.00000	0.84469	0.00185	0.02236	0.01305	0.02011	0.01726	0.04444	0.00890	0.02619	0.00114
1.00000	0.06293	0.03465	0.01934	0.14786	0.02387	0.49517	0.00995	0.08396	0.05645	0.06582
1.00000	0.04682	0.00038	0.06243	0.76229	0.00020	0.10685	0.00431	0.00544	0.00985	0.00142
1.00000	0.01611	0.00480	0.66661	0.03380	0.08240	0.00227	0.15611	0.01938	0.01262	0.00590
1.00000	0.00685	0.00709	0.11697	0.71292	0.00754	0.02824	0.00372	0.00606	0.08800	0.02261
1.00000	0.07225	0.00523	0.03758	0.23874	0.00427	0.54979	0.01168	0.01282	0.06244	0.00519
1.00000	0.00431	0.00127	0.00144	0.18485	0.00078	0.68923	0.00166	0.00152	0.11264	0.00230
1.00000	0.00035	0.00040	0.00026	0.00551	0.01551	0.00218	0.00028	0.01911	0.00437	0.95205
1.00000	0.02807	0.00851	0.15312	0.18603	0.05500	0.20099	0.05171	0.03530	0.16053	0.12075
1.00000	0.00041	0.00003	0.00412	0.00193	0.00503	0.00207	0.96913	0.00011	0.00081	0.01636
1.00000	0.00023	0.00023	0.00043	0.00231	0.90003	0.00866	0.00388	0.02331	0.00248	0.05842
1.00000	0.83531	0.00049	0.01473	0.03003	0.00111	0.03952	0.07257	0.00123	0.00327	0.00174
1.00000	0.01542	0.00770	0.02473	0.08827	0.01544	0.02955	0.00689	0.04523	0.54586	0.22091
1.00000	0.95854	0.00030	0.00276	0.00642	0.00166	0.01087	0.01117	0.00328	0.00407	0.00092
1.00000	0.00147	0.01797	0.02677	0.12051	0.04777	0.02679	0.00367	0.59703	0.02213	0.13589
1.00000	0.17413	0.01356	0.40028	0.14396	0.00443	0.15566	0.03400	0.03121	0.03739	0.00539
1.00000	0.02938	0.01291	0.02272	0.04146	0.05432	0.03576	0.05438	0.19220	0.41373	0.14314
1.00000	0.01205	0.00157	0.05957	0.32387	0.00412	0.07291	0.09077	0.00773	0.41345	0.01395
1.00000	0.13603	0.00329	0.07962	0.16029	0.00188	0.07484	0.12811	0.00271	0.40351	0.00971
1.00000	0.00105	0.00052	0.00141	0.00810	0.00479	0.00289	0.00152	0.95677	0.00181	0.02113
1.00000	0.02225	0.04257	0.38429	0.20976	0.00121	0.01062	0.01422	0.05164	0.25616	0.00729
1.00000	0.00134	0.00120	0.06590	0.00818	0.01563	0.01031	0.86945	0.00615	0.00860	0.01323
1.00000	0.81736	0.00093	0.06625	0.00669	0.01694	0.05416	0.02709	0.00529	0.00274	0.00254
1.00000	0.03531	0.04952	0.03340	0.03004	0.01993	0.69202	0.03323	0.00928	0.02714	0.07014
1.00000	0.01714	0.00753	0.01355	0.23471	0.00622	0.58725	0.01186	0.03162	0.08579	0.00433
1.00000	0.01069	0.00277	0.85048	0.02779	0.00412	0.04660	0.03940	0.00265	0.01210	0.00340
1.00000	0.01011	0.00232	0.02811	0.01743	0.00264	0.88540	0.00891	0.00287	0.04114	0.00109
1.00000	0.01016	0.63893	0.01929	0.14139	0.03701	0.01997	0.01579	0.00838	0.06755	0.04153
1.00000	0.00336	0.00050	0.04331	0.91666	0.00027	0.00828	0.00234	0.01684	0.00726	0.00118
1.00000	0.02044	0.01073	0.08331	0.01711	0.01969	0.00425	0.75861	0.05155	0.01471	0.01960
1.00000	0.10380	0.00384	0.08039	0.00737	0.65310	0.02276	0.08693	0.01100	0.00953	0.02129
1.00000	0.00146	0.10493	0.04450	0.09634	0.03194	0.00376	0.00370	0.59437	0.01928	0.09972
1.00000	0.00340	0.00090	0.00420	0.00188	0.92988	0.01108	0.00474	0.00128	0.00180	0.04086
1.00000	0.89423	0.00314	0.01185	0.02065	0.00154	0.00922	0.04672	0.00476	0.00421	0.00367
1.00000	0.01892	0.04959	0.37660	0.17958	0.00196	0.00705	0.00196	0.00653	0.35330	0.00451
1.00000	0.32213	0.00499	0.14516	0.02599	0.04527	0.02674	0.25077	0.08010	0.01897	0.07988
0.00000	0.02560	0.00943	0.39068	0.36051	0.00087	0.00918	0.01559	0.10975	0.06456	0.01382
1.00000	0.00076	0.00064	0.00429	0.00158	0.09962	0.00679	0.00583	0.00345	0.00461	0.87242
1.00000	0.00843	0.00282	0.89698	0.03608	0.00220	0.00523	0.00433	0.01090	0.03104	0.00200
1.00000	0.01947	0.00121	0.00562	0.23261	0.01218	0.64828	0.00972	0.00789	0.02810	0.03493
0.00000	0.37935	0.00079	0.30327	0.00950	0.00177	0.00718	0.20038	0.01914	0.06838	0.01023
0.00000	0.00712	0.00192	0.06863	0.00198	0.52420	0.02312	0.12167	0.04843	0.07034	0.13258
1.00000	0.00079	0.00108	0.00567	0.15468	0.07896	0.03307	0.00539	0.00526	0.19683	0.51827
1.00000	0.00073	0.00154	0.00017	0.01231	0.12286	0.00322	0.00129	0.02886	0.00277	0.82624
1.00000	0.02635	0.00589	0.07172	0.07252	0.01599	0.01430	0.72818	0.02652	0.02109	0.01746
1.00000	0.04764	0.00071	0.15668	0.05550	0.01410	0.00629	0.01549	0.00365	0.67682	0.02310
1.00000	0.10399	0.00084	0.80749	0.01393	0.00096	0.00358	0.02589	0.00740	0.03141	0.00452
1.00000	0.60791	0.00147	0.07622	0.05517	0.00594	0.08073	0.11052	0.01482	0.03178	0.01545
1.00000	0.00990	0.03128	0.01756	0.13077	0.00267	0.00782	0.00211	0.01171	0.75015	0.03604
1.00000	0.06260	0.00423	0.00362	0.01358	0.00110	0.89614	0.00474	0.00035	0.01334	0.00030
1.00000	0.00046	0.00140	0.00577	0.01103	0.66029	0.01814	0.01283	0.04184	0.02609	0.22214
1.00000	0.02255	0.00015	0.01195	0.00009	0.00422	0.00293	0.95580	0.00014	0.00151	0.00065
1.00000	0.01546	0.01056	0.05858	0.01306	0.56375	0.01136	0.03652	0.05367	0.03846	0.19857
1.00000	0.00222	0.00022	0.00105	0.01478	0.00036	0.00058	0.00111	0.97643	0.00024	0.00300
1.00000	0.01512	0.00802	0.01464	0.71770	0.00181	0.01144	0.00553	0.02700	0.12112	0.07762
1.00000	0.00389	0.00384	0.01580	0.00249	0.00457	0.00402	0.00878	0.00601	0.93603	0.01455
0.00000	0.01051	0.00145	0.36137	0.11195	0.00420	0.00358	0.00508	0.07696	0.40443	0.02046
1.00000	0.30987	0.02330	0.15261	0.01330	0.17894	0.00922	0.16393	0.05578	0.02194	0.07111
1.00000	0.00151	0.00308	0.01791	0.69659	0.00532	0.08755	0.00901	0.00540	0.07743	0.09620
1.00000	0.05722	0.00222	0.02694	0.00942	0.01006	0.09434	0.74993	0.00063	0.04290	0.00634
1.00000	0.00203	0.85797	0.07252	0.00425	0.03983	0.00109	0.00269	0.01364	0.00487	0.00111
1.00000	0.00926	0.00371	0.01513	0.77904	0.00120	0.08032	0.00282	0.00985	0.09611	0.00255
1.00000	0.16275	0.00069	0.03160	0.23182	0.00520	0.04241	0.00697	0.00356	0.48161	0.03340
1.00000	0.04640	0.00187	0.08943	0.04083	0.00820	0.01622	0.01662	0.00505	0.67442	0.10096
1.00000	0.02455	0.00431	0.00723	0.01603	0.01795	0.90421	0.00542	0.00218	0.00415	0.01397
0.00000	0.10074	0.01657	0.15929	0.29614	0.01812	0.05429	0.02083	0.05760	0.17658	0.09984
1.00000	0.05035	0.00998	0.01840	0.73404	0.00541	0.01071	0.00688	0.00132	0.15532	0.00758
1.00000	0.28167	0.01303	0.07349	0.49964	0.00160	0.01886	0.05579	0.01038	0.04263	0.00291
1.00000	0.00263	0.00049	0.00355	0.01451	0.70464	0.00935	0.07514	0.03789	0.05177	0.10003
1.00000	0.00367	0.01813	0.09213	0.65993	0.00105	0.01119	0.00780	0.00470	0.19845	0.00294
0.00000	0.01253	0.00715	0.39227	0.18111	0.03944	0.01259	0.10176	0.12757	0.04969	0.07589
1.00000	0.07052	0.00640	0.07044	0.09505	0.01463	0.04676	0.02826	0.03526	0.51683	0.11584
1.00000	0.01385	0.00307	0.08990	0.18864	0.01688	0.05625	0.00162	0.01904	0.59444	0.01629
1.00000	0.94991	0.00007	0.00088	0.00128	0.00063	0.01024	0.02986	0.00084	0.00512	0.00117
1.00000	0.01543	0.00172	0.00506	0.14351	0.00263	0.78954	0.00047	0.00704	0.01050	0.02410
1.00000	0.00740	0.00211	0.05157	0.92424	0.00093	0.00353	0.00030	0.00128	0.00843	0.00022
1.00000	0.00780	0.00165	0.01837	0.00064	0.71896	0.04272	0.05061	0.07916	0.02924	0.05086
1.00000	0.00151	0.01154	0.05646	0.00757	0.80084	0.02186	0.03643	0.00872	0.00693	0.04813
1.00000	0.00104	0.00060	0.00093	0.01025	0.00931	0.00291	0.00132	0.02713	0.02670	0.91981
1.00000	0.01346	0.00160	0.00348	0.02060	0.17085	0.20934	0.01896	0.15746	0.05873	0.34552
1.00000	0.01377	0.00119	0.14237	0.77985	0.00054	0.00381	0.00845	0.00242	0.04616	0.00144
1.00000	0.00192	0.00080	0.01414	0.04195	0.05429	0.01037	0.00904	0.02183	0.09045	0.75520
1.00000	0.04856	0.00480	0.01673	0.03163	0.03041	0.18644	0.01186	0.00388	0.54541	0.12029
1.00000	0.00072	0.00066	0.00037	0.00258	0.10240	0.00139	0.00602	0.00505	0.00643	0.87439
1.00000	0.02062	0.00155	0.01668	0.09498	0.00912	0.02656	0.01244	0.00509	0.69880	0.11417
1.00000	0.89926	0.00229	0.00833	0.00942	0.00163	0.00470	0.05028	0.00353	0.01963	0.00094
1.00000	0.00654	0.76705	0.13032	0.02266	0.00798	0.01216	0.00503	0.00852	0.03577	0.00397
1.00000	0.00635	0.00240	0.01329	0.55084	0.00515	0.02423	0.00056	0.00791	0.32400	0.06527
1.00000	0.90903	0.00026	0.00612	0.02259	0.00244	0.01856	0.03663	0.00029	0.00357	0.00050
1.00000	0.00896	0.00574	0.59677	0.01624	0.23452	0.01115	0.03011	0.01745	0.02992	0.04914
1.00000	0.02043	0.00123	0.00395	0.03295	0.11469	0.00521	0.00205	0.06088	0.12246	0.63614
1.00000	0.00202	0.00093	0.00183	0.00320	0.02134	0.00390	0.00109	0.87074	0.00175	0.09322
1.00000	0.03362	0.00268	0.01671	0.06840	0.00488	0.03355	0.10614	0.00039	0.72859	0.00505
1.00000	0.15455	0.00249	0.00752	0.03089	0.04936	0.07107	0.00471	0.58848	0.02578	0.06515
1.00000	0.94016	0.00327	0.00238	0.00131	0.00013	0.00174	0.03754	0.00355	0.00928	0.00063
1.00000	0.00137	0.00633	0.00538	0.05003	0.07878	0.01078	0.00092	0.12994	0.03745	0.67902
1.00000	0.04138	0.00064	0.17277	0.01783	0.02316	0.00721	0.69279	0.00312	0.02815	0.01295
1.00000	0.00070	0.04888	0.01144	0.02200	0.00283	0.00343	0.00183	0.87629	0.00240	0.03020
1.00000	0.00263	0.00075	0.00566	0.00214	0.87163	0.02138	0.02646	0.01084	0.00351	0.05501
1.00000	0.01203	0.00028	0.00084	0.01322	0.01368	0.00999	0.00118	0.80628	0.00656	0.13594
1.00000	0.02650	0.34543	0.25829	0.06193	0.03261	0.00614	0.01502	0.06606	0.18089	0.00713
1.00000	0.00028	0.00109	0.00080	0.00681	0.05480	0.01166	0.00029	0.00635	0.10105	0.81687
1.00000	0.00715	0.00515	0.51458	0.33466	0.00076	0.02360	0.02804	0.07681	0.00720	0.00205
1.00000	0.21792	0.00530	0.41790	0.08083	0.02125	0.13296	0.04373	0.02435	0.02158	0.03420
1.00000	0.00442	0.00047	0.80090	0.12970	0.00100	0.00449	0.03507	0.00198	0.02186	0.00010
1.00000	0.00688	0.89179	0.03567	0.02379	0.00638	0.00548	0.01210	0.00237	0.00539	0.01015
1.00000	0.00142	0.00114	0.08859	0.10320	0.00977	0.01618	0.01082	0.00098	0.73573	0.03218
1.00000	0.00120	0.00104	0.01362	0.92886	0.00190	0.00150	0.00012	0.00213	0.04467	0.00495
1.00000	0.00761	0.00101	0.01218	0.90544	0.00207	0.01120	0.00106	0.00256	0.05638	0.00050
1.00000	0.00056	0.00174	0.01210	0.93669	0.00032	0.02791	0.00011	0.00155	0.01879	0.00022
1.00000	0.00589	0.00013	0.00165	0.00807	0.00630	0.00899	0.00170	0.90912	0.00225	0.05589
1.00000	0.54136	0.00121	0.02474	0.22890	0.00317	0.07071	0.08502	0.03336	0.00681	0.00471
1.00000	0.15501	0.00269	0.02094	0.01445	0.14028	0.05247	0.09832	0.11690	0.13097	0.26797
1.00000	0.39595	0.00419	0.10810	0.00278	0.09362	0.01430	0.14870	0.09724	0.01871	0.11640
1.00000	0.01094	0.00217	0.01434	0.51005	0.00329	0.01206	0.01021	0.00665	0.34261	0.08769
1.00000	0.00120	0.93372	0.03844	0.01073	0.00037	0.00125	0.00277	0.00507	0.00292	0.00353
1.00000	0.02180	0.01226	0.01101	0.65270	0.00159	0.24063	0.00297	0.01651	0.03558	0.00495
1.00000	0.00903	0.01450	0.01097	0.01790	0.13957	0.10820	0.01708	0.64725	0.00373	0.03176
1.00000	0.08016	0.00535	0.00603	0.13425	0.00356	0.67104	0.00912	0.00038	0.08291	0.00721
1.00000	0.08117	0.30003	0.08460	0.06023	0.01050	0.37579	0.06836	0.00689	0.00882	0.00360
1.00000	0.01355	0.00148	0.00756	0.06872	0.02121	0.01126	0.00527	0.03714	0.68384	0.14996
1.00000	0.01020	0.03952	0.01965	0.03225	0.09348	0.01543	0.00526	0.65121	0.00610	0.12691
1.00000	0.03830	0.00309	0.00649	0.08172	0.00225	0.01899	0.00347	0.02574	0.73366	0.08629
1.00000	0.00283	0.05815	0.04414	0.02951	0.69807	0.01438	0.00913	0.04194	0.02398	0.07786
1.00000	0.01965	0.00815	0.00396	0.09688	0.00121	0.82952	0.00224	0.00512	0.02863	0.00464
1.00000	0.03818	0.00144	0.00744	0.00482	0.82383	0.00935	0.02638	0.04706	0.03887	0.00263
1.00000	0.00707	0.01649	0.79124	0.01197	0.09362	0.01259	0.01508	0.00584	0.04075	0.00535
1.00000	0.00205	0.01771	0.01212	0.04950	0.11552	0.00373	0.00404	0.07753	0.08704	0.63076
1.00000	0.00209	0.88900	0.04005	0.01700	0.02235	0.00211	0.00180	0.01931	0.00088	0.00542
1.00000	0.00165	0.00377	0.00235	0.00167	0.67366	0.03025	0.00268	0.00365	0.00216	0.27817
1.00000	0.00330	0.00759	0.04708	0.14703	0.00078	0.01355	0.00923	0.00264	0.69310	0.07570
1.00000	0.00045	0.00090	0.00073	0.00527	0.04054	0.00433	0.00045	0.02398	0.00648	0.91688
1.00000	0.06153	0.03691	0.00994	0.11209	0.00207	0.55456	0.00092	0.07882	0.10676	0.03640
0.00000	0.00391	0.11098	0.02456	0.29693	0.08476	0.21098	0.03142	0.05202	0.02267	0.16177
1.00000	0.03139	0.00218	0.00444	0.00362	0.00117	0.00138	0.00085	0.00277	0.92938	0.02282
1.00000	0.04222	0.00217	0.20902	0.22578	0.00134	0.01384	0.01757	0.00117	0.48619	0.00070
1.00000	0.78994	0.00463	0.01712	0.05289	0.00831	0.04594	0.04145	0.00552	0.02643	0.00776
1.00000	0.00384	0.01405	0.07381	0.11703	0.05838	0.30837	0.29245	0.00121	0.07277	0.05810
1.00000	0.09417	0.01192	0.50110	0.13227	0.02368	0.03286	0.06893	0.01996	0.10665	0.00846
1.00000	0.16890	0.00311	0.00644	0.03523	0.00860	0.15578	0.56052	0.00064	0.05325	0.00753
1.00000	0.04005	0.01021	0.05746	0.13818	0.00899	0.01493	0.00320	0.64244	0.06667	0.01787
1.00000	0.00439	0.01038	0.00964	0.72839	0.01007	0.08518	0.00804	0.04995	0.03716	0.05678
1.00000	0.00018	0.00091	0.00033	0.00617	0.04765	0.01310	0.01052	0.00277	0.05182	0.86655
1.00000	0.00156	0.00026	0.95206	0.02410	0.00143	0.00998	0.00422	0.00152	0.00384	0.00103
1.00000	0.00681	0.00366	0.01564	0.08097	0.00039	0.00307	0.00164	0.00317	0.86774	0.01690
1.00000	0.02007	0.01517	0.00765	0.01218	0.02993	0.70934	0.06105	0.01269	0.06264	0.06927
1.00000	0.02519	0.00482	0.14231	0.08790	0.05705	0.08171	0.08403	0.16031	0.19463	0.16204
1.00000	0.00048	0.02072	0.00103	0.01002	0.11263	0.01326	0.00238	0.03420	0.01758	0.78771
1.00000	0.00229	0.00049	0.91389	0.01041	0.00024	0.00071	0.01698	0.04827	0.00656	0.00015
1.00000	0.00305	0.00031	0.01915	0.00670	0.00667	0.00302	0.93825	0.00244	0.00836	0.01207
1.00000	0.00122	0.00574	0.00246	0.00522	0.08481	0.00356	0.00135	0.05388	0.00596	0.83579
1.00000	0.00341	0.00446	0.84881	0.03234	0.02506	0.00327	0.02577	0.04626	0.00256	0.00807
1.00000	0.93573	0.00036	0.02038	0.00635	0.00025	0.01566	0.00856	0.00352	0.00710	0.00209
1.00000	0.06006	0.05261	0.14588	0.02873	0.03434	0.13891	0.49110	0.00171	0.03521	0.01144
0.00000	0.01175	0.00137	0.07027	0.22422	0.00506	0.00950	0.00852	0.00457	0.55529	0.10946
1.00000	0.93360	0.00090	0.00542	0.01106	0.00191	0.01188	0.01063	0.00282	0.02077	0.00101
1.00000	0.26288	0.00387	0.12683	0.01169	0.01513	0.11672	0.39394	0.00286	0.06443	0.00166
1.00000	0.36540	0.01628	0.01228	0.09464	0.01520	0.30304	0.02405	0.06761	0.02519	0.07632
1.00000	0.02854	0.01740	0.04206	0.69620	0.00116	0.16762	0.02269	0.00221	0.02047	0.00165
1.00000	0.00018	0.00115	0.91928	0.02044	0.00036	0.00412	0.03212	0.01662	0.00483	0.00090
1.00000	0.00414	0.00009	0.01114	0.00385	0.00082	0.00114	0.96819	0.00027	0.00866	0.00170
1.00000	0.00150	0.01831	0.01956	0.05258	0.12343	0.07069	0.01651	0.05793	0.03407	0.60543
1.00000	0.00413	0.00622	0.01001	0.02852	0.00740	0.00316	0.00081	0.91431	0.00111	0.02434
1.00000	0.00119	0.00029	0.00127	0.00321	0.04102	0.00182	0.02131	0.03608	0.00873	0.88508
1.00000	0.74945	0.00577	0.01021	0.08910	0.00298	0.08772	0.00469	0.00508	0.03641	0.00858
1.00000	0.00745	0.00023	0.00155	0.00723	0.03302	0.00548	0.01355	0.20011	0.05762	0.67376
0.00000	0.14388	0.00374	0.05336	0.44490	0.00991	0.01081	0.02990	0.00737	0.27066	0.02546
1.00000	0.03446	0.00212	0.02751	0.01229	0.02075	0.03163	0.00866	0.04783	0.64177	0.17297
1.00000	0.00099	0.00042	0.17396	0.01091	0.09112	0.00281	0.70722	0.00274	0.00375	0.00608
1.00000	0.00203	0.00334	0.00569	0.01874	0.06136	0.03997	0.00388	0.66740	0.01653	0.18106
1.00000	0.21478	0.00165	0.00595	0.12503	0.00903	0.53422	0.00917	0.00338	0.08790	0.00889
1.00000	0.82333	0.00036	0.01624	0.01402	0.00148	0.07158	0.05013	0.00174	0.01995	0.00116
1.00000	0.00197	0.86403	0.08937	0.01170	0.01369	0.00472	0.00531	0.00477	0.00309	0.00133
0.00000	0.28186	0.00236	0.06450	0.29248	0.00191	0.19592	0.04820	0.02602	0.08217	0.00458
1.00000	0.01676	0.00462	0.77923	0.01522	0.04414	0.00529	0.04286	0.00970	0.01664	0.06554
1.00000	0.08050	0.00135	0.00246	0.01287	0.00047	0.77917	0.00428	0.00043	0.11734	0.00112
1.00000	0.03039	0.00230	0.02364	0.01267	0.55514	0.02481	0.02864	0.04045	0.01155	0.27041
1.00000	0.00102	0.00405	0.05654	0.05309	0.13436	0.02021	0.02071	0.61820	0.00502	0.08680
1.00000	0.02500	0.00653	0.45319	0.21779	0.00569	0.01270	0.01795	0.06889	0.17038	0.02187
1.00000	0.00714	0.00043	0.05087	0.13266	0.00779	0.00715	0.00652	0.00206	0.74629	0.03910
1.00000	0.00592	0.00007	0.00372	0.00071	0.00041	0.00147	0.96233	0.00006	0.02284	0.00248
1.00000	0.08766	0.00114	0.05431	0.03064	0.06184	0.00235	0.48964	0.00318	0.16954	0.09970
1.00000	0.00170	0.96364	0.01076	0.00389	0.00824	0.00109	0.00683	0.00155	0.00046	0.00183
0.00000	0.48884	0.01074	0.13037	0.09065	0.00797	0.05233	0.02959	0.05653	0.08438	0.04860
1.00000	0.00091	0.00185	0.00250	0.00595	0.00096	0.00069	0.00138	0.98093	0.00071	0.00411
1.00000	0.00852	0.00983	0.59012	0.03177	0.12390	0.00691	0.08544	0.03392	0.04100	0.06859
0.00000	0.19017	0.00444	0.19259	0.28533	0.00213	0.00782	0.05476	0.00129	0.24957	0.01191
1.00000	0.10657	0.01372	0.07918	0.10717	0.00578	0.40887	0.04636	0.01749	0.20345	0.01141
1.00000	0.00059	0.00017	0.00063	0.01635	0.00142	0.00224	0.00048	0.96798	0.00509	0.00506
1.00000	0.09743	0.00261	0.02210	0.06243	0.00955	0.08893	0.67388	0.00220	0.02367	0.01720
1.00000	0.84492	0.00120	0.02573	0.02290	0.00068	0.00737	0.07399	0.01339	0.00915	0.00067
1.00000	0.01676	0.00292	0.01540	0.66259	0.00322	0.15437	0.01911	0.00103	0.08252	0.04208
1.00000	0.00027	0.00046	0.00037	0.00287	0.82124	0.00136	0.00485	0.05357	0.00574	0.10926
1.00000	0.00655	0.00308	0.95846	0.00609	0.00610	0.00153	0.00814	0.00217	0.00670	0.00117
1.00000	0.02448	0.00145	0.00418	0.01397	0.48464	0.06579	0.08089	0.08939	0.13397	0.10125
1.00000	0.03644	0.00396	0.01785	0.28738	0.00143	0.55845	0.00350	0.00190	0.06762	0.02148
1.00000	0.00839	0.69817	0.08384	0.03576	0.00620	0.04223	0.09654	0.00231	0.01688	0.00969
1.00000	0.00349	0.04299	0.02691	0.05130	0.25871	0.02890	0.00464	0.36334	0.01935	0.20038
1.00000	0.00548	0.00331	0.29105	0.09472	0.01184	0.02819	0.10201	0.00897	0.42581	0.02860
1.00000	0.72533	0.00280	0.16030	0.00926	0.01028	0.01080	0.05587	0.01197	0.00996	0.00344
1.00000	0.00095	0.93691	0.03075	0.01472	0.00268	0.00182	0.00362	0.00234	0.00184	0.00438
1.00000	0.02621	0.00379	0.05327	0.03484	0.80561	0.00903	0.01312	0.00667	0.00330	0.04418
1.00000	0.00086	0.00161	0.00104	0.00439	0.91582	0.00715	0.00269	0.03781	0.00482	0.02380
1.00000	0.05828	0.00434	0.00688	0.01762	0.01381	0.72243	0.00196	0.01068	0.14468	0.01931
1.00000	0.01200	0.00294	0.00290	0.03364	0.01856	0.42502	0.00138	0.22065	0.23947	0.04344
1.00000	0.00026	0.00066	0.00222	0.00521	0.08116	0.00215	0.00270	0.00488	0.00693	0.89383
1.00000	0.79136	0.00097	0.04826	0.03579	0.00658	0.00587	0.03426	0.00591	0.02725	0.04377
1.00000	0.01270	0.00175	0.92600	0.00537	0.00115	0.00166	0.03415	0.00053	0.01619	0.00049
1.00000	0.00576	0.76156	0.03055	0.08313	0.01125	0.01852	0.01862	0.01021	0.03457	0.02584
1.00000	0.00732	0.00051	0.01463	0.00326	0.80359	0.00224	0.11216	0.04048	0.00435	0.01147
1.00000	0.84859	0.00053	0.00791	0.00660	0.00220	0.00565	0.05324	0.01636	0.02823	0.03069
1.00000	0.00103	0.00027	0.00657	0.01589	0.01292	0.00306	0.00060	0.92874	0.00130	0.02963
1.00000	0.03331	0.01648	0.16385	0.02704	0.06030	0.02297	0.10954	0.02093	0.45699	0.08859
0.00000	0.04543	0.00162	0.00488	0.28882	0.02451	0.14454	0.01013	0.02419	0.19264	0.26324
0.00000	0.03211	0.24710	0.06170	0.08100	0.03506	0.16568	0.00367	0.21620	0.09666	0.06080
1.00000	0.01746	0.00755	0.03076	0.01044	0.16135	0.01936	0.01919	0.01150	0.11773	0.60467
1.00000	0.14606	0.00189	0.00667	0.23449	0.01006	0.26851	0.01411	0.01291	0.25433	0.05096
0.00000	0.03748	0.01242	0.01654	0.37958	0.03148	0.08103	0.13328	0.00469	0.18780	0.11569
1.00000	0.00117	0.00028	0.00437	0.00136	0.89703	0.01066	0.03570	0.00241	0.00219	0.04483
1.00000	0.00064	0.00116	0.01633	0.05413	0.09576	0.00330	0.03781	0.67156	0.00256	0.11675
1.00000	0.00601	0.89770	0.01853	0.02955	0.01728	0.00218	0.00488	0.01656	0.00183	0.00549
1.00000	0.00601	0.00304	0.00224	0.00408	0.01293	0.05722	0.00133	0.87704	0.00722	0.02888
1.00000	0.00665	0.01978	0.01402	0.02757	0.01077	0.00379	0.00189	0.87143	0.02849	0.01560
1.00000	0.01440	0.08546	0.56901	0.17050	0.00181	0.02243	0.05842	0.01148	0.06544	0.00105
1.00000	0.00107	0.00036	0.99173	0.00310	0.00045	0.00019	0.00025	0.00144	0.00135	0.00005
1.00000	0.00110	0.95546	0.02363	0.00414	0.00291	0.00209	0.00343	0.00354	0.00052	0.00316
1.00000	0.00050	0.93575	0.03461	0.00813	0.01001	0.00105	0.00126	0.00641	0.00083	0.00144
1.00000	0.00056	0.00105	0.00298	0.00959	0.10031	0.02039	0.00260	0.00791	0.02716	0.82744
1.00000	0.00304	0.93935	0.01545	0.00343	0.00448	0.00654	0.00892	0.00482	0.00088	0.01311
1.00000	0.60593	0.00623	0.06084	0.00502	0.02083	0.02252	0.15085	0.09207	0.01667	0.01904
1.00000	0.00225	0.00036	0.01429	0.00529	0.00046	0.00163	0.00160	0.00162	0.95790	0.01460
1.00000	0.88230	0.00023	0.00403	0.00864	0.00336	0.06254	0.02397	0.00741	0.00462	0.00290
1.00000	0.00026	0.00074	0.00145	0.00145	0.96811	0.01399	0.00443	0.00102	0.00112	0.00743
1.00000	0.00284	0.02960	0.01697	0.03532	0.67838	0.01724	0.01524	0.00209	0.03050	0.17183
1.00000	0.09961	0.00172	0.60279	0.09433	0.02590	0.08811	0.05392	0.00213	0.02184	0.00964
1.00000	0.01014	0.00094	0.02765	0.78724	0.00090	0.02969	0.00145	0.00414	0.13148	0.00637
1.00000	0.00094	0.00058	0.00175	0.02915	0.00061	0.00096	0.00282	0.95747	0.00399	0.00171
1.00000	0.79194	0.00093	0.01723	0.03766	0.00166	0.05345	0.05941	0.00591	0.02598	0.00585
1.00000	0.00170	0.00006	0.00350	0.00005	0.00055	0.00094	0.99189	0.00003	0.00047	0.00081
1.00000	0.00224	0.00111	0.00168	0.01318	0.74078	0.01951	0.00355	0.00210	0.01957	0.19630
1.00000	0.00125	0.01784	0.04045	0.09941	0.02820	0.00399	0.00070	0.78954	0.00824	0.01037
1.00000	0.02944	0.01014	0.19252	0.16119	0.00580	0.00272	0.00575	0.01599	0.56281	0.01364
1.00000	0.00168	0.91944	0.04248	0.00553	0.01052	0.00475	0.00309	0.00587	0.00223	0.00441
1.00000	0.03775	0.08813	0.14003	0.48570	0.00498	0.08245	0.00532	0.00871	0.11262	0.03430
1.00000	0.00103	0.00228	0.05775	0.55024	0.00031	0.00619	0.00027	0.01652	0.35760	0.00782
1.00000	0.02200	0.00995	0.78573	0.04809	0.00495	0.00881	0.04925	0.01200	0.05784	0.00138
1.00000	0.02194	0.00395	0.81927	0.00797	0.00226	0.00634	0.13555	0.00055	0.00121	0.00096
0.00000	0.04354	0.00326	0.37994	0.12985	0.00367	0.01220	0.01090	0.01008	0.40507	0.00150
1.00000	0.91533	0.00018	0.00634	0.01421	0.00041	0.00833	0.05223	0.00035	0.00194	0.00067
1.00000	0.00599	0.00046	0.88701	0.01102	0.02177	0.00564	0.05059	0.00597	0.00253	0.00901
1.00000	0.04103	0.00207	0.01621	0.90211	0.00056	0.02037	0.00115	0.01040	0.00443	0.00166
1.00000	0.02305	0.00139	0.10802	0.16375	0.00660	0.07579	0.02039	0.01276	0.56842	0.01984
1.00000	0.04046	0.00101	0.07445	0.00379	0.02528	0.00495	0.84720	0.00068	0.00108	0.00110
1.00000	0.00016	0.00884	0.00385	0.00826	0.06278	0.00852	0.00089	0.01130	0.04264	0.85275
1.00000	0.03128	0.13769	0.06290	0.26843	0.01734	0.12412	0.00955	0.14347	0.08438	0.12085
1.00000	0.00163	0.00425	0.08140	0.02098	0.15796	0.00698	0.68190	0.01208	0.01286	0.01996
1.00000	0.02631	0.00356	0.03545	0.06198	0.00274	0.03653	0.00228	0.00233	0.81197	0.01684
1.00000	0.00279	0.00228	0.03723	0.06805	0.00060	0.80288	0.02971	0.00499	0.05124	0.00024
0.00000	0.02209	0.02110	0.17838	0.06868	0.22771	0.02046	0.23397	0.00198	0.19694	0.02867
1.00000	0.01259	0.00035	0.00593	0.00563	0.13077	0.00190	0.00841	0.00204	0.03257	0.79981
1.00000	0.00219	0.02448	0.00290	0.00968	0.05033	0.05335	0.00115	0.70313	0.00259	0.15021
1.00000	0.02206	0.13936	0.61675	0.07419	0.00121	0.01420	0.10171	0.00632	0.02296	0.00125
1.00000	0.00035	0.00452	0.00093	0.00422	0.00799	0.00382	0.00105	0.95715	0.00058	0.01939
1.00000	0.05028	0.00174	0.03605	0.04130	0.00270	0.00242	0.01177	0.01804	0.80351	0.03220
0.00000	0.00283	0.00061	0.00342	0.39483	0.00387	0.07067	0.00087	0.01759	0.44369	0.06162
1.00000	0.05192	0.00229	0.04849	0.06304	0.00447	0.55581	0.03791	0.00369	0.23041	0.00197
1.00000	0.59611	0.00327	0.05760	0.04416	0.00542	0.02107	0.16800	0.01181	0.06200	0.03055
1.00000	0.01321	0.05761	0.25578	0.14378	0.00888	0.00145	0.00229	0.35845	0.14910	0.00945
1.00000	0.00075	0.00251	0.00054	0.00460	0.75308	0.00635	0.00114	0.00213	0.00493	0.22396
1.00000	0.00640	0.00013	0.00568	0.00166	0.02682	0.00124	0.03656	0.00776	0.04989	0.86386
1.00000	0.02162	0.04017	0.05077	0.66109	0.02676	0.11262	0.01705	0.00448	0.05571	0.00972
1.00000	0.10659	0.00144	0.00527	0.23504	0.00288	0.54553	0.00193	0.00506	0.09408	0.00218
1.00000	0.00117	0.00387	0.00122	0.00453	0.82576	0.06682	0.00527	0.05779	0.00575	0.02783
1.00000	0.03853	0.00965	0.18525	0.44088	0.00520	0.03151	0.04683	0.00540	0.22292	0.01383
1.00000	0.90425	0.00033	0.00682	0.05658	0.00121	0.00589	0.01305	0.00074	0.00846	0.00267
1.00000	0.00215	0.00300	0.75997	0.15445	0.00112	0.01092	0.04529	0.00830	0.01389	0.00092
1.00000	0.08162	0.00107	0.17677	0.01281	0.12099	0.03701	0.10879	0.02753	0.03146	0.40195
1.00000	0.19926	0.00303	0.01639	0.68203	0.00435	0.02710	0.01707	0.00383	0.04288	0.00405
1.00000	0.00086	0.96102	0.02521	0.00220	0.00331	0.00081	0.00213	0.00225	0.00044	0.00175
1.00000	0.09642	0.00053	0.03393	0.00236	0.00206	0.12135	0.73719	0.00026	0.00284	0.00307
1.00000	0.00137	0.00042	0.00016	0.00362	0.04887	0.01969	0.00060	0.00709	0.00738	0.91079
1.00000	0.00165	0.84640	0.02994	0.02709	0.03267	0.00283	0.00767	0.00817	0.00745	0.03613
1.00000	0.00128	0.00348	0.00092	0.03724	0.07749	0.00453	0.00100	0.08373	0.02643	0.76390
1.00000	0.04682	0.00365	0.01826	0.88342	0.00023	0.02723	0.00270	0.00094	0.01559	0.00116
0.00000	0.59805	0.01164	0.09648	0.14774	0.00144	0.03246	0.02895	0.06811	0.01124	0.00389
1.00000	0.00258	0.00051	0.01297	0.00109	0.76689	0.01513	0.09914	0.01389	0.00267	0.08512
1.00000	0.00219	0.00418	0.00039	0.00627	0.66935	0.05361	0.00156	0.03169	0.00496	0.22581
1.00000	0.01036	0.01128	0.04218	0.86326	0.00061	0.03302	0.00085	0.02076	0.01480	0.00287
1.00000	0.86841	0.00091	0.00398	0.05697	0.00688	0.02302	0.00922	0.00603	0.00371	0.02087
1.00000	0.02711	0.00629	0.04134	0.00495	0.69336	0.01383	0.10576	0.00994	0.01207	0.08534
1.00000	0.05435	0.00053	0.00281	0.00220	0.78600	0.01744	0.03972	0.01030	0.00668	0.07997
1.00000	0.00728	0.73447	0.07402	0.06779	0.01475	0.01244	0.00261	0.06739	0.01101	0.00824
1.00000	0.08281	0.00343	0.01156	0.48391	0.00215	0.06030	0.01019	0.02301	0.22069	0.10195
1.00000	0.57935	0.00218	0.09425	0.10341	0.00175	0.09852	0.06062	0.01557	0.01160	0.03277
1.00000	0.00042	0.00131	0.00050	0.00786	0.06824	0.01784	0.00104	0.00851	0.00707	0.88721
1.00000	0.00108	0.00057	0.00097	0.01068	0.15750	0.00746	0.00120	0.00544	0.04340	0.77171
1.00000	0.02273	0.04043	0.15467	0.01837	0.00528	0.08716	0.65309	0.00057	0.01319	0.00449
1.00000	0.00598	0.00108	0.17986	0.10028	0.00069	0.00405	0.00573	0.00122	0.69978	0.00133
1.00000	0.00569	0.01797	0.64887	0.18447	0.00688	0.01595	0.02243	0.08155	0.01102	0.00518
1.00000	0.00572	0.01080	0.00543	0.24749	0.07915	0.19137	0.01524	0.02863	0.04175	0.37441
1.00000	0.00733	0.15161	0.02308	0.03334	0.30608	0.00768	0.00981	0.32059	0.00618	0.13430
1.00000	0.09385	0.00467	0.03027	0.23102	0.00283	0.48088	0.05672	0.00315	0.09495	0.00165
1.00000	0.00641	0.00986	0.16210	0.13888	0.15534	0.01632	0.04653	0.23541	0.12068	0.10847
1.00000	0.02912	0.02407	0.03321	0.02910	0.00731	0.01174	0.00492	0.00743	0.82594	0.02715
1.00000	0.01025	0.00817	0.04102	0.07243	0.09516	0.01073	0.01911	0.07208	0.20462	0.46643
1.00000	0.03751	0.00335	0.68717	0.08361	0.03037	0.01804	0.04386	0.00721	0.06668	0.02219
1.00000	0.02017	0.00440	0.00894	0.00146	0.03348	0.85770	0.02268	0.00078	0.02943	0.02095
1.00000	0.00828	0.00056	0.92198	0.00825	0.00449	0.01410	0.01660	0.00801	0.00250	0.01524
1.00000	0.10639	0.01183	0.02777	0.59764	0.00169	0.19646	0.00538	0.02046	0.02533	0.00706
1.00000	0.03079	0.00257	0.06215	0.02113	0.00853	0.07967	0.05283	0.04533	0.60342	0.09358
0.00000	0.03431	0.00251	0.35896	0.15446	0.00324	0.01035	0.01487	0.00454	0.40565	0.01112
1.00000	0.00419	0.00161	0.05296	0.78034	0.00034	0.00795	0.00130	0.00850	0.14114	0.00168
1.00000	0.00071	0.00099	0.00463	0.01694	0.07416	0.01061	0.00096	0.00303	0.11640	0.77156
1.00000	0.00050	0.00007	0.01286	0.00022	0.00133	0.00079	0.98336	0.00002	0.00026	0.00060
1.00000	0.00260	0.01636	0.00505	0.05735	0.03569	0.00756	0.00854	0.83366	0.00432	0.02886
1.00000	0.94439	0.00208	0.00494	0.00395	0.00233	0.01040	0.02863	0.00191	0.00084	0.00053
1.00000	0.89555	0.00141	0.00146	0.03095	0.00057	0.01139	0.03155	0.02181	0.00388	0.00144
1.00000	0.00521	0.00053	0.02600	0.00456	0.07127	0.75209	0.04994	0.00839	0.06874	0.01326
1.00000	0.02016	0.00103	0.72718	0.02228	0.00114	0.00363	0.21024	0.00063	0.01356	0.00015
1.00000	0.03681	0.00900	0.11509	0.81920	0.00134	0.00648	0.00111	0.00053	0.01021	0.00022
1.00000	0.01116	0.00585	0.64407	0.03282	0.01840	0.00474	0.03303	0.02684	0.14949	0.07358
1.00000	0.00691	0.00136	0.00165	0.00398	0.00880	0.71759	0.00930	0.00116	0.23246	0.01678
1.00000	0.00389	0.83909	0.02965	0.02880	0.02089	0.03338	0.01425	0.00229	0.01138	0.01639
1.00000	0.68743	0.00216	0.03517	0.02137	0.01561	0.00673	0.17391	0.01858	0.01118	0.02787
1.00000	0.01015	0.00998	0.21600	0.30506	0.00366	0.01085	0.00158	0.42262	0.01713	0.00296
1.00000	0.00877	0.00121	0.04306	0.00339	0.01116	0.00465	0.01009	0.00862	0.89291	0.01613
0.00000	0.00118	0.00999	0.00785	0.00474	0.22733	0.00372	0.02308	0.01653	0.01421	0.69136
1.00000	0.06844	0.00129	0.01019	0.00149	0.56982	0.01421	0.02596	0.02626	0.01312	0.26922
1.00000	0.00671	0.00934	0.46955	0.18928	0.00191	0.00211	0.00951	0.00490	0.30498	0.00170
1.00000	0.02427	0.02738	0.81744	0.01665	0.01467	0.00430	0.07012	0.00136	0.02254	0.00127
1.00000	0.00143	0.01557	0.12422	0.25985	0.00991	0.03662	0.01348	0.01086	0.41821	0.10985
