1.00000	0.00029	0.97548	0.00500	0.00075	0.00489	0.00085	0.00363	0.00503	0.00033	0.00376
1.00000	0.00119	0.00800	0.00465	0.00222	0.01135	0.00107	0.00022	0.95994	0.00120	0.01016
1.00000	0.89675	0.00079	0.01236	0.02064	0.00054	0.01681	0.01239	0.00274	0.02123	0.01574
1.00000	0.02157	0.01001	0.00154	0.01975	0.01468	0.84508	0.00952	0.00400	0.05392	0.01995
1.00000	0.00095	0.00389	0.00165	0.00144	0.87317	0.04445	0.00181	0.02532	0.00166	0.04567
1.00000	0.00181	0.07436	0.00482	0.00636	0.28937	0.05204	0.00268	0.37027	0.01326	0.18503
1.00000	0.01546	0.00032	0.00008	0.00874	0.00514	0.95397	0.00916	0.00060	0.00286	0.00367
1.00000	0.10374	0.01756	0.39630	0.06491	0.08669	0.05028	0.20095	0.04587	0.00737	0.02633
0.00000	0.00070	0.00258	0.01783	0.00217	0.21151	0.04180	0.00219	0.13709	0.00197	0.58216
1.00000	0.06557	0.00431	0.02139	0.04482	0.22610	0.04030	0.01446	0.08617	0.06010	0.43679
1.00000	0.00201	0.87849	0.03283	0.00266	0.01429	0.01655	0.00752	0.02805	0.00318	0.01441
1.00000	0.00193	0.00334	0.97108	0.00034	0.00717	0.00031	0.01326	0.00117	0.00047	0.00093
1.00000	0.00065	0.05590	0.00225	0.00133	0.78835	0.03983	0.00594	0.00146	0.00633	0.09796
1.00000	0.00266	0.91354	0.00392	0.00154	0.01173	0.00470	0.00299	0.03579	0.00321	0.01991
1.00000	0.00386	0.81737	0.01199	0.05429	0.00767	0.00286	0.00617	0.08130	0.01292	0.00157
1.00000	0.00668	0.00844	0.11419	0.25110	0.08199	0.08035	0.09849	0.08578	0.02307	0.24991
1.00000	0.00043	0.95167	0.00481	0.00082	0.01237	0.00240	0.00558	0.01643	0.00083	0.00465
1.00000	0.03280	0.00326	0.00941	0.01005	0.00823	0.07928	0.84824	0.00122	0.00556	0.00194
1.00000	0.00005	0.00059	0.00214	0.00014	0.98002	0.00272	0.00235	0.00058	0.00109	0.01031
1.00000	0.00169	0.00293	0.00847	0.00615	0.22130	0.04516	0.00196	0.03325	0.01569	0.66339
1.00000	0.00961	0.00060	0.00665	0.92795	0.00369	0.02779	0.00294	0.00063	0.01827	0.00185
1.00000	0.00021	0.00128	0.00103	0.00362	0.73448	0.02716	0.00242	0.00818	0.00671	0.21491
1.00000	0.00030	0.00047	0.00048	0.00100	0.08012	0.00228	0.00008	0.01544	0.00161	0.89821
1.00000	0.15882	0.02139	0.03735	0.17908	0.00763	0.04638	0.03301	0.00785	0.47922	0.02928
1.00000	0.01196	0.00044	0.00187	0.00198	0.06833	0.04533	0.00108	0.04053	0.04343	0.78504
1.00000	0.67748	0.01520	0.06786	0.03685	0.01435	0.05665	0.02643	0.01662	0.07046	0.01811
1.00000	0.00327	0.00139	0.00054	0.00211	0.00663	0.00273	0.00040	0.79768	0.00223	0.18301
1.00000	0.01586	0.00015	0.02327	0.00285	0.02105	0.00984	0.82469	0.00322	0.05356	0.04551
1.00000	0.03304	0.00939	0.08842	0.00556	0.13610	0.24543	0.10483	0.01391	0.33879	0.02452
1.00000	0.00113	0.00003	0.00650	0.00026	0.00125	0.00050	0.98895	0.00036	0.00041	0.00061
1.00000	0.00575	0.54132	0.00553	0.03653	0.09940	0.02097	0.01716	0.11987	0.13183	0.02164
1.00000	0.02660	0.00519	0.00926	0.79155	0.00331	0.10982	0.00498	0.00207	0.04666	0.00056
1.00000	0.01338	0.91531	0.01221	0.00229	0.00677	0.00851	0.00710	0.00532	0.02323	0.00589
1.00000	0.01789	0.01205	0.01544	0.01630	0.59744	0.02830	0.07791	0.01811	0.10736	0.10919
1.00000	0.00203	0.00058	0.01168	0.00018	0.00696	0.00077	0.96273	0.01236	0.00168	0.00103
1.00000	0.00343	0.06467	0.82080	0.01448	0.00179	0.02282	0.02830	0.03542	0.00345	0.00484
1.00000	0.00482	0.01623	0.00439	0.00878	0.21132	0.19657	0.02887	0.09887	0.40540	0.02476
1.00000	0.87243	0.00197	0.05066	0.00309	0.02235	0.01071	0.01222	0.02041	0.00181	0.00435
1.00000	0.00375	0.06730	0.02294	0.00181	0.56539	0.08144	0.01490	0.06047	0.00148	0.18050
1.00000	0.02517	0.01583	0.55122	0.05533	0.00732	0.00313	0.03158	0.07803	0.11201	0.12038
1.00000	0.17058	0.00762	0.03149	0.53434	0.01665	0.09895	0.02339	0.00170	0.11312	0.00215
1.00000	0.00066	0.00287	0.96712	0.00220	0.00097	0.00075	0.01659	0.00463	0.00383	0.00039
1.00000	0.99322	0.00002	0.00084	0.00017	0.00005	0.00166	0.00300	0.00005	0.00086	0.00013
1.00000	0.00089	0.00374	0.03286	0.00922	0.33380	0.05402	0.00494	0.03464	0.00994	0.51594
1.00000	0.04208	0.02441	0.55510	0.16001	0.00726	0.05042	0.01517	0.00635	0.13462	0.00456
1.00000	0.00093	0.92889	0.03471	0.00115	0.00662	0.00242	0.00946	0.00670	0.00197	0.00716
1.00000	0.02733	0.01309	0.04345	0.80864	0.02612	0.04082	0.00833	0.00643	0.02404	0.00174
1.00000	0.00855	0.03644	0.04836	0.63985	0.01498	0.05539	0.00109	0.11221	0.07832	0.00480
0.00000	0.00912	0.00710	0.00817	0.37667	0.03020	0.12712	0.00064	0.03726	0.35525	0.04847
1.00000	0.02676	0.00279	0.00646	0.04460	0.00968	0.77250	0.05052	0.00223	0.08119	0.00325
1.00000	0.04378	0.00526	0.03706	0.02763	0.41235	0.02124	0.03094	0.04556	0.26704	0.10913
1.00000	0.02892	0.00181	0.01455	0.00484	0.00521	0.02782	0.86674	0.00401	0.00373	0.04236
1.00000	0.00116	0.08959	0.05796	0.03874	0.00575	0.00129	0.00038	0.75615	0.00659	0.04238
1.00000	0.11095	0.06679	0.00411	0.00291	0.03964	0.02412	0.00705	0.67750	0.01355	0.05339
1.00000	0.02099	0.00209	0.00178	0.05039	0.00352	0.89745	0.00254	0.00238	0.01502	0.00386
1.00000	0.00369	0.03661	0.04481	0.00126	0.24819	0.04919	0.00483	0.03618	0.01074	0.56451
1.00000	0.00054	0.00219	0.01208	0.00013	0.93214	0.01107	0.00533	0.00480	0.01693	0.01479
1.00000	0.00794	0.00632	0.01183	0.00990	0.62422	0.01708	0.04901	0.14519	0.00364	0.12487
1.00000	0.82007	0.00467	0.04568	0.03546	0.00351	0.02673	0.01402	0.00272	0.03687	0.01027
1.00000	0.02713	0.00852	0.00272	0.05605	0.03822	0.09132	0.01144	0.01855	0.44246	0.30359
1.00000	0.03377	0.00084	0.00544	0.02278	0.11915	0.61492	0.05936	0.00418	0.01081	0.12873
1.00000	0.56582	0.01243	0.01595	0.01204	0.08746	0.14347	0.00341	0.06598	0.02452	0.06891
1.00000	0.01733	0.00367	0.00266	0.00808	0.60415	0.05484	0.04222	0.02092	0.02060	0.22552
1.00000	0.00024	0.00188	0.00426	0.00050	0.14789	0.00767	0.00063	0.04940	0.00065	0.78687
1.00000	0.00174	0.01098	0.00498	0.04060	0.00609	0.00237	0.00635	0.92186	0.00053	0.00451
1.00000	0.00210	0.00926	0.00041	0.00163	0.02433	0.00176	0.00687	0.94298	0.00067	0.00998
1.00000	0.04935	0.00298	0.03780	0.00815	0.03990	0.01257	0.02048	0.12488	0.01154	0.69234
1.00000	0.00458	0.00990	0.00380	0.01246	0.03113	0.01124	0.00083	0.88183	0.01036	0.03387
1.00000	0.00919	0.00399	0.00047	0.00664	0.11085	0.00544	0.00071	0.09800	0.00714	0.75755
1.00000	0.07619	0.01369	0.07409	0.02869	0.12311	0.03038	0.51187	0.04664	0.03532	0.06002
1.00000	0.81486	0.00125	0.05186	0.00660	0.00082	0.03851	0.03038	0.00114	0.05265	0.00193
1.00000	0.07263	0.00539	0.01069	0.13718	0.05046	0.63098	0.02586	0.01957	0.02689	0.02033
1.00000	0.00473	0.02690	0.00022	0.00346	0.03535	0.87977	0.00082	0.01027	0.01277	0.02571
1.00000	0.07072	0.00238	0.06789	0.02217	0.03281	0.01244	0.67094	0.01638	0.03343	0.07083
1.00000	0.00567	0.00086	0.04737	0.00251	0.04687	0.07042	0.75897	0.00157	0.05955	0.00623
1.00000	0.01559	0.02200	0.01316	0.00280	0.05693	0.75115	0.02321	0.03532	0.03984	0.04000
1.00000	0.01269	0.02908	0.01196	0.01874	0.05899	0.00391	0.00122	0.51857	0.10403	0.24082
1.00000	0.37386	0.04409	0.08107	0.04565	0.02142	0.17637	0.04107	0.14376	0.04516	0.02757
1.00000	0.00088	0.02829	0.00027	0.00092	0.00440	0.00590	0.00018	0.94871	0.00024	0.01021
1.00000	0.01420	0.04847	0.00255	0.00351	0.04795	0.73414	0.00944	0.03508	0.09278	0.01189
1.00000	0.00063	0.00103	0.00288	0.00122	0.14999	0.00456	0.00151	0.03362	0.00479	0.79978
1.00000	0.00049	0.00932	0.00872	0.00681	0.69759	0.02361	0.07262	0.05127	0.01640	0.11318
1.00000	0.00142	0.00307	0.02526	0.00177	0.87468	0.00239	0.03495	0.02995	0.00098	0.02552
1.00000	0.00236	0.00009	0.00538	0.00063	0.26122	0.00536	0.00289	0.02231	0.01004	0.68973
1.00000	0.00118	0.00192	0.99139	0.00207	0.00006	0.00013	0.00201	0.00063	0.00053	0.00010
1.00000	0.90997	0.00092	0.01793	0.02053	0.00045	0.01166	0.01216	0.00084	0.01508	0.01047
1.00000	0.06874	0.00473	0.57602	0.06183	0.04240	0.01823	0.11790	0.00642	0.06419	0.03954
0.00000	0.00379	0.00377	0.00140	0.00216	0.12842	0.01264	0.00803	0.34361	0.00904	0.48713
1.00000	0.00085	0.92568	0.00469	0.00476	0.02671	0.00434	0.00947	0.01250	0.00063	0.01037
1.00000	0.00699	0.15264	0.07204	0.37106	0.01186	0.27792	0.03760	0.01814	0.03226	0.01948
1.00000	0.02557	0.00123	0.85450	0.01377	0.04429	0.00106	0.02611	0.00281	0.02452	0.00614
1.00000	0.82955	0.00215	0.01396	0.00704	0.00667	0.03798	0.02516	0.03732	0.00632	0.03385
1.00000	0.02560	0.00037	0.02211	0.00147	0.00207	0.01491	0.92241	0.00033	0.00138	0.00936
1.00000	0.00530	0.88163	0.03589	0.00447	0.02675	0.00508	0.00419	0.01838	0.01093	0.00737
1.00000	0.01774	0.00218	0.00596	0.00366	0.00481	0.00067	0.00033	0.94749	0.00396	0.01320
1.00000	0.02281	0.01732	0.00555	0.00244	0.16686	0.02154	0.01431	0.59031	0.05255	0.10631
0.00000	0.14911	0.00224	0.00438	0.03318	0.25859	0.04403	0.02048	0.22879	0.00997	0.24922
0.00000	0.00157	0.00050	0.00110	0.00306	0.15861	0.01342	0.00048	0.03365	0.04449	0.74312
1.00000	0.00561	0.00657	0.02576	0.01500	0.84091	0.00317	0.03067	0.03040	0.00415	0.03776
1.00000	0.00720	0.00116	0.00239	0.00224	0.01418	0.00095	0.00177	0.94524	0.00583	0.01902
1.00000	0.00198	0.06554	0.03449	0.00547	0.13090	0.03656	0.01535	0.56874	0.05095	0.09003
1.00000	0.00171	0.00118	0.07141	0.00186	0.23796	0.01288	0.55745	0.08575	0.00245	0.02735
1.00000	0.00080	0.00046	0.00299	0.03052	0.00749	0.00169	0.00037	0.00109	0.94825	0.00634
0.00000	0.04155	0.01455	0.02911	0.01199	0.46195	0.02920	0.12267	0.14004	0.01202	0.13690
1.00000	0.07911	0.02304	0.29190	0.07911	0.03380	0.07455	0.13870	0.00107	0.27448	0.00426
1.00000	0.04565	0.00077	0.00027	0.01164	0.01208	0.89514	0.00199	0.00619	0.02574	0.00052
1.00000	0.09555	0.00380	0.02842	0.00370	0.61768	0.02049	0.08378	0.04945	0.03514	0.06200
1.00000	0.10669	0.01091	0.01200	0.73252	0.00836	0.03282	0.00577	0.04088	0.04714	0.00292
1.00000	0.00193	0.00168	0.00156	0.00100	0.70274	0.01728	0.00686	0.00957	0.00516	0.25222
1.00000	0.00094	0.00223	0.00027	0.00050	0.00080	0.00067	0.00025	0.97940	0.00033	0.01461
0.00000	0.18706	0.05805	0.07086	0.12822	0.04731	0.14286	0.08281	0.11071	0.07524	0.09688
1.00000	0.00470	0.00507	0.00192	0.04079	0.03635	0.01585	0.00541	0.00267	0.86385	0.02339
1.00000	0.00211	0.01397	0.00169	0.01649	0.06025	0.02822	0.00479	0.03117	0.78840	0.05291
1.00000	0.00050	0.07063	0.00186	0.00272	0.03057	0.00407	0.00112	0.82265	0.00381	0.06205
1.00000	0.00886	0.77306	0.02119	0.02775	0.02504	0.04990	0.00207	0.03193	0.01723	0.04297
1.00000	0.07538	0.00420	0.06849	0.58371	0.00167	0.23250	0.01848	0.00546	0.00949	0.00063
1.00000	0.00184	0.00012	0.02389	0.00012	0.00635	0.00823	0.95571	0.00067	0.00074	0.00233
1.00000	0.00029	0.00022	0.00109	0.00103	0.13119	0.00517	0.00059	0.02183	0.01765	0.82093
1.00000	0.00069	0.91866	0.01056	0.00157	0.01289	0.00321	0.01036	0.01150	0.00666	0.02392
1.00000	0.00074	0.00733	0.00467	0.00314	0.03021	0.01305	0.00640	0.87683	0.00065	0.05697
1.00000	0.00109	0.00196	0.05377	0.00429	0.78675	0.00616	0.07475	0.02780	0.00502	0.03841
0.00000	0.04212	0.02518	0.08481	0.02573	0.45585	0.06172	0.16237	0.10329	0.02291	0.01603
1.00000	0.03091	0.03864	0.15032	0.58287	0.00244	0.11338	0.02528	0.02433	0.03016	0.00166
1.00000	0.81964	0.00121	0.03366	0.00864	0.04124	0.06139	0.00670	0.01689	0.00831	0.00231
1.00000	0.01524	0.09771	0.00486	0.00755	0.04878	0.43746	0.01015	0.23003	0.01320	0.13503
1.00000	0.02786	0.00330	0.04492	0.70846	0.00103	0.15586	0.04142	0.00614	0.01002	0.00097
1.00000	0.00874	0.00654	0.69124	0.01626	0.08945	0.00455	0.13479	0.02702	0.00814	0.01327
1.00000	0.00374	0.00442	0.08184	0.66418	0.01439	0.11620	0.01339	0.01441	0.08532	0.00211
1.00000	0.04646	0.00165	0.01159	0.09660	0.01259	0.80308	0.00425	0.00423	0.01831	0.00124
1.00000	0.01015	0.00076	0.00042	0.06947	0.00636	0.88961	0.00066	0.00082	0.01781	0.00395
1.00000	0.00085	0.00013	0.00013	0.00039	0.11778	0.00088	0.00024	0.01963	0.00134	0.85864
0.00000	0.03964	0.01940	0.01879	0.24479	0.04813	0.22553	0.08813	0.04031	0.11363	0.16165
1.00000	0.00162	0.00076	0.04372	0.00899	0.01149	0.03191	0.89228	0.00128	0.00138	0.00655
1.00000	0.00151	0.00031	0.00091	0.00142	0.91581	0.00118	0.00538	0.02538	0.00099	0.04712
1.00000	0.87266	0.00017	0.03858	0.00573	0.00068	0.03161	0.04414	0.00037	0.00483	0.00123
1.00000	0.01912	0.00249	0.00456	0.02860	0.07237	0.05460	0.01197	0.08299	0.45279	0.27051
1.00000	0.94866	0.00005	0.00417	0.00419	0.00033	0.03124	0.00414	0.00030	0.00374	0.00317
1.00000	0.04087	0.06196	0.00620	0.05432	0.03553	0.03715	0.02129	0.60835	0.03432	0.10001
1.00000	0.13306	0.04276	0.34654	0.07191	0.01203	0.16697	0.07498	0.06030	0.08676	0.00470
0.00000	0.05499	0.02306	0.01792	0.02377	0.06198	0.06986	0.02378	0.33103	0.29614	0.09748
0.00000	0.03627	0.00396	0.09918	0.32798	0.03887	0.13820	0.04525	0.01229	0.29080	0.00720
1.00000	0.12919	0.00460	0.06769	0.15495	0.02822	0.22585	0.09799	0.00451	0.27735	0.00966
1.00000	0.00032	0.00113	0.00043	0.00086	0.00086	0.00028	0.00029	0.99472	0.00022	0.00089
1.00000	0.00934	0.08650	0.39408	0.17019	0.04309	0.05056	0.00639	0.04214	0.16625	0.03145
1.00000	0.02850	0.00575	0.12351	0.04392	0.04838	0.06772	0.60100	0.02037	0.01469	0.04615
1.00000	0.92464	0.00107	0.00774	0.00100	0.01638	0.01563	0.01509	0.01480	0.00259	0.00106
1.00000	0.00699	0.01707	0.00650	0.01388	0.01960	0.79902	0.00974	0.00240	0.02496	0.09985
1.00000	0.06125	0.00840	0.03207	0.17593	0.00334	0.59543	0.01461	0.03442	0.07161	0.00294
1.00000	0.03425	0.00629	0.76490	0.05911	0.00524	0.00585	0.02076	0.01486	0.08388	0.00486
1.00000	0.00752	0.00313	0.00118	0.01263	0.01110	0.93349	0.01553	0.00122	0.01157	0.00264
1.00000	0.00421	0.69135	0.03981	0.03075	0.02326	0.05427	0.00934	0.04539	0.04628	0.05535
1.00000	0.00510	0.00400	0.02404	0.92361	0.00099	0.01941	0.00177	0.00342	0.01721	0.00045
1.00000	0.02722	0.00968	0.02994	0.01563	0.04607	0.00908	0.71255	0.07473	0.03463	0.04049
1.00000	0.09944	0.00395	0.12223	0.00241	0.52373	0.03823	0.13744	0.00786	0.00467	0.06004
1.00000	0.00240	0.11309	0.09824	0.01379	0.07555	0.00255	0.00155	0.59945	0.00506	0.08832
1.00000	0.00232	0.00099	0.00549	0.00012	0.95621	0.01252	0.00455	0.00290	0.00198	0.01292
1.00000	0.89390	0.00051	0.01274	0.00477	0.00057	0.02631	0.04395	0.00218	0.00672	0.00835
0.00000	0.01175	0.06313	0.40252	0.08967	0.00428	0.01031	0.00156	0.00718	0.40845	0.00115
1.00000	0.44388	0.00778	0.12943	0.03531	0.02770	0.04827	0.09564	0.05344	0.00635	0.15221
0.00000	0.03383	0.00577	0.32902	0.26326	0.01231	0.03580	0.02768	0.19806	0.05256	0.04172
1.00000	0.00471	0.00852	0.00455	0.01343	0.05967	0.01357	0.03559	0.01986	0.00560	0.83450
1.00000	0.00296	0.02087	0.86678	0.01694	0.00321	0.00289	0.04463	0.03020	0.01020	0.00133
1.00000	0.00383	0.00272	0.00063	0.04332	0.02512	0.87840	0.01782	0.00243	0.01093	0.01480
0.00000	0.40083	0.00092	0.34274	0.00518	0.00280	0.01227	0.16109	0.00456	0.03599	0.03361
0.00000	0.00262	0.00300	0.01938	0.00463	0.56673	0.03276	0.14124	0.02945	0.05701	0.14317
1.00000	0.00060	0.00521	0.00734	0.03447	0.16571	0.02125	0.00209	0.03231	0.05918	0.67185
1.00000	0.00049	0.00094	0.00083	0.00203	0.12067	0.00824	0.00087	0.02927	0.00244	0.83421
1.00000	0.03187	0.00515	0.09140	0.03829	0.04869	0.01160	0.63475	0.05783	0.02432	0.05610
1.00000	0.07520	0.00408	0.07456	0.03644	0.02270	0.02365	0.00878	0.01311	0.71691	0.02457
1.00000	0.06816	0.00606	0.73791	0.00703	0.00662	0.00357	0.07692	0.03737	0.05317	0.00319
1.00000	0.64663	0.00172	0.03639	0.01807	0.00378	0.08752	0.09430	0.00416	0.07420	0.03323
1.00000	0.00624	0.02169	0.01304	0.10299	0.02427	0.04134	0.00544	0.03745	0.72097	0.02658
1.00000	0.04618	0.00629	0.00028	0.02238	0.00980	0.90067	0.00690	0.00066	0.00665	0.00018
1.00000	0.00182	0.00121	0.00468	0.00434	0.78082	0.00167	0.00308	0.06344	0.00499	0.13395
1.00000	0.00111	0.00018	0.00798	0.00031	0.02666	0.00209	0.95605	0.00146	0.00019	0.00398
1.00000	0.01829	0.00885	0.03688	0.02262	0.62164	0.03989	0.03543	0.03121	0.03853	0.14666
1.00000	0.00854	0.00346	0.00191	0.00669	0.00187	0.00140	0.00056	0.96165	0.00042	0.01350
1.00000	0.03777	0.02515	0.03270	0.56001	0.02272	0.07314	0.01115	0.09787	0.11058	0.02891
1.00000	0.00775	0.00077	0.00158	0.00401	0.03103	0.06318	0.02585	0.02763	0.79540	0.04282
0.00000	0.01477	0.00595	0.33092	0.10629	0.02167	0.03345	0.00691	0.06208	0.41240	0.00555
1.00000	0.28651	0.00779	0.11042	0.01873	0.16492	0.04708	0.12950	0.06909	0.01384	0.15212
1.00000	0.02425	0.02769	0.02821	0.52348	0.11012	0.17065	0.01857	0.02859	0.04474	0.02370
1.00000	0.00393	0.00270	0.00670	0.00182	0.00998	0.11653	0.84240	0.00933	0.00444	0.00216
1.00000	0.00152	0.95697	0.00821	0.00093	0.01322	0.00208	0.00615	0.00514	0.00429	0.00149
1.00000	0.01820	0.00679	0.03140	0.68544	0.00626	0.10320	0.00357	0.01913	0.12466	0.00135
1.00000	0.17774	0.00103	0.03204	0.19346	0.00247	0.02756	0.00883	0.00406	0.49614	0.05667
1.00000	0.02500	0.00464	0.03705	0.10137	0.02913	0.07428	0.01101	0.03254	0.65028	0.03470
1.00000	0.01912	0.00125	0.00109	0.00360	0.01247	0.83918	0.07840	0.00118	0.01580	0.02789
0.00000	0.19126	0.03598	0.08543	0.06631	0.03692	0.10468	0.13599	0.06952	0.16505	0.10886
1.00000	0.04732	0.00682	0.04029	0.64250	0.00375	0.08001	0.05137	0.00466	0.11903	0.00424
1.00000	0.27061	0.01154	0.08586	0.41521	0.00484	0.07781	0.03748	0.01082	0.08405	0.00179
1.00000	0.00158	0.00334	0.00204	0.00062	0.73133	0.02954	0.01345	0.04838	0.00597	0.16375
1.00000	0.00964	0.02858	0.09360	0.47459	0.01746	0.10045	0.02757	0.01344	0.22538	0.00928
0.00000	0.05351	0.02370	0.50304	0.05576	0.09147	0.07190	0.03672	0.12994	0.00397	0.03000
1.00000	0.08367	0.04249	0.04427	0.14620	0.02745	0.02640	0.05061	0.03084	0.47809	0.06996
1.00000	0.02378	0.00691	0.10207	0.26413	0.07981	0.12889	0.03010	0.07160	0.26825	0.02446
1.00000	0.97117	0.00006	0.00227	0.00110	0.00027	0.00866	0.00993	0.00029	0.00514	0.00110
1.00000	0.03432	0.00051	0.00010	0.03129	0.00637	0.88059	0.04060	0.00148	0.00407	0.00068
1.00000	0.00248	0.00770	0.04610	0.82814	0.01276	0.05782	0.00605	0.00322	0.03514	0.00059
1.00000	0.02182	0.00771	0.02398	0.00390	0.70579	0.05638	0.08563	0.03692	0.02238	0.03549
1.00000	0.00271	0.05898	0.04504	0.00658	0.61696	0.09108	0.04360	0.03870	0.05530	0.04105
1.00000	0.00112	0.00157	0.00061	0.00137	0.05352	0.00599	0.00076	0.06005	0.01748	0.85753
1.00000	0.07221	0.01055	0.00679	0.04476	0.13503	0.08012	0.01178	0.22178	0.02825	0.38872
1.00000	0.00765	0.00176	0.24765	0.52304	0.00570	0.08755	0.04897	0.04090	0.03413	0.00265
1.00000	0.00168	0.00150	0.01362	0.01541	0.05522	0.00712	0.00394	0.11704	0.01862	0.76585
1.00000	0.02149	0.00256	0.00558	0.01199	0.05970	0.32768	0.02983	0.00614	0.35725	0.17779
1.00000	0.00049	0.00050	0.00052	0.00062	0.09931	0.00064	0.00045	0.03260	0.00073	0.86413
1.00000	0.04325	0.00284	0.01037	0.04097	0.04581	0.05186	0.01432	0.00526	0.56956	0.21576
1.00000	0.90514	0.00081	0.02080	0.03432	0.00062	0.01844	0.01524	0.00148	0.00171	0.00143
1.00000	0.00406	0.90970	0.03568	0.00139	0.01631	0.00120	0.00742	0.00381	0.01374	0.00668
1.00000	0.01351	0.00049	0.00457	0.40893	0.01419	0.04213	0.00076	0.05984	0.34079	0.11478
1.00000	0.84755	0.00051	0.00994	0.00541	0.00100	0.01713	0.09448	0.00055	0.02299	0.00043
1.00000	0.01400	0.01706	0.69866	0.01817	0.12588	0.00324	0.00681	0.05868	0.03002	0.02749
1.00000	0.01249	0.01169	0.00118	0.00441	0.03882	0.01944	0.00076	0.22208	0.06471	0.62444
1.00000	0.00052	0.00930	0.00054	0.00086	0.05596	0.00102	0.00071	0.88418	0.00039	0.04651
1.00000	0.01968	0.00324	0.03236	0.04449	0.01784	0.14660	0.17645	0.00130	0.54438	0.01366
1.00000	0.13681	0.00585	0.04054	0.00538	0.04593	0.02539	0.02450	0.64580	0.01687	0.05291
1.00000	0.98256	0.00006	0.00368	0.00100	0.00010	0.00044	0.00235	0.00014	0.00061	0.00908
1.00000	0.00090	0.02293	0.00036	0.00510	0.09707	0.00197	0.00531	0.16524	0.00365	0.69749
1.00000	0.01314	0.00085	0.17996	0.00704	0.01681	0.00386	0.74212	0.00363	0.00573	0.02687
1.00000	0.00103	0.04033	0.02337	0.00984	0.00370	0.00149	0.00036	0.87824	0.00105	0.04059
1.00000	0.00173	0.00162	0.00279	0.00076	0.87737	0.03009	0.01851	0.00964	0.00579	0.05169
1.00000	0.01400	0.00892	0.00514	0.00528	0.00684	0.00569	0.00491	0.83579	0.00234	0.11108
1.00000	0.00756	0.67572	0.11536	0.02872	0.08016	0.00553	0.00530	0.03819	0.03181	0.01166
1.00000	0.00121	0.00085	0.00044	0.01635	0.13690	0.01998	0.00057	0.01973	0.02724	0.77673
1.00000	0.15083	0.02775	0.56652	0.15600	0.00347	0.01413	0.02640	0.04729	0.00519	0.00243
0.00000	0.28354	0.02209	0.27162	0.09688	0.02279	0.06810	0.06465	0.03202	0.01258	0.12572
1.00000	0.00282	0.00299	0.83676	0.11130	0.00070	0.00407	0.02362	0.00480	0.01264	0.00030
1.00000	0.00094	0.91445	0.01820	0.00650	0.00654	0.00669	0.00721	0.01317	0.00538	0.02092
1.00000	0.00027	0.00224	0.04460	0.02563	0.04837	0.02294	0.01152	0.00195	0.81740	0.02510
1.00000	0.01547	0.00138	0.00742	0.79104	0.05147	0.04154	0.00195	0.00394	0.07495	0.01086
1.00000	0.00999	0.00270	0.01804	0.77198	0.04584	0.12556	0.00208	0.01083	0.01233	0.00065
1.00000	0.00718	0.00340	0.00809	0.89509	0.00132	0.02331	0.00011	0.00362	0.05526	0.00261
1.00000	0.06077	0.00064	0.00068	0.00270	0.00817	0.00270	0.00129	0.89191	0.00154	0.02960
1.00000	0.70249	0.01360	0.06302	0.07530	0.01580	0.06023	0.01485	0.02148	0.00690	0.02634
1.00000	0.23064	0.01394	0.03658	0.01426	0.07787	0.05037	0.11840	0.06554	0.15733	0.23507
1.00000	0.43831	0.00255	0.09032	0.00152	0.08082	0.04705	0.07999	0.12267	0.02261	0.11416
1.00000	0.01677	0.00603	0.01778	0.37515	0.01340	0.09541	0.00844	0.01491	0.35615	0.09597
1.00000	0.00065	0.91494	0.02133	0.00536	0.01585	0.00324	0.00345	0.00652	0.01152	0.01714
1.00000	0.01873	0.04060	0.00680	0.48191	0.00403	0.38129	0.02482	0.00860	0.02964	0.00360
1.00000	0.06755	0.01276	0.00562	0.01600	0.02920	0.05010	0.03228	0.74284	0.00318	0.04048
1.00000	0.02429	0.00064	0.00038	0.01714	0.00909	0.90815	0.02796	0.00014	0.00995	0.00226
1.00000	0.01944	0.34518	0.03491	0.05487	0.00712	0.45726	0.03649	0.00552	0.03673	0.00249
1.00000	0.01905	0.00714	0.00947	0.04177	0.07386	0.08620	0.03562	0.02714	0.58583	0.11392
1.00000	0.01365	0.05165	0.03147	0.01796	0.03232	0.00978	0.00194	0.76852	0.00888	0.06384
1.00000	0.01547	0.00347	0.00305	0.13270	0.01024	0.06529	0.00098	0.04778	0.68380	0.03721
1.00000	0.00096	0.20080	0.00348	0.00138	0.66196	0.00329	0.01364	0.01876	0.01521	0.08051
1.00000	0.03085	0.00193	0.00012	0.02810	0.00802	0.88619	0.00083	0.00357	0.03719	0.00321
1.00000	0.02186	0.00186	0.05073	0.00247	0.85177	0.01305	0.01560	0.00693	0.01702	0.01871
1.00000	0.01143	0.00512	0.83640	0.01136	0.05513	0.00432	0.05515	0.00266	0.01534	0.00308
1.00000	0.00171	0.06388	0.00107	0.00402	0.11184	0.00357	0.01705	0.09883	0.04288	0.65516
1.00000	0.00058	0.92737	0.00602	0.00300	0.00931	0.01786	0.00694	0.02006	0.00585	0.00302
1.00000	0.00151	0.01012	0.00375	0.00059	0.72686	0.04945	0.02230	0.01134	0.00553	0.16854
1.00000	0.01689	0.01286	0.01281	0.16014	0.06926	0.07226	0.00248	0.01210	0.58454	0.05666
1.00000	0.00050	0.00041	0.00028	0.00116	0.08230	0.00407	0.00050	0.06405	0.01367	0.83306
1.00000	0.09290	0.00834	0.00156	0.04469	0.00874	0.67325	0.00195	0.03914	0.10716	0.02227
0.00000	0.04638	0.10217	0.04139	0.11378	0.21701	0.16298	0.01213	0.16635	0.03161	0.10620
1.00000	0.00240	0.00042	0.00059	0.00476	0.00501	0.01144	0.00258	0.00630	0.89333	0.07316
1.00000	0.05538	0.00516	0.11035	0.22333	0.00438	0.04809	0.03232	0.00801	0.51147	0.00150
1.00000	0.86486	0.00052	0.02378	0.00822	0.00321	0.05068	0.00558	0.00236	0.03680	0.00401
1.00000	0.00975	0.02290	0.04073	0.09792	0.09241	0.43326	0.19890	0.00672	0.08213	0.01529
1.00000	0.19716	0.01964	0.44233	0.06479	0.01480	0.03317	0.07726	0.01474	0.13075	0.00535
1.00000	0.05050	0.00502	0.00184	0.00856	0.00949	0.25637	0.63476	0.00158	0.02773	0.00415
1.00000	0.06904	0.07509	0.06751	0.02707	0.00576	0.01978	0.02673	0.64463	0.04237	0.02202
1.00000	0.00610	0.01367	0.01264	0.67206	0.04944	0.07690	0.00292	0.07021	0.05431	0.04176
1.00000	0.00653	0.00016	0.00050	0.00098	0.09938	0.00149	0.00070	0.02215	0.00519	0.86292
1.00000	0.00672	0.00169	0.94723	0.01732	0.00100	0.01311	0.00474	0.00463	0.00267	0.00088
1.00000	0.00638	0.01267	0.01924	0.01794	0.03673	0.08259	0.00653	0.01071	0.77040	0.03680
1.00000	0.02562	0.02493	0.00186	0.00293	0.08566	0.71239	0.07774	0.00189	0.01369	0.05329
1.00000	0.06442	0.02835	0.10264	0.08133	0.11682	0.08032	0.08416	0.12628	0.19391	0.12177
1.00000	0.00082	0.00727	0.00045	0.00072	0.09773	0.03551	0.00725	0.05314	0.00154	0.79557
1.00000	0.00460	0.00173	0.78490	0.00495	0.00101	0.00989	0.04294	0.14454	0.00103	0.00442
1.00000	0.04127	0.00084	0.02724	0.00099	0.00972	0.00216	0.89430	0.00211	0.00606	0.01530
1.00000	0.00106	0.00091	0.00194	0.00172	0.23851	0.01338	0.00296	0.06059	0.00300	0.67592
1.00000	0.00183	0.01886	0.70246	0.03720	0.00795	0.01458	0.06542	0.14011	0.00633	0.00527
1.00000	0.92415	0.00017	0.00598	0.00506	0.00013	0.02912	0.01703	0.00098	0.01136	0.00602
1.00000	0.01349	0.10769	0.03045	0.00190	0.05107	0.15508	0.61104	0.00275	0.01114	0.01540
0.00000	0.00994	0.00086	0.01905	0.14602	0.03326	0.06255	0.00279	0.02183	0.63323	0.07048
1.00000	0.88992	0.00043	0.00209	0.00848	0.00064	0.04092	0.01162	0.00450	0.04086	0.00054
1.00000	0.23786	0.01882	0.08853	0.00449	0.06167	0.13048	0.43750	0.00713	0.00339	0.01014
1.00000	0.53726	0.01453	0.02540	0.00796	0.00440	0.31544	0.01528	0.02446	0.03043	0.02484
1.00000	0.03110	0.03984	0.06144	0.49302	0.01654	0.24622	0.07459	0.00354	0.02834	0.00537
1.00000	0.00248	0.00727	0.89951	0.00738	0.00451	0.03367	0.00945	0.02415	0.01012	0.00146
1.00000	0.00244	0.00141	0.03332	0.00325	0.01398	0.00164	0.93712	0.00196	0.00299	0.00190
1.00000	0.01244	0.04161	0.03967	0.07210	0.16594	0.06871	0.01235	0.13723	0.04330	0.40665
1.00000	0.00427	0.00308	0.00287	0.00584	0.00171	0.00337	0.00019	0.94121	0.00036	0.03711
1.00000	0.00112	0.00039	0.00213	0.00236	0.10458	0.00676	0.00082	0.09662	0.00799	0.77723
1.00000	0.73161	0.00175	0.01092	0.03976	0.01050	0.13231	0.00457	0.02482	0.03227	0.01149
1.00000	0.00508	0.00055	0.00120	0.02463	0.07441	0.01670	0.00114	0.18978	0.01897	0.66753
0.00000	0.21744	0.00645	0.02266	0.43649	0.01002	0.06020	0.05224	0.00403	0.18464	0.00585
1.00000	0.02158	0.00286	0.05437	0.02184	0.01372	0.02118	0.01038	0.05409	0.62963	0.17035
1.00000	0.00200	0.00135	0.19901	0.00096	0.08473	0.02739	0.65720	0.01311	0.00247	0.01178
1.00000	0.02574	0.01850	0.00085	0.00885	0.03928	0.01018	0.00388	0.81768	0.01509	0.05995
1.00000	0.08241	0.00183	0.00288	0.05736	0.00396	0.78496	0.02320	0.00245	0.02451	0.01643
1.00000	0.78507	0.00081	0.04707	0.00407	0.00063	0.04643	0.03188	0.00077	0.08137	0.00190
1.00000	0.00034	0.97388	0.00429	0.00116	0.00182	0.00314	0.00854	0.00125	0.00401	0.00157
0.00000	0.41379	0.00491	0.05139	0.12370	0.00209	0.30809	0.04571	0.01185	0.03491	0.00357
1.00000	0.02329	0.04073	0.75807	0.00492	0.04836	0.00450	0.03623	0.03632	0.00940	0.03819
1.00000	0.01997	0.00010	0.00016	0.01002	0.00535	0.95054	0.00392	0.00029	0.00868	0.00098
1.00000	0.02692	0.00391	0.01643	0.01644	0.66460	0.02007	0.02791	0.03144	0.01077	0.18150
1.00000	0.00165	0.01653	0.02992	0.00502	0.13554	0.00631	0.03381	0.73693	0.01224	0.02204
0.00000	0.02865	0.00784	0.31815	0.34867	0.00811	0.02552	0.04241	0.12828	0.08114	0.01123
1.00000	0.01508	0.00043	0.01842	0.08834	0.01666	0.04002	0.00797	0.00263	0.79828	0.01218
1.00000	0.01023	0.00003	0.00464	0.00083	0.00176	0.01304	0.96168	0.00245	0.00131	0.00402
1.00000	0.05564	0.00130	0.02598	0.00351	0.10106	0.00396	0.59088	0.00919	0.10085	0.10765
1.00000	0.00023	0.94540	0.01639	0.00325	0.01356	0.00154	0.00681	0.00600	0.00073	0.00609
0.00000	0.55742	0.00379	0.18261	0.02655	0.01020	0.08365	0.02953	0.01570	0.07506	0.01548
1.00000	0.00276	0.00173	0.00161	0.00304	0.00084	0.00116	0.00024	0.97875	0.00028	0.00959
1.00000	0.00419	0.00775	0.56060	0.03056	0.18497	0.00412	0.03560	0.11239	0.01755	0.04226
0.00000	0.09874	0.01134	0.16870	0.15373	0.01838	0.06853	0.09058	0.00164	0.36412	0.02425
1.00000	0.07098	0.02798	0.01034	0.09650	0.01870	0.51380	0.03850	0.00319	0.21249	0.00750
1.00000	0.00069	0.00438	0.00034	0.00141	0.00125	0.00316	0.00048	0.97575	0.00212	0.01041
1.00000	0.07536	0.00114	0.00491	0.03081	0.00679	0.12385	0.67319	0.00826	0.03233	0.04336
1.00000	0.84336	0.00088	0.05372	0.03748	0.00040	0.00879	0.00780	0.01300	0.00382	0.03076
1.00000	0.02603	0.00527	0.01483	0.60885	0.01257	0.23531	0.00394	0.00139	0.05790	0.03391
1.00000	0.00029	0.00156	0.00018	0.00019	0.83895	0.00249	0.00187	0.05498	0.00887	0.09063
1.00000	0.00168	0.00229	0.94774	0.00750	0.00470	0.00147	0.02597	0.00672	0.00156	0.00039
1.00000	0.06605	0.00350	0.01082	0.00908	0.39457	0.06873	0.10605	0.06337	0.08821	0.18962
1.00000	0.01871	0.00509	0.00631	0.19013	0.00868	0.70973	0.00675	0.00182	0.04403	0.00875
1.00000	0.00300	0.81107	0.02261	0.00684	0.02348	0.03912	0.05083	0.00954	0.00810	0.02542
1.00000	0.00500	0.03159	0.02147	0.00929	0.27212	0.04295	0.01159	0.56073	0.01092	0.03435
1.00000	0.01046	0.00565	0.06249	0.09424	0.05329	0.08497	0.06607	0.01333	0.59675	0.01276
1.00000	0.65474	0.00240	0.09262	0.01994	0.02255	0.03960	0.15387	0.00671	0.00276	0.00482
1.00000	0.00220	0.93355	0.01705	0.00527	0.00336	0.00340	0.00342	0.01098	0.00811	0.01266
1.00000	0.00588	0.00309	0.05559	0.01102	0.80889	0.01213	0.02264	0.03294	0.01299	0.03482
1.00000	0.00052	0.00185	0.00095	0.00629	0.81905	0.00578	0.01128	0.10169	0.01007	0.04253
1.00000	0.05221	0.00265	0.00032	0.01999	0.03850	0.75679	0.00819	0.00883	0.06725	0.04528
1.00000	0.00373	0.00541	0.00397	0.01037	0.03717	0.53358	0.00686	0.20741	0.17081	0.02068
1.00000	0.00233	0.00026	0.00107	0.00141	0.18867	0.00533	0.00382	0.02351	0.01204	0.76155
1.00000	0.66946	0.01093	0.06003	0.01029	0.02049	0.02198	0.09752	0.04003	0.02307	0.04620
1.00000	0.00039	0.00156	0.98621	0.00039	0.00052	0.00130	0.00794	0.00050	0.00106	0.00013
1.00000	0.00205	0.79259	0.06519	0.01069	0.01033	0.04408	0.01684	0.01491	0.01691	0.02642
1.00000	0.01109	0.00264	0.01947	0.00156	0.72669	0.00496	0.11887	0.05703	0.00801	0.04967
1.00000	0.91385	0.00107	0.02145	0.00287	0.00636	0.01954	0.00819	0.01629	0.00565	0.00474
1.00000	0.00191	0.00060	0.00178	0.00042	0.00535	0.00139	0.00042	0.96477	0.00213	0.02123
1.00000	0.01183	0.00789	0.05249	0.02874	0.17001	0.07806	0.17048	0.13682	0.29381	0.04988
1.00000	0.04754	0.00966	0.00083	0.11942	0.05465	0.25525	0.01915	0.12486	0.16894	0.19970
0.00000	0.01467	0.23529	0.01263	0.02442	0.06956	0.09007	0.00689	0.33559	0.12050	0.09038
1.00000	0.00249	0.01304	0.03468	0.00122	0.20879	0.02461	0.00579	0.01452	0.04121	0.65366
1.00000	0.10766	0.00229	0.00656	0.09407	0.02092	0.55509	0.03594	0.00509	0.15962	0.01276
1.00000	0.05097	0.04094	0.01050	0.10045	0.11343	0.23873	0.17581	0.02070	0.18107	0.06741
1.00000	0.00209	0.00051	0.01048	0.00068	0.84043	0.00366	0.00804	0.01854	0.00531	0.11026
1.00000	0.00083	0.00646	0.01488	0.02666	0.12993	0.00178	0.00368	0.70556	0.00965	0.10056
1.00000	0.00170	0.82894	0.03558	0.00161	0.02661	0.01093	0.00664	0.07184	0.00226	0.01390
1.00000	0.00831	0.01599	0.00440	0.01012	0.01825	0.02643	0.00472	0.87209	0.02136	0.01833
1.00000	0.00057	0.03050	0.02084	0.01540	0.00150	0.00565	0.00087	0.89241	0.00750	0.02476
1.00000	0.02462	0.08100	0.59597	0.11314	0.00275	0.01987	0.08029	0.02049	0.05945	0.00241
1.00000	0.00178	0.00156	0.95803	0.02768	0.00088	0.00105	0.00253	0.00497	0.00105	0.00047
1.00000	0.00025	0.96155	0.00323	0.00744	0.00797	0.00121	0.00454	0.00953	0.00038	0.00389
1.00000	0.00082	0.95614	0.00540	0.00353	0.00932	0.00347	0.00285	0.00388	0.00136	0.01324
1.00000	0.00960	0.00023	0.00063	0.00093	0.08026	0.01370	0.00087	0.00961	0.00939	0.87479
1.00000	0.00043	0.96325	0.00230	0.00139	0.01646	0.00278	0.00151	0.00520	0.00035	0.00634
1.00000	0.70110	0.00441	0.03917	0.00641	0.02390	0.03406	0.06087	0.03728	0.02346	0.06934
1.00000	0.00174	0.00037	0.00567	0.00732	0.02043	0.00899	0.00117	0.01000	0.89204	0.05226
1.00000	0.83144	0.00153	0.02210	0.00443	0.00140	0.04981	0.03283	0.00557	0.04782	0.00307
1.00000	0.00030	0.00007	0.00161	0.00026	0.98158	0.00164	0.00186	0.00958	0.00051	0.00259
1.00000	0.00115	0.02508	0.00638	0.00644	0.69909	0.00889	0.05395	0.00481	0.00864	0.18556
1.00000	0.05233	0.00484	0.75186	0.01553	0.02289	0.02346	0.10346	0.00236	0.01971	0.00357
1.00000	0.05639	0.00226	0.00542	0.71420	0.01419	0.09951	0.00264	0.03749	0.05788	0.01000
1.00000	0.00042	0.00101	0.00123	0.00274	0.00043	0.00057	0.00011	0.98767	0.00065	0.00518
1.00000	0.84636	0.00752	0.05874	0.00520	0.00072	0.05292	0.00481	0.01920	0.00091	0.00361
1.00000	0.00041	0.00012	0.01293	0.00009	0.00053	0.02505	0.94936	0.00013	0.01106	0.00031
1.00000	0.00148	0.00250	0.01177	0.00365	0.75178	0.01883	0.00581	0.00811	0.00947	0.18661
1.00000	0.00276	0.03353	0.01446	0.03991	0.02047	0.01441	0.00056	0.85631	0.00749	0.01010
1.00000	0.06447	0.04742	0.20175	0.07780	0.01460	0.02686	0.01946	0.08413	0.41431	0.04920
1.00000	0.00077	0.87457	0.00307	0.00138	0.02467	0.01514	0.01336	0.00990	0.00116	0.05599
1.00000	0.01265	0.12998	0.07691	0.26405	0.05068	0.21007	0.00373	0.01194	0.15074	0.08926
1.00000	0.01366	0.01008	0.01726	0.51409	0.00559	0.08880	0.00034	0.07846	0.22946	0.04227
1.00000	0.00264	0.04645	0.79313	0.04532	0.00295	0.04199	0.02603	0.00166	0.03919	0.00063
1.00000	0.02543	0.00845	0.87281	0.00264	0.01185	0.00486	0.06053	0.00068	0.00535	0.00740
1.00000	0.09498	0.00282	0.34380	0.18033	0.02808	0.03136	0.00706	0.05223	0.25512	0.00421
1.00000	0.90113	0.00024	0.01245	0.00766	0.00048	0.02605	0.04504	0.00027	0.00560	0.00109
1.00000	0.02880	0.00058	0.77748	0.02026	0.01875	0.01218	0.06741	0.04710	0.00419	0.02324
1.00000	0.02164	0.00295	0.00372	0.85510	0.00570	0.06924	0.00390	0.00072	0.03117	0.00586
1.00000	0.01861	0.00760	0.06844	0.07456	0.01665	0.30718	0.04164	0.01263	0.40831	0.04438
1.00000	0.03110	0.00108	0.06375	0.00194	0.01310	0.00914	0.85012	0.00290	0.00685	0.02002
1.00000	0.00044	0.00433	0.00255	0.00215	0.10486	0.03545	0.00053	0.06010	0.01083	0.77876
0.00000	0.00779	0.08651	0.05441	0.10441	0.11235	0.20075	0.00423	0.24555	0.06492	0.11908
1.00000	0.00155	0.00907	0.14835	0.01086	0.05386	0.01613	0.68683	0.02535	0.01431	0.03370
1.00000	0.03032	0.00475	0.01989	0.01844	0.02028	0.13552	0.00529	0.00748	0.71626	0.04178
1.00000	0.00494	0.00147	0.01789	0.01380	0.00165	0.92038	0.00418	0.00011	0.03514	0.00043
1.00000	0.00325	0.02902	0.17743	0.01957	0.32971	0.05547	0.21083	0.00129	0.14794	0.02550
1.00000	0.00708	0.00028	0.01286	0.00177	0.08872	0.01738	0.02281	0.03886	0.01261	0.79760
1.00000	0.00143	0.02013	0.00892	0.00991	0.03031	0.04455	0.00391	0.82664	0.00614	0.04806
1.00000	0.01122	0.21372	0.65037	0.04634	0.00900	0.00648	0.02746	0.00514	0.02813	0.00214
1.00000	0.00010	0.01286	0.00093	0.00067	0.00341	0.00050	0.00018	0.98043	0.00020	0.00072
1.00000	0.03954	0.00284	0.01727	0.03853	0.04356	0.00634	0.01554	0.01885	0.77006	0.04748
1.00000	0.02548	0.00244	0.00866	0.38171	0.01320	0.08913	0.00062	0.05823	0.36875	0.05180
1.00000	0.09462	0.00216	0.02017	0.04889	0.00202	0.71744	0.03924	0.00413	0.06983	0.00151
1.00000	0.49371	0.01402	0.05166	0.00614	0.01903	0.03670	0.24522	0.05216	0.03323	0.04813
1.00000	0.00833	0.13074	0.12145	0.12683	0.01798	0.00375	0.00336	0.42789	0.11924	0.04042
1.00000	0.00042	0.00269	0.00656	0.00040	0.82566	0.01065	0.00968	0.00156	0.02385	0.11852
1.00000	0.00468	0.00048	0.00469	0.00305	0.03677	0.00180	0.00344	0.05533	0.00770	0.88204
1.00000	0.01721	0.06765	0.02559	0.44045	0.04659	0.26780	0.02169	0.01013	0.08024	0.02263
1.00000	0.02334	0.00171	0.00673	0.07551	0.02288	0.81016	0.00244	0.00141	0.04920	0.00663
1.00000	0.01828	0.00231	0.00352	0.00605	0.87503	0.01814	0.00474	0.03803	0.00795	0.02595
1.00000	0.02811	0.00962	0.10885	0.41577	0.04676	0.09769	0.08937	0.00671	0.17746	0.01965
1.00000	0.90176	0.00094	0.01916	0.01387	0.00335	0.01622	0.00803	0.00635	0.00823	0.02209
1.00000	0.00995	0.00598	0.60232	0.31531	0.00150	0.03308	0.00871	0.01012	0.01011	0.00292
1.00000	0.04016	0.00278	0.12894	0.02761	0.15593	0.04222	0.07311	0.02724	0.00974	0.49227
1.00000	0.17369	0.01521	0.02405	0.48472	0.01858	0.16631	0.03745	0.00643	0.06842	0.00515
1.00000	0.00014	0.96464	0.00752	0.00040	0.00662	0.00097	0.00621	0.00376	0.00020	0.00953
1.00000	0.02254	0.00046	0.00597	0.00350	0.00157	0.20524	0.73853	0.00434	0.01316	0.00468
1.00000	0.00218	0.00032	0.00055	0.00080	0.06649	0.00138	0.00028	0.05681	0.00075	0.87043
1.00000	0.00408	0.84491	0.01282	0.00417	0.01563	0.00943	0.01513	0.04366	0.00286	0.04732
1.00000	0.00063	0.00242	0.00028	0.00193	0.04750	0.01020	0.00070	0.11229	0.00873	0.81531
1.00000	0.04016	0.00552	0.00800	0.78225	0.03049	0.08130	0.01206	0.00148	0.03754	0.00119
0.00000	0.45286	0.01293	0.24658	0.10553	0.00426	0.06114	0.03893	0.07232	0.00334	0.00211
1.00000	0.01782	0.00143	0.01611	0.00678	0.60474	0.01198	0.17229	0.02892	0.00784	0.13210
1.00000	0.00459	0.00130	0.00031	0.00123	0.69483	0.03012	0.00180	0.01750	0.00069	0.24761
1.00000	0.01441	0.01866	0.02699	0.65942	0.01512	0.13296	0.00382	0.05583	0.07147	0.00133
1.00000	0.83462	0.00433	0.00838	0.00533	0.00439	0.04915	0.01257	0.02443	0.03489	0.02191
1.00000	0.04311	0.00282	0.04290	0.01927	0.53472	0.05064	0.09257	0.10000	0.01057	0.10339
1.00000	0.02116	0.00101	0.00588	0.00030	0.72038	0.04187	0.05742	0.01802	0.00612	0.12784
1.00000	0.00333	0.85370	0.00392	0.02487	0.01397	0.03920	0.00310	0.02379	0.02065	0.01347
1.00000	0.06231	0.00670	0.02053	0.34496	0.00417	0.18535	0.01912	0.02648	0.21885	0.11153
1.00000	0.55528	0.00457	0.03375	0.06756	0.01339	0.12494	0.09432	0.01163	0.05562	0.03894
1.00000	0.00142	0.00079	0.00053	0.00117	0.08604	0.00251	0.00091	0.03052	0.00296	0.87315
1.00000	0.00167	0.00110	0.00178	0.00094	0.12990	0.00025	0.00113	0.00214	0.00638	0.85471
1.00000	0.02593	0.07841	0.09930	0.00893	0.04666	0.10104	0.60425	0.00468	0.01504	0.01576
1.00000	0.00295	0.00111	0.06282	0.08828	0.01419	0.02025	0.03930	0.00026	0.75421	0.01663
1.00000	0.01163	0.03140	0.52580	0.25543	0.01344	0.06581	0.00679	0.06049	0.02421	0.00500
0.00000	0.01947	0.02816	0.00372	0.08459	0.19471	0.28461	0.03152	0.06158	0.06355	0.22808
1.00000	0.01704	0.07985	0.01779	0.00193	0.22485	0.02832	0.00754	0.46983	0.01469	0.13817
1.00000	0.02157	0.00382	0.00702	0.13851	0.00084	0.74528	0.01594	0.00135	0.06429	0.00138
1.00000	0.01051	0.00988	0.15949	0.09058	0.16594	0.02708	0.04313	0.34849	0.03709	0.10781
1.00000	0.02209	0.02851	0.01420	0.01258	0.05054	0.01346	0.02282	0.01872	0.75709	0.05998
1.00000	0.02571	0.06440	0.00241	0.00953	0.12952	0.02320	0.01884	0.09739	0.16955	0.45946
1.00000	0.02977	0.00228	0.63528	0.01764	0.03968	0.02486	0.08137	0.00225	0.12584	0.04102
1.00000	0.04660	0.01236	0.00572	0.00268	0.06858	0.71909	0.04025	0.00767	0.05873	0.03832
1.00000	0.02102	0.00190	0.84311	0.04892	0.01455	0.00439	0.02592	0.02898	0.00151	0.00970
1.00000	0.03926	0.01794	0.01264	0.62747	0.01632	0.15377	0.04226	0.04154	0.03611	0.01270
1.00000	0.02586	0.00228	0.00857	0.01073	0.00550	0.21978	0.07953	0.01902	0.59416	0.03457
0.00000	0.03209	0.00395	0.25145	0.11121	0.02348	0.06620	0.01149	0.00419	0.47745	0.01849
1.00000	0.01444	0.04780	0.03813	0.61900	0.00634	0.08479	0.00183	0.01353	0.16952	0.00462
1.00000	0.00268	0.00342	0.00396	0.00175	0.09771	0.01826	0.00126	0.04850	0.06789	0.75459
1.00000	0.00014	0.00007	0.04598	0.00009	0.00090	0.00182	0.94926	0.00010	0.00092	0.00072
1.00000	0.00483	0.01017	0.01918	0.00608	0.03931	0.01090	0.00099	0.86055	0.00194	0.04604
1.00000	0.92319	0.00067	0.03098	0.00587	0.00099	0.00570	0.03104	0.00030	0.00052	0.00074
1.00000	0.82956	0.00335	0.06278	0.02164	0.00019	0.05754	0.00616	0.00912	0.00154	0.00811
1.00000	0.00397	0.00247	0.00257	0.00931	0.07228	0.83154	0.04302	0.00570	0.01011	0.01901
1.00000	0.00907	0.01808	0.78584	0.01411	0.00111	0.01979	0.13893	0.00293	0.00798	0.00216
1.00000	0.04334	0.01015	0.10773	0.66614	0.01031	0.08876	0.00555	0.01306	0.05403	0.00091
1.00000	0.04048	0.03179	0.55781	0.09425	0.02950	0.01211	0.04190	0.08091	0.08237	0.02887
1.00000	0.01692	0.00051	0.00601	0.00389	0.01415	0.81158	0.00397	0.00247	0.09898	0.04151
1.00000	0.00260	0.83887	0.02339	0.01772	0.01768	0.01778	0.00764	0.04541	0.01219	0.01672
1.00000	0.77798	0.00364	0.02240	0.02731	0.00628	0.00687	0.07236	0.00714	0.04196	0.03405
1.00000	0.04223	0.01318	0.10815	0.22950	0.03225	0.01272	0.00844	0.49965	0.03587	0.01801
1.00000	0.02469	0.00288	0.00611	0.03474	0.02224	0.06605	0.01730	0.00257	0.81828	0.00514
0.00000	0.00052	0.00258	0.00347	0.00043	0.39615	0.02899	0.00455	0.01498	0.00250	0.54584
1.00000	0.05513	0.00112	0.01037	0.00209	0.42731	0.06446	0.07518	0.04058	0.01327	0.31050
0.00000	0.00598	0.00581	0.34757	0.14272	0.00254	0.02646	0.02198	0.03533	0.40904	0.00259
1.00000	0.00265	0.08515	0.83132	0.01541	0.01738	0.00067	0.03488	0.00023	0.01175	0.00056
1.00000	0.00265	0.05920	0.05714	0.20508	0.05520	0.14867	0.00539	0.08508	0.31604	0.06553
