1.00000	0.00231	0.94478	0.00091	0.00108	0.04186	0.00268	0.00232	0.00131	0.00078	0.00196
1.00000	0.00102	0.00104	0.00080	0.00796	0.00163	0.00049	0.00039	0.97465	0.00026	0.01176
1.00000	0.94196	0.00032	0.00641	0.00701	0.00119	0.02029	0.01486	0.00080	0.00488	0.00229
1.00000	0.11133	0.01838	0.02399	0.01233	0.00168	0.73665	0.00237	0.00530	0.03914	0.04883
1.00000	0.00567	0.01771	0.00299	0.00446	0.86771	0.00917	0.00172	0.02775	0.00125	0.06158
1.00000	0.01844	0.03931	0.00242	0.00553	0.27405	0.02373	0.00289	0.36190	0.01002	0.26170
1.00000	0.05031	0.00350	0.00307	0.00988	0.00111	0.88230	0.00292	0.00399	0.01341	0.02953
1.00000	0.20494	0.00581	0.38738	0.04854	0.11319	0.02384	0.20298	0.01076	0.00144	0.00112
0.00000	0.00316	0.02886	0.00476	0.01210	0.16423	0.02099	0.00891	0.06384	0.01753	0.67562
1.00000	0.06564	0.01126	0.01181	0.01364	0.28055	0.09508	0.03092	0.05540	0.06999	0.36571
1.00000	0.02499	0.90037	0.00158	0.00657	0.03196	0.00223	0.00096	0.00653	0.01985	0.00496
1.00000	0.00993	0.00230	0.95765	0.00052	0.00308	0.00052	0.02329	0.00137	0.00093	0.00040
1.00000	0.00556	0.08024	0.01424	0.00086	0.63269	0.01175	0.00154	0.00502	0.00145	0.24665
1.00000	0.01617	0.91406	0.00137	0.00279	0.03888	0.00875	0.00059	0.00278	0.00147	0.01313
1.00000	0.04368	0.76889	0.01730	0.00442	0.01554	0.01906	0.00138	0.05988	0.02799	0.04185
1.00000	0.02319	0.03217	0.10243	0.26506	0.09195	0.08843	0.08782	0.08262	0.07686	0.14946
1.00000	0.00564	0.93660	0.00066	0.00125	0.04475	0.00084	0.00117	0.00293	0.00322	0.00294
1.00000	0.04726	0.04051	0.00594	0.02311	0.00625	0.04889	0.74963	0.00040	0.07497	0.00305
1.00000	0.00014	0.00201	0.00033	0.00021	0.94475	0.00469	0.00040	0.00028	0.00062	0.04657
1.00000	0.00122	0.00105	0.00781	0.03104	0.19976	0.00420	0.00188	0.01940	0.04831	0.68533
1.00000	0.00461	0.00036	0.00488	0.87554	0.00115	0.08213	0.01802	0.00019	0.01136	0.00176
1.00000	0.00140	0.00371	0.00201	0.03213	0.73500	0.00237	0.00147	0.00799	0.01329	0.20063
1.00000	0.00021	0.00014	0.00004	0.00034	0.02714	0.00037	0.00012	0.00055	0.00071	0.97039
1.00000	0.17076	0.04797	0.04177	0.13009	0.00964	0.03858	0.01119	0.01394	0.46473	0.07133
1.00000	0.00218	0.00023	0.00133	0.00986	0.05594	0.00115	0.00102	0.00654	0.03838	0.88338
1.00000	0.65702	0.02866	0.06225	0.05519	0.00191	0.05594	0.10918	0.00661	0.01016	0.01308
1.00000	0.00274	0.00120	0.00117	0.00641	0.00528	0.00434	0.00035	0.74558	0.00208	0.23085
1.00000	0.04124	0.00089	0.07942	0.01593	0.01061	0.01004	0.73956	0.00042	0.08606	0.01582
1.00000	0.02486	0.02226	0.04030	0.02921	0.07393	0.26949	0.04200	0.02926	0.40508	0.06361
1.00000	0.00235	0.00086	0.01477	0.00287	0.01228	0.00163	0.95575	0.00113	0.00353	0.00483
1.00000	0.02789	0.65481	0.03485	0.00624	0.06281	0.00816	0.00288	0.06574	0.10600	0.03061
1.00000	0.09791	0.01040	0.03540	0.80068	0.00276	0.02577	0.00603	0.00083	0.01880	0.00141
1.00000	0.01350	0.91834	0.01017	0.00223	0.00443	0.00612	0.00056	0.00080	0.04112	0.00272
1.00000	0.03850	0.00505	0.01492	0.00432	0.51302	0.05295	0.10320	0.02649	0.08437	0.15718
1.00000	0.00051	0.00423	0.04529	0.00063	0.01250	0.00889	0.90741	0.00263	0.00695	0.01096
1.00000	0.01640	0.11088	0.67157	0.06440	0.03559	0.00796	0.04977	0.01064	0.02826	0.00453
1.00000	0.02528	0.00830	0.00432	0.01356	0.19268	0.20071	0.03001	0.04433	0.37861	0.10220
1.00000	0.83221	0.00904	0.06682	0.00300	0.02205	0.00515	0.03536	0.00616	0.00568	0.01453
1.00000	0.01657	0.17330	0.00402	0.00222	0.37732	0.09868	0.00543	0.01913	0.00159	0.30173
1.00000	0.03518	0.00189	0.50440	0.07949	0.00324	0.04521	0.03035	0.02672	0.13899	0.13452
1.00000	0.15196	0.01414	0.07152	0.52694	0.00397	0.13218	0.02244	0.00655	0.06365	0.00668
1.00000	0.00205	0.00855	0.94263	0.03684	0.00076	0.00047	0.00414	0.00111	0.00275	0.00070
1.00000	0.98209	0.00010	0.00653	0.00025	0.00018	0.00876	0.00093	0.00021	0.00033	0.00063
1.00000	0.00258	0.02941	0.00855	0.02210	0.21579	0.00347	0.00729	0.01768	0.04749	0.64563
1.00000	0.04543	0.00974	0.71680	0.10273	0.00658	0.07093	0.02025	0.00079	0.02201	0.00476
1.00000	0.00337	0.94343	0.00087	0.00261	0.02907	0.00267	0.00106	0.00290	0.00611	0.00792
1.00000	0.00831	0.00429	0.04103	0.87028	0.00108	0.03986	0.00097	0.01010	0.01441	0.00966
1.00000	0.00529	0.00579	0.07254	0.83353	0.00388	0.01539	0.00301	0.02597	0.02596	0.00864
0.00000	0.00142	0.00278	0.00497	0.61904	0.00591	0.01996	0.00088	0.00549	0.28969	0.04987
1.00000	0.10319	0.02148	0.07182	0.09770	0.02042	0.61430	0.03805	0.00581	0.01666	0.01058
1.00000	0.03567	0.03361	0.04821	0.01403	0.36610	0.04260	0.04830	0.01981	0.21244	0.17923
1.00000	0.05680	0.03005	0.00525	0.01644	0.01100	0.07413	0.79136	0.00084	0.01205	0.00208
1.00000	0.00718	0.09444	0.01631	0.02579	0.00380	0.00086	0.00222	0.72412	0.01354	0.11174
1.00000	0.03599	0.00765	0.00249	0.01161	0.01529	0.08580	0.00684	0.74309	0.00433	0.08691
1.00000	0.07174	0.00728	0.00899	0.15293	0.01013	0.64435	0.00845	0.01687	0.07066	0.00861
1.00000	0.00328	0.02498	0.01571	0.00249	0.24789	0.00933	0.00671	0.01772	0.00499	0.66688
1.00000	0.01592	0.02296	0.01154	0.00051	0.79625	0.00616	0.01700	0.00668	0.00449	0.11850
1.00000	0.00119	0.01283	0.01773	0.02009	0.71590	0.02553	0.04662	0.03734	0.01276	0.11000
1.00000	0.70782	0.00551	0.06277	0.12887	0.00215	0.00783	0.04370	0.00840	0.01425	0.01870
0.00000	0.03311	0.00661	0.00414	0.02929	0.06708	0.06823	0.00888	0.01220	0.35533	0.41513
1.00000	0.00812	0.00692	0.00294	0.07898	0.11650	0.51875	0.13633	0.00325	0.03389	0.09433
1.00000	0.48490	0.01938	0.01714	0.09685	0.00891	0.08856	0.01594	0.08333	0.03916	0.14584
1.00000	0.01073	0.00294	0.00032	0.00107	0.59246	0.09837	0.02664	0.01013	0.02705	0.23028
1.00000	0.00200	0.00609	0.00043	0.00492	0.09068	0.01107	0.00306	0.04303	0.01166	0.82707
1.00000	0.01555	0.00427	0.01300	0.08393	0.01927	0.00315	0.00067	0.85218	0.00082	0.00715
1.00000	0.00088	0.00626	0.00046	0.00092	0.02489	0.00545	0.00358	0.93418	0.00105	0.02233
1.00000	0.06057	0.00308	0.03789	0.01962	0.17006	0.01249	0.04138	0.10742	0.00939	0.53809
1.00000	0.00185	0.00717	0.01022	0.08014	0.01122	0.01039	0.00080	0.82734	0.01057	0.04030
1.00000	0.00103	0.01551	0.00176	0.01992	0.11054	0.00943	0.00104	0.03619	0.00145	0.80312
1.00000	0.06814	0.01562	0.10052	0.06547	0.09361	0.00804	0.56413	0.03611	0.01377	0.03460
1.00000	0.80427	0.00163	0.01396	0.03835	0.00112	0.09075	0.03674	0.00094	0.01003	0.00222
1.00000	0.05271	0.00387	0.00826	0.14893	0.01597	0.57687	0.10825	0.03720	0.01848	0.02946
1.00000	0.01845	0.06922	0.00165	0.00423	0.00265	0.74515	0.00247	0.07631	0.05783	0.02202
1.00000	0.05045	0.01480	0.09890	0.01632	0.12404	0.01542	0.61105	0.01623	0.01309	0.03970
1.00000	0.01107	0.00305	0.01534	0.00042	0.02215	0.05885	0.73310	0.01121	0.11606	0.02875
1.00000	0.02959	0.06316	0.05232	0.00178	0.10639	0.53843	0.01994	0.05640	0.06372	0.06826
0.00000	0.01380	0.01954	0.00344	0.05003	0.04996	0.02012	0.00127	0.30270	0.04362	0.49552
1.00000	0.44250	0.04334	0.04986	0.07151	0.01146	0.12540	0.03586	0.16759	0.00637	0.04609
1.00000	0.00478	0.00170	0.00030	0.00152	0.00164	0.00077	0.00057	0.97542	0.00019	0.01310
1.00000	0.02062	0.03237	0.00997	0.00087	0.03090	0.74504	0.00369	0.09918	0.02240	0.03495
1.00000	0.00066	0.04478	0.00062	0.00421	0.11483	0.00565	0.00113	0.03578	0.00940	0.78294
1.00000	0.00268	0.05858	0.00883	0.01755	0.55157	0.03570	0.07703	0.02001	0.02770	0.20034
1.00000	0.00428	0.00273	0.01070	0.00386	0.84322	0.02298	0.00257	0.05021	0.00473	0.05471
1.00000	0.00564	0.00013	0.00253	0.00252	0.11084	0.00069	0.00456	0.01518	0.01232	0.84560
1.00000	0.00262	0.00166	0.96551	0.01101	0.00141	0.00021	0.01127	0.00041	0.00559	0.00031
1.00000	0.95610	0.00035	0.00600	0.00769	0.00029	0.00706	0.01376	0.00213	0.00531	0.00131
1.00000	0.05205	0.00909	0.75620	0.03399	0.00755	0.00469	0.09778	0.00317	0.03013	0.00537
0.00000	0.00634	0.00827	0.00124	0.00447	0.08310	0.01572	0.00124	0.37247	0.00039	0.50677
1.00000	0.00430	0.92613	0.00187	0.00193	0.04221	0.00573	0.00115	0.00870	0.00172	0.00626
1.00000	0.04061	0.03676	0.02914	0.64809	0.00215	0.14597	0.02135	0.00810	0.06224	0.00561
1.00000	0.00949	0.00499	0.90085	0.00862	0.00820	0.01106	0.00708	0.00207	0.03508	0.01256
1.00000	0.79146	0.03118	0.04912	0.00550	0.02173	0.02085	0.01131	0.01132	0.00450	0.05302
1.00000	0.07184	0.00288	0.03812	0.00466	0.00619	0.01415	0.85350	0.00035	0.00767	0.00063
1.00000	0.00256	0.89743	0.03378	0.00059	0.01251	0.00055	0.00034	0.00148	0.04315	0.00760
1.00000	0.00075	0.00038	0.00054	0.00821	0.01165	0.00212	0.00194	0.96650	0.00180	0.00610
1.00000	0.00423	0.00400	0.02868	0.00144	0.12552	0.02373	0.05064	0.62029	0.01062	0.13084
0.00000	0.12034	0.01079	0.00133	0.01372	0.32755	0.09275	0.00659	0.30094	0.02378	0.10222
0.00000	0.00204	0.00022	0.00069	0.00203	0.14000	0.03703	0.00063	0.04168	0.05086	0.72482
1.00000	0.02661	0.00528	0.02543	0.00112	0.84137	0.02647	0.01615	0.02995	0.01584	0.01178
1.00000	0.00236	0.00027	0.00054	0.00088	0.00706	0.00112	0.00129	0.96996	0.00017	0.01633
1.00000	0.01145	0.05589	0.05747	0.00378	0.09377	0.02287	0.00767	0.57576	0.04354	0.12781
1.00000	0.00607	0.00430	0.02850	0.00161	0.33021	0.01243	0.54819	0.02336	0.00183	0.04350
1.00000	0.00177	0.00119	0.03318	0.00718	0.00065	0.00271	0.00069	0.00056	0.94261	0.00947
0.00000	0.01346	0.01890	0.02371	0.00921	0.47274	0.00597	0.08813	0.14366	0.03308	0.19113
1.00000	0.08815	0.01811	0.41300	0.24273	0.03449	0.01296	0.06401	0.00079	0.12410	0.00167
1.00000	0.01898	0.03701	0.00097	0.04723	0.00034	0.82535	0.00137	0.00205	0.06595	0.00076
1.00000	0.07222	0.02006	0.00769	0.00219	0.61321	0.06572	0.04407	0.03915	0.02421	0.11149
1.00000	0.02340	0.00573	0.01417	0.79955	0.00461	0.11486	0.00503	0.00769	0.02273	0.00224
1.00000	0.00146	0.00282	0.00021	0.00085	0.71831	0.01376	0.00103	0.00273	0.00124	0.25759
1.00000	0.00280	0.00053	0.00009	0.00095	0.00026	0.00033	0.00004	0.98365	0.00004	0.01132
0.00000	0.17573	0.01693	0.11147	0.16229	0.07586	0.15278	0.03711	0.06443	0.01543	0.18798
1.00000	0.01296	0.00364	0.05783	0.01638	0.00911	0.01327	0.00517	0.00879	0.81529	0.05756
1.00000	0.00390	0.01629	0.00309	0.01621	0.04674	0.03467	0.00425	0.04543	0.79719	0.03224
1.00000	0.00441	0.04652	0.00437	0.00238	0.00780	0.00492	0.00049	0.79278	0.01424	0.12209
1.00000	0.00599	0.85989	0.00493	0.01005	0.03946	0.01429	0.00141	0.02905	0.00808	0.02685
1.00000	0.15419	0.02655	0.02108	0.73037	0.00074	0.04769	0.00988	0.00166	0.00646	0.00139
1.00000	0.02136	0.00057	0.00600	0.00099	0.00396	0.01971	0.94517	0.00030	0.00087	0.00107
1.00000	0.00151	0.00045	0.00017	0.00107	0.06711	0.00065	0.00015	0.00773	0.00947	0.91170
1.00000	0.01069	0.88171	0.00437	0.00397	0.03088	0.00283	0.00153	0.00443	0.03455	0.02503
1.00000	0.00348	0.05881	0.00712	0.00856	0.02827	0.00636	0.00126	0.84430	0.00261	0.03924
1.00000	0.01035	0.00682	0.01322	0.00716	0.79434	0.01301	0.03420	0.01786	0.02057	0.08247
0.00000	0.02427	0.09884	0.04991	0.06227	0.27070	0.07303	0.15889	0.14823	0.01286	0.10101
1.00000	0.02176	0.02672	0.28837	0.49774	0.00771	0.08803	0.02537	0.01811	0.02528	0.00089
1.00000	0.80318	0.00142	0.07382	0.00436	0.01424	0.03304	0.01254	0.00890	0.02307	0.02542
1.00000	0.04052	0.15040	0.00315	0.04856	0.03585	0.37032	0.01206	0.12245	0.06657	0.15013
1.00000	0.03635	0.00396	0.02690	0.87692	0.00024	0.02999	0.01294	0.00613	0.00548	0.00109
1.00000	0.07971	0.00719	0.69542	0.01404	0.11245	0.00231	0.07591	0.00272	0.00490	0.00535
1.00000	0.00744	0.00455	0.18541	0.69393	0.00625	0.02930	0.00530	0.00138	0.06492	0.00153
1.00000	0.11740	0.00904	0.04673	0.19494	0.00456	0.58236	0.00764	0.00199	0.01121	0.02413
1.00000	0.02567	0.00739	0.00236	0.10798	0.00120	0.76951	0.00132	0.00158	0.07414	0.00886
1.00000	0.00020	0.00072	0.00022	0.00147	0.01759	0.00037	0.00153	0.00328	0.00312	0.97152
1.00000	0.07131	0.01433	0.10304	0.20422	0.04623	0.30526	0.02906	0.05208	0.09684	0.07763
1.00000	0.00095	0.00163	0.04648	0.00545	0.01207	0.00406	0.92563	0.00050	0.00210	0.00113
1.00000	0.00202	0.00442	0.00185	0.00800	0.89472	0.00511	0.00415	0.01489	0.00113	0.06372
1.00000	0.91001	0.00061	0.01289	0.01433	0.00332	0.02756	0.02044	0.00128	0.00259	0.00697
1.00000	0.04862	0.00747	0.00514	0.01927	0.06564	0.04105	0.00256	0.04775	0.48950	0.27300
1.00000	0.95956	0.00016	0.02141	0.00143	0.00088	0.00404	0.00225	0.00027	0.00039	0.00962
1.00000	0.01068	0.01297	0.05045	0.11412	0.01339	0.02722	0.00198	0.64114	0.00731	0.12074
1.00000	0.25729	0.04776	0.37824	0.10113	0.01170	0.11384	0.01642	0.02999	0.02716	0.01646
0.00000	0.01964	0.01355	0.04699	0.00620	0.07115	0.07693	0.02400	0.33052	0.28015	0.13087
1.00000	0.02288	0.02917	0.11138	0.31722	0.00406	0.07586	0.07632	0.00724	0.33900	0.01688
1.00000	0.13166	0.03796	0.10123	0.08046	0.01268	0.25352	0.02648	0.03027	0.31545	0.01029
1.00000	0.00070	0.00221	0.00062	0.00308	0.00022	0.00119	0.00011	0.98969	0.00004	0.00213
1.00000	0.02008	0.11042	0.38580	0.29692	0.00443	0.00583	0.00869	0.02303	0.10422	0.04059
1.00000	0.00626	0.00839	0.08067	0.02191	0.02083	0.04362	0.73995	0.01797	0.02558	0.03482
1.00000	0.85210	0.00411	0.01376	0.00224	0.00661	0.02562	0.03784	0.01455	0.00207	0.04110
1.00000	0.02388	0.06067	0.00254	0.02894	0.01435	0.58982	0.05282	0.00298	0.06245	0.16154
1.00000	0.06397	0.00364	0.02195	0.07807	0.01524	0.66686	0.04206	0.02837	0.07691	0.00293
1.00000	0.02109	0.00662	0.81099	0.01508	0.00764	0.00493	0.04784	0.00667	0.06932	0.00982
1.00000	0.01845	0.01222	0.02239	0.02149	0.00718	0.87786	0.01419	0.00211	0.02173	0.00238
1.00000	0.00962	0.75254	0.00342	0.06554	0.03382	0.01628	0.00774	0.02335	0.02009	0.06761
1.00000	0.00878	0.00170	0.01213	0.95039	0.00013	0.00493	0.00971	0.00153	0.01009	0.00063
1.00000	0.00689	0.00238	0.04713	0.02658	0.05537	0.02292	0.70342	0.02245	0.03697	0.07588
1.00000	0.03017	0.00603	0.07514	0.00142	0.66075	0.02037	0.07994	0.00538	0.02434	0.09645
1.00000	0.01946	0.05720	0.01673	0.11047	0.05370	0.00108	0.00467	0.60802	0.00260	0.12607
1.00000	0.00071	0.00302	0.00266	0.00016	0.97432	0.00219	0.00072	0.00391	0.00132	0.01099
1.00000	0.96491	0.00088	0.00133	0.00349	0.00035	0.00846	0.00865	0.00111	0.00316	0.00766
1.00000	0.00916	0.12701	0.36050	0.16058	0.00278	0.00842	0.00228	0.00156	0.32037	0.00734
1.00000	0.34598	0.01551	0.17420	0.03492	0.02313	0.01714	0.08954	0.08483	0.02471	0.19004
0.00000	0.04667	0.01339	0.40806	0.33602	0.00879	0.01042	0.00291	0.10255	0.03393	0.03726
1.00000	0.00117	0.00058	0.00120	0.00861	0.09247	0.03440	0.01790	0.00394	0.04892	0.79080
1.00000	0.02258	0.00566	0.90110	0.02041	0.00098	0.01449	0.01015	0.01900	0.00376	0.00186
1.00000	0.06748	0.00330	0.00185	0.08037	0.00377	0.77869	0.00281	0.00332	0.01960	0.03880
0.00000	0.38776	0.00261	0.32711	0.02800	0.00230	0.02009	0.11065	0.03334	0.04552	0.04262
0.00000	0.01047	0.00411	0.01532	0.00228	0.37460	0.08239	0.14190	0.01213	0.04931	0.30749
1.00000	0.00073	0.00108	0.00162	0.06687	0.04678	0.01774	0.00276	0.02336	0.10746	0.73162
1.00000	0.00098	0.00291	0.00068	0.01124	0.09867	0.00330	0.00077	0.01862	0.00315	0.85968
1.00000	0.01571	0.00650	0.13143	0.05262	0.02758	0.01753	0.66059	0.02331	0.02135	0.04338
1.00000	0.02043	0.01757	0.18850	0.08859	0.05653	0.06093	0.00939	0.00455	0.51799	0.03552
1.00000	0.16502	0.00842	0.77781	0.02955	0.00249	0.00026	0.00452	0.00189	0.00478	0.00526
1.00000	0.76939	0.00090	0.01500	0.05171	0.00442	0.04991	0.05077	0.00259	0.02406	0.03125
1.00000	0.00628	0.02529	0.01182	0.05394	0.00617	0.00566	0.00321	0.01748	0.81558	0.05458
1.00000	0.07812	0.02060	0.00366	0.01754	0.00741	0.80112	0.03878	0.00072	0.02583	0.00622
1.00000	0.00130	0.00204	0.00088	0.00349	0.72018	0.00981	0.02341	0.01749	0.00353	0.21787
1.00000	0.02488	0.00128	0.00828	0.00108	0.01093	0.00704	0.94368	0.00072	0.00057	0.00153
1.00000	0.02252	0.00567	0.04007	0.00174	0.64162	0.00813	0.02678	0.00807	0.01503	0.23039
1.00000	0.00728	0.00033	0.00292	0.00610	0.00284	0.00041	0.00082	0.97102	0.00127	0.00701
1.00000	0.03117	0.03331	0.05876	0.68087	0.00659	0.02969	0.00546	0.04345	0.02250	0.08820
1.00000	0.04693	0.00914	0.02972	0.00293	0.00691	0.02007	0.00152	0.01766	0.81067	0.05444
0.00000	0.00421	0.00654	0.21373	0.15933	0.00580	0.00119	0.00049	0.01307	0.56560	0.03003
1.00000	0.26988	0.00475	0.10893	0.00776	0.19368	0.01552	0.10815	0.16487	0.02198	0.10448
1.00000	0.01291	0.01574	0.01368	0.55407	0.05566	0.14146	0.07455	0.05567	0.03471	0.04157
1.00000	0.03289	0.01103	0.01018	0.00430	0.00569	0.02802	0.85705	0.00091	0.04417	0.00577
1.00000	0.00594	0.93191	0.01056	0.00045	0.02186	0.00119	0.00015	0.00691	0.01815	0.00288
1.00000	0.04625	0.00756	0.01223	0.86436	0.00032	0.03435	0.00076	0.00142	0.02915	0.00360
1.00000	0.18721	0.00904	0.06027	0.15295	0.01946	0.06645	0.01872	0.00867	0.40889	0.06834
1.00000	0.04611	0.01358	0.05613	0.10301	0.04440	0.03236	0.03901	0.00682	0.60577	0.05282
1.00000	0.04699	0.00677	0.00344	0.00339	0.01045	0.88835	0.01867	0.00760	0.00353	0.01082
0.00000	0.23775	0.01334	0.16024	0.11578	0.05407	0.05075	0.04796	0.08912	0.09443	0.13655
1.00000	0.07567	0.00809	0.13547	0.64420	0.00338	0.02065	0.01466	0.00613	0.06154	0.03021
1.00000	0.34026	0.01448	0.21312	0.34325	0.00208	0.01322	0.01222	0.01565	0.03142	0.01428
1.00000	0.00158	0.00323	0.00169	0.00552	0.65914	0.00604	0.00757	0.05384	0.01470	0.24668
1.00000	0.02065	0.02249	0.25916	0.47026	0.00300	0.01691	0.06088	0.01264	0.12152	0.01249
0.00000	0.00691	0.02727	0.48144	0.13697	0.08855	0.03005	0.03560	0.12805	0.01312	0.05205
1.00000	0.12617	0.01332	0.08449	0.05842	0.06392	0.06808	0.02442	0.08592	0.34724	0.12802
1.00000	0.04176	0.00630	0.18865	0.10044	0.03669	0.12786	0.00531	0.01972	0.44966	0.02360
1.00000	0.96995	0.00006	0.00488	0.00511	0.00017	0.00427	0.00773	0.00150	0.00239	0.00394
1.00000	0.01552	0.00184	0.00259	0.04000	0.00159	0.89378	0.02789	0.00766	0.00587	0.00325
1.00000	0.00647	0.01174	0.10771	0.86526	0.00060	0.00102	0.00228	0.00063	0.00391	0.00039
1.00000	0.02994	0.00809	0.01021	0.00050	0.61916	0.03900	0.04962	0.09278	0.01723	0.13348
1.00000	0.01602	0.04712	0.02271	0.00164	0.65433	0.01762	0.03202	0.02120	0.01181	0.17554
1.00000	0.00015	0.00138	0.00020	0.00353	0.01726	0.00042	0.00017	0.02251	0.02767	0.92671
1.00000	0.02613	0.00211	0.00135	0.00530	0.13764	0.19107	0.00975	0.21821	0.02302	0.38540
1.00000	0.01547	0.00371	0.21571	0.73921	0.00103	0.00181	0.00553	0.00545	0.00931	0.00275
1.00000	0.00344	0.00054	0.07514	0.05215	0.10332	0.01228	0.00507	0.02691	0.07790	0.64324
1.00000	0.06375	0.00786	0.00476	0.01246	0.01700	0.17384	0.01246	0.00117	0.42079	0.28590
1.00000	0.00033	0.00887	0.00008	0.00156	0.10011	0.00169	0.00243	0.00257	0.00459	0.87779
1.00000	0.01898	0.01680	0.00722	0.06564	0.04755	0.05113	0.00477	0.00469	0.55806	0.22516
1.00000	0.91446	0.00428	0.00944	0.00396	0.00113	0.00586	0.04597	0.00929	0.00210	0.00352
1.00000	0.00290	0.84507	0.06083	0.00142	0.04732	0.00140	0.00070	0.00172	0.01509	0.02356
1.00000	0.01336	0.00166	0.00757	0.49756	0.03621	0.01315	0.00146	0.00410	0.23240	0.19252
1.00000	0.93371	0.00050	0.00322	0.00616	0.00013	0.01949	0.02153	0.00036	0.01363	0.00127
1.00000	0.00770	0.00410	0.64868	0.01414	0.19271	0.01493	0.01599	0.05012	0.00428	0.04737
1.00000	0.00057	0.00101	0.00018	0.01219	0.03319	0.00072	0.00072	0.06225	0.04649	0.84269
1.00000	0.00036	0.02589	0.00017	0.00050	0.01047	0.00097	0.00022	0.92578	0.00462	0.03103
1.00000	0.01504	0.00971	0.04995	0.06201	0.02782	0.10103	0.12083	0.00207	0.59064	0.02090
1.00000	0.16662	0.00491	0.02738	0.00650	0.11480	0.04699	0.00686	0.53619	0.00805	0.08170
1.00000	0.98091	0.00009	0.00870	0.00157	0.00086	0.00164	0.00381	0.00040	0.00093	0.00109
1.00000	0.00782	0.00308	0.00086	0.01036	0.10679	0.00127	0.00121	0.04833	0.02127	0.79901
1.00000	0.03953	0.00178	0.21288	0.01228	0.09219	0.02087	0.56749	0.00348	0.02623	0.02326
1.00000	0.00466	0.05063	0.00368	0.00496	0.00430	0.00152	0.00274	0.78472	0.00433	0.13846
1.00000	0.00868	0.00165	0.00188	0.00075	0.72793	0.02862	0.00499	0.04136	0.00718	0.17695
1.00000	0.00319	0.00055	0.00470	0.00050	0.03066	0.00246	0.01013	0.72371	0.00071	0.22339
1.00000	0.03234	0.59126	0.14626	0.01184	0.05279	0.01014	0.00505	0.01505	0.11180	0.02347
1.00000	0.00193	0.00280	0.00210	0.01912	0.04761	0.01033	0.00064	0.01084	0.08217	0.82246
1.00000	0.07345	0.01538	0.46089	0.27745	0.00548	0.00274	0.02755	0.11585	0.01125	0.00996
1.00000	0.22245	0.01305	0.36939	0.17327	0.03071	0.02146	0.02448	0.03874	0.06917	0.03728
1.00000	0.00182	0.00057	0.79605	0.16241	0.00171	0.00139	0.02224	0.00044	0.00822	0.00515
1.00000	0.00180	0.92761	0.00095	0.00562	0.04493	0.00569	0.00148	0.00238	0.00261	0.00692
1.00000	0.00099	0.01680	0.03283	0.04038	0.01154	0.02374	0.00628	0.00152	0.84599	0.01994
1.00000	0.00137	0.00182	0.01007	0.87204	0.01214	0.00403	0.00095	0.00236	0.08656	0.00867
1.00000	0.04684	0.00145	0.03942	0.82344	0.01858	0.02392	0.00244	0.00215	0.03998	0.00178
1.00000	0.00111	0.00076	0.00317	0.96099	0.00028	0.00100	0.00009	0.00020	0.03043	0.00197
1.00000	0.00455	0.00035	0.01573	0.00071	0.01101	0.00100	0.00371	0.93535	0.00017	0.02742
1.00000	0.72170	0.01073	0.03790	0.07294	0.00232	0.04878	0.02596	0.05158	0.00587	0.02222
1.00000	0.21587	0.00449	0.05748	0.00998	0.13587	0.04125	0.01074	0.06023	0.05742	0.40668
1.00000	0.47641	0.00270	0.04678	0.00232	0.11179	0.04326	0.04383	0.12000	0.00675	0.14616
1.00000	0.03923	0.00265	0.02488	0.39346	0.02182	0.09918	0.01765	0.00694	0.28076	0.11343
1.00000	0.00460	0.93336	0.00236	0.00529	0.01579	0.00301	0.00070	0.00164	0.01910	0.01414
1.00000	0.05259	0.03642	0.01410	0.69904	0.00035	0.09333	0.00268	0.00389	0.08166	0.01594
1.00000	0.00972	0.03997	0.00381	0.00509	0.05428	0.05820	0.02045	0.79077	0.00229	0.01542
1.00000	0.02045	0.00121	0.00298	0.01163	0.00750	0.91059	0.02513	0.00084	0.01261	0.00705
0.00000	0.10031	0.47524	0.01146	0.02875	0.00148	0.28420	0.05770	0.00586	0.03407	0.00094
1.00000	0.04001	0.00941	0.00739	0.00995	0.01629	0.02457	0.00252	0.08277	0.75072	0.05638
1.00000	0.00611	0.02771	0.00557	0.01657	0.05030	0.00284	0.00179	0.72585	0.00146	0.16180
1.00000	0.02325	0.00323	0.02683	0.14188	0.00861	0.02057	0.00500	0.07123	0.60243	0.09697
1.00000	0.00190	0.07517	0.00529	0.00520	0.62897	0.00291	0.00661	0.01185	0.03913	0.22297
1.00000	0.07039	0.03378	0.00763	0.03173	0.00378	0.77864	0.00868	0.00146	0.04327	0.02062
1.00000	0.02059	0.01315	0.02826	0.00209	0.86587	0.00999	0.01274	0.00599	0.02174	0.01957
1.00000	0.03040	0.01681	0.85091	0.01116	0.03810	0.00664	0.01918	0.00086	0.02451	0.00142
1.00000	0.00885	0.01848	0.00112	0.00753	0.07351	0.00201	0.00307	0.01874	0.07545	0.79124
1.00000	0.00717	0.91573	0.00155	0.00223	0.02265	0.00650	0.00066	0.00826	0.03035	0.00490
1.00000	0.00053	0.00789	0.00097	0.00021	0.71003	0.02447	0.00117	0.00119	0.00041	0.25312
1.00000	0.03212	0.02342	0.03566	0.13047	0.00423	0.07503	0.00481	0.00325	0.62610	0.06492
1.00000	0.00096	0.00044	0.00004	0.00190	0.07420	0.00266	0.00029	0.00780	0.00059	0.91113
1.00000	0.08430	0.03503	0.00895	0.04740	0.01704	0.44619	0.01740	0.10264	0.15789	0.08316
0.00000	0.04559	0.23855	0.01024	0.11910	0.11229	0.24077	0.02584	0.11538	0.01190	0.08034
1.00000	0.00390	0.00569	0.00110	0.00250	0.00173	0.00714	0.00045	0.01416	0.88656	0.07678
1.00000	0.06038	0.00895	0.17236	0.16391	0.00274	0.04183	0.02080	0.00457	0.52221	0.00224
1.00000	0.84511	0.00454	0.00800	0.02690	0.00032	0.02540	0.02100	0.00931	0.04974	0.00968
1.00000	0.01220	0.03535	0.01778	0.07460	0.05207	0.47421	0.25182	0.00323	0.06183	0.01692
1.00000	0.13161	0.02096	0.69221	0.03503	0.01595	0.04610	0.01192	0.00838	0.02729	0.01056
1.00000	0.13351	0.01664	0.00364	0.01750	0.04589	0.18982	0.50192	0.00367	0.08029	0.00713
1.00000	0.03562	0.01636	0.13660	0.03986	0.02136	0.02130	0.00599	0.63505	0.05527	0.03259
1.00000	0.01158	0.00900	0.02404	0.69558	0.00640	0.07815	0.01023	0.05525	0.05219	0.05756
1.00000	0.00205	0.00107	0.00017	0.00244	0.04965	0.00221	0.00073	0.00588	0.02932	0.90646
1.00000	0.00107	0.00131	0.95296	0.00956	0.00223	0.00778	0.01716	0.00458	0.00218	0.00114
1.00000	0.00810	0.01563	0.00344	0.06522	0.00789	0.01961	0.00270	0.03942	0.78508	0.05292
1.00000	0.07839	0.06456	0.00112	0.01287	0.04162	0.56793	0.10013	0.00715	0.01084	0.11539
0.00000	0.11431	0.00716	0.14072	0.12035	0.09391	0.07610	0.10540	0.17178	0.08651	0.08375
1.00000	0.00088	0.02334	0.00027	0.00391	0.05802	0.02655	0.00084	0.02987	0.00338	0.85294
1.00000	0.01495	0.00059	0.91299	0.03167	0.02335	0.00276	0.00268	0.00583	0.00174	0.00343
1.00000	0.00377	0.00064	0.02662	0.00403	0.03658	0.00147	0.87710	0.00810	0.03177	0.00991
1.00000	0.00296	0.00631	0.00042	0.00744	0.11046	0.00490	0.00051	0.00562	0.01065	0.85073
1.00000	0.00283	0.03527	0.72051	0.07880	0.03229	0.00962	0.02057	0.07868	0.00288	0.01855
1.00000	0.97696	0.00048	0.00193	0.00140	0.00011	0.01499	0.00041	0.00050	0.00222	0.00100
1.00000	0.09069	0.08399	0.05183	0.02657	0.07123	0.11271	0.49830	0.01050	0.04106	0.01313
0.00000	0.00684	0.01115	0.04098	0.19058	0.04678	0.02288	0.01303	0.00306	0.54834	0.11635
1.00000	0.91725	0.01065	0.00607	0.00210	0.00470	0.03384	0.01634	0.00103	0.00585	0.00217
1.00000	0.29304	0.01776	0.15123	0.00554	0.01564	0.15754	0.31653	0.01886	0.00747	0.01640
1.00000	0.46318	0.01015	0.02785	0.05024	0.00821	0.26540	0.02727	0.04621	0.00480	0.09669
1.00000	0.05085	0.04525	0.01510	0.71952	0.00087	0.04858	0.03867	0.00321	0.05373	0.02424
1.00000	0.00106	0.00864	0.84662	0.10444	0.00131	0.00495	0.00870	0.01097	0.00391	0.00939
1.00000	0.00401	0.00086	0.02124	0.00081	0.02418	0.00186	0.93002	0.00084	0.01045	0.00573
1.00000	0.01078	0.05489	0.03739	0.09612	0.04204	0.09256	0.00724	0.07632	0.02431	0.55835
1.00000	0.00681	0.00472	0.00034	0.01017	0.00081	0.00113	0.00017	0.92336	0.00137	0.05113
1.00000	0.00215	0.00031	0.00132	0.01203	0.07621	0.00634	0.00059	0.01426	0.02181	0.86499
1.00000	0.74793	0.01123	0.00836	0.02740	0.00047	0.10789	0.00630	0.03436	0.02597	0.03009
1.00000	0.00893	0.00028	0.00172	0.00377	0.09974	0.00181	0.00276	0.16994	0.00315	0.70790
0.00000	0.26036	0.00526	0.09033	0.38322	0.03623	0.04603	0.05014	0.00267	0.10699	0.01875
1.00000	0.05064	0.01717	0.08959	0.00589	0.05897	0.03072	0.00694	0.01970	0.46802	0.25237
1.00000	0.00316	0.00202	0.10960	0.00414	0.13582	0.00672	0.68337	0.00949	0.00824	0.03744
1.00000	0.00309	0.00246	0.00027	0.02715	0.04890	0.00883	0.00172	0.85456	0.00247	0.05054
1.00000	0.14874	0.00230	0.00162	0.01964	0.00414	0.77068	0.01526	0.00149	0.02617	0.00996
1.00000	0.85365	0.00117	0.01311	0.01227	0.00374	0.07008	0.02098	0.00095	0.01921	0.00483
1.00000	0.00568	0.95544	0.00362	0.00164	0.01289	0.00506	0.00050	0.00233	0.01204	0.00081
0.00000	0.35803	0.02569	0.02797	0.23248	0.00192	0.20040	0.03587	0.06975	0.03546	0.01242
1.00000	0.03131	0.01214	0.68935	0.00361	0.10233	0.02138	0.00924	0.01747	0.02301	0.09016
1.00000	0.08222	0.00876	0.00206	0.00917	0.00268	0.86618	0.00098	0.00110	0.02457	0.00227
1.00000	0.01146	0.00941	0.01849	0.01404	0.57019	0.02175	0.03833	0.04569	0.01127	0.25937
1.00000	0.00283	0.07113	0.02092	0.01609	0.12750	0.01075	0.02336	0.68747	0.00066	0.03929
1.00000	0.02300	0.01378	0.36396	0.26146	0.01169	0.04914	0.01480	0.06513	0.19278	0.00427
1.00000	0.00721	0.00354	0.09038	0.04756	0.07510	0.02319	0.00533	0.00061	0.71122	0.03584
1.00000	0.00568	0.00022	0.00125	0.00048	0.00207	0.00469	0.96818	0.00022	0.00875	0.00846
1.00000	0.10888	0.00103	0.09879	0.01426	0.13212	0.01709	0.37677	0.01128	0.16821	0.07156
1.00000	0.00360	0.93865	0.00182	0.00125	0.01598	0.00249	0.00147	0.00821	0.00182	0.02471
0.00000	0.60307	0.00804	0.18518	0.02516	0.00559	0.02770	0.02994	0.02917	0.06179	0.02436
1.00000	0.00283	0.00103	0.00222	0.00254	0.00102	0.00115	0.00019	0.96828	0.00092	0.01982
1.00000	0.01963	0.01279	0.62228	0.00541	0.16212	0.02585	0.02520	0.04322	0.03847	0.04503
1.00000	0.09813	0.00371	0.35989	0.30757	0.01830	0.06994	0.02151	0.00188	0.11401	0.00507
1.00000	0.14663	0.03834	0.01300	0.09508	0.05275	0.54209	0.04033	0.00337	0.05571	0.01272
1.00000	0.00033	0.00019	0.00036	0.00130	0.00334	0.00082	0.00013	0.94532	0.00129	0.04691
1.00000	0.09649	0.02871	0.00755	0.07024	0.01433	0.11764	0.60159	0.00505	0.03032	0.02807
1.00000	0.86315	0.00161	0.03083	0.02330	0.00066	0.03243	0.02119	0.00972	0.00051	0.01660
1.00000	0.02119	0.01059	0.00886	0.70544	0.00487	0.12014	0.02341	0.00253	0.03917	0.06380
1.00000	0.00014	0.00146	0.00010	0.00061	0.77204	0.00089	0.00055	0.00364	0.00247	0.21811
1.00000	0.00842	0.00554	0.92277	0.01494	0.00678	0.00301	0.01352	0.00412	0.01690	0.00400
1.00000	0.02505	0.00694	0.01137	0.00613	0.50139	0.03863	0.07012	0.01923	0.11160	0.20952
1.00000	0.06721	0.01654	0.01353	0.17579	0.00167	0.55630	0.00533	0.01788	0.10641	0.03934
1.00000	0.02344	0.87884	0.00358	0.00482	0.03462	0.01002	0.01196	0.00139	0.02854	0.00278
1.00000	0.02765	0.14004	0.02957	0.07035	0.13080	0.03124	0.00475	0.42382	0.00473	0.13706
1.00000	0.00874	0.00525	0.16379	0.05090	0.02212	0.11274	0.09351	0.00533	0.52294	0.01468
1.00000	0.67996	0.01514	0.16119	0.00734	0.02500	0.01769	0.03848	0.00248	0.04406	0.00866
1.00000	0.00212	0.91017	0.00149	0.00306	0.04198	0.00110	0.00156	0.00151	0.00552	0.03148
1.00000	0.02968	0.02862	0.01622	0.00401	0.78408	0.00555	0.01966	0.01641	0.02723	0.06854
1.00000	0.00290	0.00270	0.02768	0.01035	0.79544	0.01589	0.00916	0.08558	0.00931	0.04099
1.00000	0.09995	0.01166	0.00353	0.02165	0.02192	0.65722	0.00364	0.03503	0.07050	0.07489
1.00000	0.01335	0.00726	0.00147	0.05203	0.06931	0.53198	0.00418	0.16160	0.08803	0.07078
1.00000	0.00090	0.00100	0.00102	0.03226	0.10745	0.00464	0.00657	0.00637	0.01302	0.82678
1.00000	0.70457	0.00746	0.13771	0.03339	0.02421	0.00804	0.01330	0.00301	0.02831	0.03998
1.00000	0.00408	0.00242	0.97382	0.01283	0.00066	0.00018	0.00471	0.00006	0.00085	0.00039
1.00000	0.01019	0.77132	0.00308	0.05133	0.00829	0.00978	0.00332	0.00521	0.08647	0.05102
1.00000	0.01456	0.00277	0.00410	0.00062	0.86287	0.00409	0.01594	0.06768	0.00336	0.02401
1.00000	0.84740	0.00261	0.02276	0.03422	0.01726	0.01477	0.00496	0.00959	0.02045	0.02599
1.00000	0.00174	0.00022	0.00034	0.00074	0.00085	0.00065	0.00065	0.98960	0.00009	0.00513
1.00000	0.02758	0.03345	0.10089	0.07168	0.07793	0.02382	0.13148	0.03388	0.40170	0.09759
1.00000	0.08799	0.00633	0.00538	0.06836	0.08868	0.30841	0.00910	0.05549	0.06670	0.30355
0.00000	0.01379	0.35598	0.02733	0.04059	0.04474	0.06595	0.00169	0.12900	0.09204	0.22889
1.00000	0.00198	0.00422	0.00741	0.00450	0.20811	0.01044	0.01468	0.00277	0.04278	0.70311
1.00000	0.16024	0.01159	0.00759	0.11254	0.01333	0.49539	0.00580	0.00661	0.16071	0.02619
0.00000	0.06162	0.05469	0.00744	0.13965	0.08728	0.09983	0.12026	0.02574	0.25271	0.15079
1.00000	0.00149	0.00039	0.00055	0.00103	0.94112	0.00284	0.00361	0.00410	0.00109	0.04377
1.00000	0.00127	0.00203	0.00912	0.07584	0.12685	0.00080	0.00258	0.68456	0.00155	0.09541
1.00000	0.01016	0.88106	0.00160	0.00678	0.05033	0.00162	0.00267	0.03903	0.00195	0.00481
1.00000	0.00488	0.00413	0.01242	0.00200	0.03705	0.02442	0.01176	0.86424	0.00405	0.03505
1.00000	0.00389	0.06928	0.01179	0.01094	0.00959	0.00221	0.00024	0.77200	0.03635	0.08370
1.00000	0.04193	0.10749	0.63341	0.08128	0.00366	0.01050	0.05175	0.01645	0.05148	0.00206
1.00000	0.00498	0.00110	0.95640	0.02497	0.00071	0.00047	0.00477	0.00199	0.00038	0.00422
1.00000	0.00252	0.93264	0.00133	0.00142	0.01199	0.00282	0.00186	0.01309	0.00203	0.03030
1.00000	0.00246	0.94534	0.00240	0.00059	0.03262	0.00093	0.00069	0.00684	0.00568	0.00246
1.00000	0.00245	0.00111	0.00038	0.00294	0.12302	0.02692	0.00075	0.00715	0.02160	0.81367
1.00000	0.00541	0.92970	0.00336	0.00204	0.03825	0.00674	0.00350	0.00629	0.00164	0.00308
1.00000	0.59864	0.00289	0.00756	0.00480	0.00996	0.03998	0.02451	0.08970	0.00579	0.21618
1.00000	0.00167	0.00045	0.00729	0.00433	0.00606	0.01971	0.00016	0.00336	0.93093	0.02605
1.00000	0.89082	0.00187	0.00758	0.00433	0.00187	0.02293	0.03519	0.00068	0.02681	0.00791
1.00000	0.00022	0.00339	0.00107	0.00028	0.97729	0.00238	0.00940	0.00185	0.00186	0.00226
1.00000	0.00895	0.15197	0.00759	0.00754	0.45770	0.02540	0.01716	0.00340	0.02181	0.29850
1.00000	0.21139	0.00992	0.61434	0.03136	0.03449	0.02242	0.04781	0.00575	0.00989	0.01263
1.00000	0.02140	0.01145	0.03145	0.87029	0.00238	0.03897	0.00115	0.00122	0.01882	0.00286
1.00000	0.00090	0.00095	0.01874	0.00289	0.00208	0.00061	0.00038	0.94036	0.01541	0.01768
1.00000	0.81391	0.00544	0.03507	0.02335	0.00395	0.00518	0.02899	0.00813	0.00671	0.06927
1.00000	0.00459	0.00059	0.00330	0.00019	0.00595	0.03554	0.93371	0.00387	0.00123	0.01104
1.00000	0.00125	0.00827	0.00092	0.00526	0.85595	0.01406	0.00199	0.00320	0.01197	0.09713
1.00000	0.00848	0.03357	0.00414	0.13895	0.03376	0.00160	0.00076	0.73798	0.00503	0.03571
1.00000	0.02846	0.01805	0.22732	0.14069	0.03837	0.00469	0.00519	0.04635	0.39544	0.09544
1.00000	0.00157	0.93569	0.00168	0.00084	0.04158	0.00396	0.00092	0.00534	0.00228	0.00614
1.00000	0.05618	0.20640	0.02370	0.43086	0.06120	0.06279	0.00388	0.00590	0.08052	0.06857
1.00000	0.01597	0.01389	0.01779	0.71652	0.00244	0.00445	0.00048	0.03314	0.17369	0.02163
1.00000	0.00766	0.06536	0.78345	0.02155	0.00439	0.02281	0.02897	0.00052	0.06268	0.00260
1.00000	0.03184	0.00384	0.79334	0.01096	0.00446	0.00551	0.13087	0.00241	0.01544	0.00133
0.00000	0.07865	0.01619	0.27179	0.22670	0.01101	0.05395	0.00334	0.01275	0.30613	0.01948
1.00000	0.92640	0.00031	0.00989	0.00621	0.00039	0.00225	0.05118	0.00017	0.00243	0.00078
1.00000	0.01670	0.00422	0.81656	0.00503	0.03148	0.00377	0.07533	0.00155	0.03481	0.01055
1.00000	0.02574	0.00182	0.05876	0.83850	0.00144	0.06024	0.00251	0.00279	0.00682	0.00137
1.00000	0.04017	0.02481	0.07506	0.11156	0.01617	0.23425	0.05707	0.00339	0.41679	0.02072
1.00000	0.03212	0.00704	0.03700	0.00159	0.00850	0.01192	0.85544	0.00312	0.00462	0.03865
1.00000	0.00375	0.01335	0.00053	0.02161	0.04812	0.01799	0.00080	0.01771	0.01434	0.86179
0.00000	0.04685	0.22133	0.01521	0.15508	0.04484	0.06374	0.00749	0.19694	0.04156	0.20697
1.00000	0.00183	0.03474	0.05005	0.03759	0.14941	0.02886	0.63709	0.01539	0.01484	0.03021
1.00000	0.01625	0.00922	0.01618	0.02948	0.01018	0.04904	0.00315	0.01481	0.78579	0.06591
1.00000	0.00679	0.00488	0.00511	0.03104	0.00043	0.91461	0.01453	0.00019	0.02218	0.00026
1.00000	0.07100	0.04063	0.15621	0.06019	0.30798	0.01181	0.11977	0.00384	0.20401	0.02455
1.00000	0.00833	0.00178	0.00788	0.01427	0.10512	0.00150	0.02182	0.00273	0.01983	0.81675
1.00000	0.00814	0.07196	0.00216	0.00804	0.00532	0.02584	0.00081	0.80159	0.00198	0.07416
1.00000	0.03296	0.33888	0.47116	0.04258	0.00100	0.00665	0.01769	0.00187	0.08301	0.00421
1.00000	0.00063	0.02451	0.00066	0.00054	0.00051	0.00101	0.00023	0.96811	0.00042	0.00338
1.00000	0.07047	0.00115	0.04620	0.01075	0.00491	0.00938	0.00192	0.02824	0.71991	0.10706
0.00000	0.01304	0.00243	0.00377	0.33114	0.01085	0.06082	0.00144	0.03074	0.41987	0.12591
1.00000	0.04108	0.00644	0.01369	0.06839	0.01336	0.74939	0.06192	0.00422	0.03497	0.00653
1.00000	0.47710	0.02084	0.16919	0.01041	0.02898	0.05362	0.12390	0.04028	0.02714	0.04854
0.00000	0.02258	0.22181	0.26713	0.04436	0.02482	0.00084	0.00257	0.23902	0.13698	0.03990
1.00000	0.00075	0.00351	0.00022	0.00049	0.78930	0.00485	0.00219	0.00178	0.00210	0.19482
1.00000	0.00334	0.00194	0.01941	0.01413	0.08554	0.00097	0.01150	0.01004	0.03347	0.81966
1.00000	0.01837	0.02192	0.05857	0.65485	0.02009	0.09910	0.01657	0.00823	0.08519	0.01713
1.00000	0.13928	0.00188	0.00877	0.14950	0.00234	0.64467	0.00132	0.00075	0.04828	0.00321
1.00000	0.00263	0.00141	0.00399	0.00108	0.92458	0.01016	0.00108	0.02368	0.00510	0.02629
1.00000	0.06725	0.02059	0.32946	0.38123	0.03785	0.00989	0.05272	0.00873	0.07791	0.01437
1.00000	0.93223	0.00039	0.01751	0.01517	0.00131	0.00348	0.01275	0.00154	0.01031	0.00529
1.00000	0.00373	0.00286	0.61448	0.36339	0.00036	0.00451	0.00145	0.00130	0.00736	0.00055
1.00000	0.06165	0.00629	0.20947	0.01076	0.18704	0.01855	0.06527	0.01508	0.01434	0.41154
1.00000	0.27907	0.00484	0.03229	0.54898	0.00695	0.07087	0.01754	0.00965	0.01885	0.01096
1.00000	0.00142	0.94528	0.00364	0.00114	0.03507	0.00230	0.00039	0.00379	0.00049	0.00647
1.00000	0.06198	0.00231	0.02417	0.00409	0.00411	0.20978	0.67551	0.00385	0.00922	0.00498
1.00000	0.00124	0.00089	0.00009	0.00529	0.03101	0.00147	0.00017	0.00462	0.00054	0.95468
1.00000	0.00898	0.89211	0.00172	0.00341	0.05267	0.00202	0.00069	0.00617	0.00167	0.03055
1.00000	0.00107	0.00188	0.00007	0.00901	0.04043	0.00138	0.00019	0.06862	0.00533	0.87203
1.00000	0.04320	0.00508	0.04683	0.88333	0.00045	0.00791	0.00366	0.00090	0.00693	0.00170
0.00000	0.47115	0.01028	0.33081	0.08686	0.00287	0.02127	0.03531	0.01117	0.01912	0.01116
1.00000	0.01517	0.01003	0.01686	0.00544	0.67876	0.00781	0.10812	0.00739	0.00357	0.14687
1.00000	0.00366	0.01242	0.00018	0.00126	0.65876	0.03947	0.00090	0.03457	0.00077	0.24803
1.00000	0.04107	0.04422	0.03332	0.79796	0.00273	0.01608	0.00240	0.02428	0.01880	0.01913
1.00000	0.83738	0.00812	0.01496	0.02323	0.00559	0.04235	0.00350	0.02389	0.00556	0.03542
1.00000	0.01370	0.02169	0.01500	0.00312	0.69359	0.00693	0.07603	0.03856	0.00903	0.12235
1.00000	0.04471	0.00067	0.00525	0.00049	0.72191	0.01520	0.01709	0.01986	0.03574	0.13908
1.00000	0.01757	0.83507	0.02817	0.00993	0.02033	0.00578	0.00097	0.03352	0.04359	0.00507
1.00000	0.03883	0.00934	0.01177	0.45186	0.00609	0.19581	0.00571	0.01896	0.14710	0.11453
1.00000	0.57438	0.00414	0.09628	0.09386	0.01908	0.05892	0.06869	0.01903	0.03698	0.02865
1.00000	0.00082	0.00296	0.00034	0.00500	0.03354	0.01834	0.00163	0.03494	0.03306	0.86936
1.00000	0.00064	0.00079	0.00028	0.00550	0.14470	0.00042	0.00104	0.00633	0.00776	0.83253
1.00000	0.10813	0.14872	0.04879	0.01465	0.02341	0.13780	0.43941	0.00787	0.04500	0.02622
1.00000	0.02931	0.00619	0.16113	0.06135	0.00141	0.01105	0.00445	0.00007	0.72218	0.00288
1.00000	0.01613	0.02713	0.55209	0.25094	0.02126	0.03771	0.01035	0.03645	0.02510	0.02285
0.00000	0.06587	0.04890	0.00157	0.20556	0.07007	0.28739	0.03564	0.03222	0.01488	0.23790
1.00000	0.00311	0.21132	0.00499	0.00523	0.13336	0.01680	0.00229	0.47179	0.00353	0.14758
1.00000	0.05509	0.00619	0.03603	0.13157	0.00354	0.63252	0.06797	0.00253	0.06086	0.00371
1.00000	0.00662	0.03645	0.08337	0.17683	0.13895	0.00879	0.04833	0.33489	0.05928	0.10649
1.00000	0.01943	0.11477	0.01886	0.01695	0.01641	0.02126	0.00185	0.00719	0.70252	0.08077
1.00000	0.01130	0.00632	0.00737	0.00680	0.10286	0.00349	0.00462	0.10311	0.18382	0.57031
1.00000	0.07575	0.00345	0.72101	0.01279	0.01181	0.03004	0.03724	0.00117	0.07700	0.02973
1.00000	0.07719	0.04451	0.00757	0.00045	0.00864	0.71240	0.07915	0.00750	0.03144	0.03115
1.00000	0.00976	0.00167	0.82597	0.06226	0.01971	0.00906	0.03193	0.00519	0.01036	0.02409
1.00000	0.07664	0.00370	0.02744	0.58950	0.00898	0.23838	0.01178	0.01572	0.01378	0.01408
1.00000	0.11218	0.00282	0.03955	0.00358	0.02881	0.12953	0.01077	0.02080	0.50648	0.14549
1.00000	0.02294	0.00321	0.45637	0.19608	0.00582	0.03167	0.00400	0.00551	0.26605	0.00835
1.00000	0.00342	0.02039	0.01402	0.84470	0.00214	0.02950	0.00233	0.01326	0.06757	0.00267
1.00000	0.00779	0.00586	0.00041	0.00947	0.05931	0.00494	0.00129	0.01519	0.03735	0.85839
1.00000	0.00164	0.00016	0.00132	0.00057	0.00069	0.00744	0.98414	0.00140	0.00123	0.00140
1.00000	0.00596	0.04278	0.00191	0.01611	0.03739	0.00498	0.00046	0.83977	0.00064	0.05000
1.00000	0.92892	0.00088	0.02967	0.00246	0.00669	0.01137	0.01404	0.00019	0.00200	0.00379
1.00000	0.93315	0.00593	0.00527	0.01723	0.00095	0.00850	0.02419	0.00107	0.00073	0.00298
1.00000	0.02609	0.00855	0.03564	0.00263	0.03420	0.83089	0.01542	0.00901	0.02169	0.01588
1.00000	0.02770	0.00482	0.74659	0.03762	0.00535	0.00298	0.15422	0.00209	0.01537	0.00325
1.00000	0.03259	0.00424	0.20450	0.69323	0.00199	0.00897	0.01352	0.00692	0.03074	0.00330
1.00000	0.02065	0.00786	0.66081	0.09413	0.07365	0.04340	0.00635	0.02195	0.05346	0.01774
1.00000	0.04072	0.00153	0.00219	0.00086	0.00235	0.80898	0.00294	0.00260	0.07248	0.06535
1.00000	0.00190	0.88780	0.00184	0.00788	0.03409	0.02078	0.00936	0.01019	0.00932	0.01684
1.00000	0.71714	0.00193	0.11084	0.00789	0.02662	0.01830	0.06699	0.00789	0.01142	0.03098
1.00000	0.05267	0.01674	0.17009	0.28912	0.00978	0.01072	0.03955	0.33876	0.05554	0.01704
1.00000	0.02807	0.01188	0.02984	0.00914	0.03622	0.00871	0.02003	0.00945	0.83169	0.01497
0.00000	0.00212	0.03253	0.00300	0.00256	0.26549	0.00417	0.00539	0.00403	0.00940	0.67132
1.00000	0.06016	0.00233	0.00407	0.00382	0.59984	0.00759	0.05122	0.02565	0.00728	0.23804
1.00000	0.00281	0.03756	0.57928	0.07427	0.00288	0.00498	0.00200	0.00823	0.28604	0.00195
1.00000	0.01604	0.03917	0.75647	0.05822	0.03019	0.01487	0.04329	0.00093	0.03565	0.00517
1.00000	0.00462	0.09610	0.02534	0.30151	0.02376	0.08561	0.03060	0.01617	0.35274	0.06355
